$SPEC_ID:
No sample description was entered.
$SPEC_REM:
DET# 1
DETDESC# SPACESCIENCE7 digiBASE-RH SN 15121435
AP# Maestro Version 7.01
$DATE_MEA:
10/22/2018 17:36:53
$MEAS_TIM:
200 200
$DATA:
0 1023
       0
       0
       0
       0
       0
       0
       0
       0
       0
       0
      31
    4443
   11746
    9385
    6765
    6157
    6645
    8489
   11616
   15465
   21406
   27587
   32107
   32226
   26562
   17589
   10013
    4908
    2403
    1272
     827
     615
     467
     456
     407
     429
     406
     397
     415
     372
     371
     347
     353
     326
     283
     320
     289
     335
     277
     288
     270
     229
     246
     240
     231
     229
     208
     208
     211
     207
     210
     198
     177
     174
     173
     172
     161
     153
     154
     157
     164
     146
     138
     149
     122
     129
     119
     124
     112
     131
     126
     126
     112
     128
     106
     120
     112
      87
      84
     102
      95
      92
      98
      95
      77
      78
      73
      67
      89
      83
      83
      67
      66
      64
      65
      65
      50
      66
      47
      64
      52
      53
      57
      51
      45
      42
      46
      55
      48
      47
      49
      37
      41
      42
      49
      45
      44
      41
      37
      39
      38
      39
      42
      43
      40
      30
      40
      29
      30
      31
      25
      24
      31
      32
      25
      25
      24
      28
      34
      33
      34
      17
      15
      23
      32
      28
      21
      30
      29
      11
      24
      18
      23
      21
      23
      17
      20
      21
      13
      24
      19
      30
      14
      21
      21
      12
      18
      23
      17
      22
      24
      21
      19
      26
      16
      14
      14
      18
      19
      20
      11
      23
      12
      12
       9
      12
      24
      24
      12
      22
      15
      12
      22
      25
      20
      12
      15
      17
       7
      20
      18
      17
      18
      12
      16
      23
      19
      12
      11
      13
      14
      16
      14
      17
      14
      17
       2
      13
       5
       8
      10
      14
      11
      13
       7
      15
      10
      11
       9
       7
       3
      13
      14
      10
       3
       5
       9
       9
       8
       9
       5
      18
      11
      13
      10
       9
       9
       6
       8
      12
       7
       8
      10
       6
      12
      12
       7
       5
      11
       8
      12
       7
       9
      11
       8
       8
       6
      12
       8
       6
      11
       8
       8
       9
       9
       7
       8
       7
       9
      11
      11
       8
       9
      10
      12
      13
      12
       7
      14
       9
       5
       6
       5
       5
       8
       9
      10
       7
       8
       4
      11
       5
       9
       8
       7
       8
      10
       5
      12
       5
       8
       8
       4
       6
       5
       7
       5
      10
       6
       4
       6
       6
       5
       4
       7
       7
       8
       2
       7
       3
       4
       7
       6
       6
       5
       7
       7
       6
       6
       5
       2
       7
       6
       4
       4
       8
       2
       8
       6
       2
       5
       7
       8
       5
       7
       8
       7
      12
       4
       7
       5
       7
       7
       7
       7
       1
       4
       4
       6
       9
       6
       7
       2
       6
       7
       2
       6
       9
       4
       5
       3
       5
       5
       0
       9
       3
       3
       1
       5
       3
       4
       9
       4
       6
       7
       3
       5
       0
       4
       7
       5
       4
       2
       5
       0
       1
       1
       4
       1
       1
       2
       1
       4
       1
       6
       1
       2
       4
       4
       5
       1
       2
       3
       2
       6
       2
       3
       3
       3
       4
       1
       3
       2
       5
       4
       2
       5
       2
       3
       4
       4
       4
       6
       3
       1
       7
       7
       8
       7
       8
      11
      11
       3
       4
       6
       4
       4
       2
       7
       7
       3
       5
       4
       4
      10
       5
       7
       5
       4
       8
       6
       5
       3
       8
       4
       2
       4
       0
       4
       1
       8
       2
       2
       2
       5
       1
       2
       4
       1
       1
       5
       1
       3
       2
       1
       0
       4
       1
       3
       4
       1
       1
       3
       1
       3
       0
       2
       1
       1
       1
       2
       0
       2
       1
       2
       1
       2
       1
       5
       3
       1
       2
       1
       0
       0
       0
       0
       0
       1
       2
       3
       0
       2
       0
       1
       1
       1
       1
       2
       0
       1
       1
       2
       1
       1
       0
       3
       2
       0
       0
       1
       0
       2
       0
       1
       0
       1
       1
       1
       2
       1
       3
       1
       1
       1
       0
       1
       1
       1
       1
       0
       2
       0
       0
       1
       1
       1
       1
       1
       0
       0
       1
       0
       0
       1
       1
       0
       1
       2
       0
       1
       0
       1
       1
       1
       0
       0
       0
       0
       0
       1
       2
       3
       0
       0
       0
       1
       1
       0
       1
       0
       2
       0
       0
       0
       0
       1
       0
       0
       0
       0
       0
       1
       0
       1
       0
       1
       0
       0
       0
       0
       0
       0
       0
       0
       1
       2
       0
       0
       1
       0
       1
       0
       0
       1
       0
       1
       0
       2
       0
       0
       0
       0
       1
       0
       2
       1
       0
       1
       0
       0
       1
       0
       1
       0
       1
       1
       0
       0
       0
       0
       0
       0
       0
       0
       0
       2
       1
       1
       1
       0
       0
       0
       1
       1
       1
       1
       0
       0
       0
       1
       0
       0
       0
       1
       1
       1
       1
       0
       0
       1
       1
       0
       0
       1
       0
       1
       1
       1
       2
       1
       0
       0
       0
       3
       0
       0
       1
       1
       0
       0
       0
       1
       0
       0
       0
       1
       1
       0
       1
       0
       1
       0
       0
       0
       0
       0
       1
       0
       1
       0
       1
       1
       0
       0
       0
       0
       0
       0
       1
       0
       1
       1
       0
       0
       1
       0
       0
       1
       0
       1
       0
       0
       0
       0
       0
       1
       0
       0
       0
       1
       1
       0
       0
       1
       1
       0
       0
       0
       2
       1
       0
       0
       0
       0
       0
       0
       1
       0
       1
       0
       1
       1
       0
       0
       0
       0
       0
       0
       0
       0
       1
       0
       1
       2
       0
       0
       0
       0
       0
       0
       0
       0
       0
       0
       0
       1
       0
       0
       0
       0
       0
       0
       0
       1
       0
       1
       0
       0
       0
       0
       1
       0
       0
       1
       0
       0
       0
       0
       0
       0
       0
       1
       1
       0
       0
       0
       0
       0
       0
       0
       0
       0
       0
       0
       0
       0
       0
       0
       0
       0
       0
       0
       0
       0
       1
       0
       1
       0
       0
       0
       0
       0
       0
       0
       0
       0
       0
       0
       0
       0
       0
       0
       0
       0
       1
       0
       0
       0
       1
       0
       0
       0
       0
       0
       0
       0
       0
       0
       0
       0
       0
       0
       0
       0
       0
       0
       0
       0
       0
       0
       0
       0
       0
       0
       0
       1
       0
       0
       0
       0
       0
       0
       1
       0
       0
       0
       0
       0
       0
       0
       0
       0
       0
       0
       0
       0
       0
       0
       0
       1
       0
       0
       0
       0
       0
       0
       0
       0
       0
       0
       1
       0
       0
       0
       0
       0
       0
       0
       0
       0
       0
       0
       0
       0
       0
       0
       1
       0
       0
       0
       0
       0
       0
       0
       0
       0
       1
       0
       0
       1
       0
       0
       0
       0
       0
       0
       0
       0
       0
       0
       0
       0
       0
       0
       0
       0
       0
       1
       0
       0
       0
       0
       0
       0
       0
       0
       0
       0
       0
       0
       0
       0
       0
$ROI:
0
$PRESETS:
Live Time
200
0
$ENER_FIT:
2.582191 3.337790
$MCA_CAL:
3
2.582191E+000 3.337790E+000 -4.023110E-005 keV
$SHAPE_CAL:
3
0.000000E+000 0.000000E+000 0.000000E+000
