$SPEC_ID:
No sample description was entered.
$SPEC_REM:
DET# 1
DETDESC# SPACESCIENCE7 digiBASE-RH SN 15121435
AP# Maestro Version 7.01
$DATE_MEA:
10/22/2018 17:30:06
$MEAS_TIM:
200 200
$DATA:
0 1023
       0
       0
       0
       0
       0
       0
       0
       0
       0
       0
      25
    4212
   11252
    9120
    6309
    5341
    5469
    6773
    9139
   12754
   17522
   23633
   28967
   30233
   26366
   18722
   11228
    6069
    3334
    2067
    1257
     887
     583
     488
     413
     420
     385
     378
     367
     380
     324
     356
     364
     307
     302
     295
     319
     282
     264
     257
     258
     254
     251
     235
     232
     257
     172
     248
     184
     215
     178
     206
     201
     178
     166
     178
     174
     173
     148
     173
     169
     151
     156
     162
     142
     120
     133
     147
     130
     127
     119
     123
     113
     119
     108
     109
     112
     105
     100
     105
     106
      77
      75
      70
      76
      72
      70
      86
      78
      87
      89
      62
      66
      70
      72
      65
      72
      63
      58
      60
      55
      49
      45
      61
      53
      51
      59
      50
      51
      39
      47
      51
      54
      49
      49
      39
      50
      31
      29
      34
      38
      41
      48
      37
      27
      35
      34
      27
      29
      34
      35
      27
      22
      23
      15
      28
      16
      23
      32
      29
      26
      24
      18
      26
      24
      21
      20
      24
      32
      18
      23
      27
      21
      18
      19
      23
      17
      17
      24
      18
      18
      11
      19
      20
      22
      26
      22
      15
      25
      18
      23
      19
      13
      23
      15
       9
      19
      19
      14
      17
      21
      17
      14
      22
      17
      12
      14
      18
      23
      11
      16
      12
      21
      19
      18
      20
      20
      19
      14
      16
      12
      16
      12
      20
      15
      13
      16
      11
       9
      12
      10
      12
      10
      17
       7
      15
      11
      15
       6
      15
      11
      12
      10
      10
      11
       7
       9
       5
       5
       9
      11
       5
       7
       9
      13
       5
       7
       4
       9
       9
       9
       9
      13
      10
       9
      14
       8
      17
      11
       7
      10
      10
       9
       8
       5
      10
       9
       4
      11
       8
       6
       9
       7
       7
      11
       8
       9
       8
       4
      11
       8
       9
       9
      10
      11
       8
       7
      12
       7
       7
      12
       9
       7
       9
       9
       6
       5
       6
       9
       9
      11
       8
       7
       7
       6
       7
       6
       6
       7
       3
       5
       9
       6
      10
       9
       6
       6
       3
       5
       8
       8
       4
       6
       6
       8
      12
      10
       0
       2
       9
       8
       4
       4
       3
       3
       3
       6
       6
       7
       4
       5
       5
       7
       4
       5
       7
       8
       2
       7
       3
       2
       3
       7
       8
       7
       6
       4
       4
       8
      11
       7
       5
       1
       9
       3
       4
       5
      10
       6
       5
      11
       4
       4
       6
       4
       3
       5
       1
       2
       3
       9
       3
       7
       5
       3
       6
       6
       6
       4
       3
       4
       6
       3
      10
       3
       3
       6
       4
       5
       4
       5
       5
       4
       1
       3
       5
       4
       2
       5
       2
       2
       5
       7
       2
       3
       3
       3
       3
       2
       3
       3
       3
       5
       4
       3
       3
       1
       3
       2
       2
       4
       3
       2
       2
       4
       5
       3
       0
       6
       2
       2
       3
       3
       0
       3
       7
       0
       6
       1
       5
       1
       8
       1
       2
       2
       2
       4
       5
       8
       5
       7
       4
       5
       4
       5
       8
       3
      11
       8
       3
       3
       3
       8
       6
       3
       3
       7
       5
       8
       2
       6
       4
       4
       3
       3
       5
       1
       4
       5
       0
       5
       3
       3
       2
       2
       2
       5
       2
       1
       4
       3
       3
       2
       2
       0
       2
       5
       1
       2
       0
       3
       3
       1
       1
       2
       0
       0
       1
       1
       1
       2
       0
       1
       1
       1
       1
       1
       1
       0
       1
       2
       1
       3
       0
       0
       2
       0
       2
       1
       2
       0
       3
       1
       1
       1
       0
       1
       1
       0
       0
       2
       1
       2
       0
       0
       1
       0
       1
       1
       1
       1
       1
       0
       1
       3
       2
       2
       0
       0
       0
       0
       1
       0
       0
       0
       0
       0
       1
       2
       1
       1
       1
       1
       2
       1
       0
       1
       1
       1
       0
       0
       1
       1
       0
       1
       1
       0
       0
       0
       0
       0
       0
       1
       0
       1
       0
       2
       0
       0
       0
       0
       0
       0
       2
       1
       3
       1
       0
       1
       0
       1
       0
       0
       0
       0
       0
       1
       1
       0
       0
       1
       0
       0
       0
       1
       0
       0
       0
       1
       2
       0
       0
       2
       0
       1
       2
       1
       0
       0
       0
       0
       0
       0
       0
       0
       0
       0
       0
       0
       0
       0
       1
       0
       0
       2
       1
       1
       0
       0
       0
       2
       0
       0
       2
       1
       0
       1
       0
       0
       1
       0
       1
       1
       0
       0
       1
       0
       0
       0
       1
       1
       0
       0
       0
       0
       0
       0
       1
       0
       0
       0
       0
       0
       0
       0
       0
       1
       0
       0
       0
       0
       0
       2
       0
       0
       0
       1
       0
       0
       0
       0
       0
       0
       0
       1
       0
       1
       2
       0
       0
       0
       0
       0
       2
       0
       2
       0
       1
       0
       0
       0
       0
       0
       0
       0
       1
       0
       0
       0
       1
       1
       0
       0
       0
       0
       0
       0
       1
       1
       0
       0
       0
       0
       0
       1
       1
       0
       0
       0
       0
       0
       0
       0
       0
       0
       0
       0
       1
       0
       0
       0
       1
       1
       0
       0
       0
       1
       1
       1
       0
       0
       0
       0
       0
       0
       0
       0
       0
       0
       0
       0
       0
       0
       0
       1
       2
       0
       1
       1
       0
       1
       1
       0
       0
       1
       2
       0
       1
       1
       0
       0
       0
       0
       0
       0
       0
       0
       0
       0
       0
       0
       0
       0
       0
       0
       0
       0
       0
       0
       0
       0
       0
       1
       0
       1
       0
       1
       0
       0
       0
       1
       0
       0
       0
       0
       0
       0
       0
       0
       0
       0
       0
       0
       0
       0
       0
       0
       0
       1
       0
       1
       0
       0
       0
       0
       0
       2
       0
       0
       0
       0
       0
       0
       0
       0
       0
       0
       0
       0
       0
       0
       0
       0
       0
       0
       0
       0
       0
       0
       0
       1
       0
       1
       0
       0
       0
       0
       0
       0
       0
       0
       0
       0
       0
       0
       0
       0
       0
       0
       0
       0
       0
       0
       0
       0
       0
       0
       0
       0
       0
       0
       0
       0
       0
       0
       0
       0
       0
       1
       0
       0
       0
       0
       0
       0
       0
       0
       0
       0
       0
       0
       0
       0
       0
       0
       0
       0
       0
       0
       0
       0
       0
       1
       0
       0
       0
       0
       0
       0
       0
       0
       0
       0
       0
       0
       1
       0
       0
       0
       0
       0
       0
       0
       0
       0
       0
       0
       0
       1
       0
       0
       0
       0
       0
       0
       0
       0
       0
       0
       1
       1
       0
       0
       1
       0
       0
       0
       0
       0
       0
       0
       0
       0
       0
       0
       0
       1
       0
       0
       0
       0
       0
       0
       0
$ROI:
0
$PRESETS:
Live Time
200
0
$ENER_FIT:
2.582191 3.337790
$MCA_CAL:
3
2.582191E+000 3.337790E+000 -4.023110E-005 keV
$SHAPE_CAL:
3
0.000000E+000 0.000000E+000 0.000000E+000
