$SPEC_ID:
No sample description was entered.
$SPEC_REM:
DET# 1
DETDESC# SPACESCIENCE7 digiBASE-RH SN 15121435
AP# Maestro Version 7.01
$DATE_MEA:
10/22/2018 17:53:05
$MEAS_TIM:
200 200
$DATA:
0 1023
       0
       0
       0
       0
       0
       0
       0
       0
       0
       0
      23
    3839
   10558
   10314
    9530
    9268
    9660
   10086
   12120
   14800
   18744
   22989
   25936
   25762
   21428
   15093
    8852
    4676
    2348
    1295
     694
     467
     430
     379
     395
     419
     407
     382
     386
     344
     356
     335
     331
     308
     335
     312
     302
     268
     299
     259
     258
     249
     264
     254
     206
     212
     228
     215
     201
     201
     188
     215
     182
     178
     199
     172
     180
     169
     160
     151
     133
     131
     139
     147
     126
     159
     145
     128
     142
     125
     125
     113
     108
     121
     117
     125
     104
      99
      94
     100
      85
      98
      93
      80
      92
      76
      77
      80
      71
      77
      60
      74
      76
      60
      46
      59
      52
      63
      61
      70
      55
      58
      49
      62
      73
      47
      52
      54
      59
      64
      40
      61
      46
      46
      53
      33
      44
      41
      43
      33
      22
      27
      31
      28
      32
      30
      34
      43
      39
      26
      33
      31
      35
      28
      20
      26
      21
      26
      18
      27
      22
      24
      21
      23
      28
      26
      26
      27
      25
      23
      25
      21
      21
      27
      18
      15
      19
      17
      13
      17
      17
      20
      30
      23
      13
      18
      16
      10
      19
      18
      18
      20
      19
      10
      21
      16
      18
      27
      17
      17
      20
      19
      24
      20
      17
      15
      14
      18
      17
      19
      16
      18
      27
      22
      12
      22
      22
      12
      22
      16
      16
       7
      16
      11
      17
      15
      16
      16
       9
      12
       8
      12
       4
       9
      13
       4
      15
      17
      12
      12
       7
      11
      12
      10
       6
       7
      11
       9
       7
      10
      14
      11
      14
      10
      12
      11
      12
       7
       9
      12
      11
      10
       5
       7
      11
      14
      11
       7
      10
      14
      10
      10
       7
      10
      13
       2
       6
      10
       5
       8
      13
      13
       4
       5
      12
       8
      11
       6
       6
       4
       4
       7
       5
      10
       5
       9
       8
      11
       5
      10
      11
      15
       9
       9
       5
       6
       4
       6
       5
       5
      11
       5
      13
       7
      13
       5
       3
       3
       6
       9
       9
       8
       8
       9
       5
       8
       4
       6
       9
       5
       1
       7
       8
       9
       7
       4
       8
       4
       4
       9
       5
       7
       7
      11
       6
       4
       6
       4
       7
       5
       8
       7
       7
       4
       8
       9
       7
       4
       7
       7
      10
       3
       7
       8
       8
       8
       8
       6
       7
       7
       5
       7
       6
       6
       5
       5
       5
       9
       5
       6
       6
      10
       8
       5
       7
       5
       6
       2
       6
       7
       3
       6
       5
      11
       4
       6
       5
       7
       6
       4
       3
       5
       5
       4
       3
       6
       7
       4
       2
       4
       8
       4
       1
       6
       4
       3
       4
       6
       3
       4
       6
       5
       2
       5
       2
       1
       3
       2
       0
       3
       7
       5
       6
       0
       3
       1
       2
       1
       4
       2
       1
       1
       2
       4
       1
       2
       5
       2
       5
       3
       4
       2
       7
       1
       5
       3
       2
       5
       3
       5
       4
       6
       2
       4
       6
       4
       5
       8
       6
       5
      10
       2
       3
       5
       4
       7
       7
      10
       5
      10
       5
       4
       5
      10
       4
       3
      11
       4
       9
       2
       6
       5
       7
       5
       4
       4
       8
       5
       3
       4
       2
       2
       4
       4
       4
       4
       1
       1
       2
       5
       3
       3
       2
       3
       5
       0
       4
       2
       3
       3
       1
       3
       1
       1
       1
       2
       5
       1
       1
       4
       2
       1
       2
       2
       1
       1
       0
       1
       0
       1
       1
       1
       1
       1
       0
       1
       0
       3
       2
       3
       3
       0
       1
       0
       1
       1
       2
       1
       1
       2
       0
       2
       1
       0
       2
       0
       1
       0
       1
       1
       0
       2
       0
       0
       0
       2
       1
       1
       0
       0
       5
       0
       0
       0
       0
       0
       1
       1
       2
       1
       0
       2
       2
       0
       2
       0
       1
       0
       0
       2
       0
       0
       0
       0
       0
       0
       0
       0
       1
       0
       1
       3
       0
       1
       2
       0
       0
       0
       1
       0
       0
       1
       0
       0
       0
       0
       1
       3
       1
       0
       0
       1
       0
       0
       0
       0
       1
       0
       0
       1
       1
       1
       1
       0
       1
       0
       1
       1
       0
       1
       0
       0
       1
       1
       1
       1
       0
       2
       0
       2
       0
       1
       0
       1
       0
       1
       1
       0
       1
       0
       1
       1
       0
       1
       0
       0
       0
       0
       0
       0
       0
       0
       0
       0
       0
       0
       1
       0
       0
       0
       0
       1
       1
       0
       0
       1
       3
       0
       0
       0
       1
       0
       0
       0
       0
       0
       0
       0
       0
       0
       0
       0
       1
       0
       0
       0
       1
       0
       1
       0
       1
       3
       0
       0
       0
       0
       0
       0
       0
       0
       0
       0
       0
       1
       0
       0
       1
       0
       0
       2
       1
       1
       0
       0
       0
       0
       0
       0
       0
       0
       0
       1
       0
       0
       0
       0
       1
       0
       0
       0
       2
       0
       0
       0
       0
       0
       0
       0
       0
       0
       0
       0
       0
       0
       1
       0
       0
       0
       0
       0
       0
       0
       0
       0
       0
       1
       0
       0
       0
       0
       0
       0
       0
       0
       0
       1
       0
       0
       0
       0
       1
       0
       0
       0
       0
       0
       0
       0
       0
       1
       0
       0
       0
       1
       1
       0
       0
       1
       0
       0
       0
       0
       0
       1
       0
       0
       2
       1
       0
       0
       0
       0
       0
       0
       0
       0
       0
       0
       1
       1
       0
       0
       1
       0
       0
       1
       0
       0
       0
       0
       2
       0
       0
       0
       1
       0
       1
       0
       0
       0
       0
       0
       0
       0
       0
       0
       0
       0
       0
       0
       0
       0
       2
       0
       0
       0
       0
       0
       0
       0
       0
       0
       0
       0
       0
       0
       0
       0
       0
       0
       0
       0
       0
       0
       0
       0
       0
       0
       1
       0
       1
       0
       1
       0
       0
       0
       0
       0
       1
       0
       0
       0
       0
       0
       0
       0
       0
       0
       0
       0
       0
       0
       0
       0
       0
       0
       0
       0
       0
       0
       0
       0
       1
       0
       0
       0
       0
       0
       0
       0
       0
       0
       0
       0
       0
       0
       0
       0
       0
       0
       0
       0
       0
       0
       0
       0
       0
       0
       0
       0
       0
       0
       1
       0
       0
       0
       0
       0
       0
       0
       0
       0
       0
       0
       0
       0
       0
       0
       0
       0
       0
       0
       0
       0
       0
       0
       0
       0
       0
       0
       0
       1
       0
       0
       0
       0
       0
       0
       0
       1
       0
       0
       0
       0
       0
       0
       0
       0
       0
       0
       0
       0
       0
       0
       0
       0
       0
       0
       0
       1
       0
       0
       0
       0
       0
       0
       0
       0
       0
       0
       0
       0
       0
       0
$ROI:
0
$PRESETS:
Live Time
200
0
$ENER_FIT:
2.582191 3.337790
$MCA_CAL:
3
2.582191E+000 3.337790E+000 -4.023110E-005 keV
$SHAPE_CAL:
3
0.000000E+000 0.000000E+000 0.000000E+000
