$SPEC_ID:
No sample description was entered.
$SPEC_REM:
DET# 1
DETDESC# SPACESCIENCE7 digiBASE-RH SN 15121435
AP# Maestro Version 7.01
$DATE_MEA:
10/22/2018 17:04:48
$MEAS_TIM:
200 200
$DATA:
0 1023
       0
       0
       0
       0
       0
       0
       0
       0
       0
       0
      11
    3180
    8396
    6769
    4329
    3107
    3169
    4126
    5662
    8413
   12233
   17873
   23430
   26831
   25198
   19594
   12867
    7857
    4801
    3036
    1895
    1167
     755
     560
     453
     409
     375
     363
     373
     374
     335
     352
     309
     316
     344
     329
     334
     278
     265
     286
     270
     225
     223
     241
     213
     228
     216
     214
     195
     193
     185
     207
     182
     181
     185
     171
     154
     176
     161
     165
     170
     140
     159
     130
     121
     134
     144
     129
     133
     138
     133
     127
     115
     108
     106
      87
      85
      85
     104
      90
      82
      82
      88
      80
      91
      73
      82
      66
      66
      74
      72
      98
      72
      70
      69
      70
      79
      68
      54
      57
      56
      66
      59
      62
      48
      54
      56
      54
      55
      52
      43
      36
      39
      36
      44
      42
      46
      29
      32
      35
      32
      34
      42
      43
      29
      27
      33
      27
      26
      44
      35
      32
      35
      37
      24
      20
      24
      34
      31
      34
      35
      24
      16
      20
      23
      17
      18
      21
      19
      17
      24
      30
      16
      27
      23
      21
      24
      20
      35
      19
      14
      17
      20
      18
      23
      16
      21
      14
      21
      19
      20
      13
      16
      16
      22
      16
      14
      18
      13
      15
      22
      19
      13
      13
      23
      15
      20
       9
      13
      21
      19
      15
      12
      15
      24
      18
      21
      16
      10
      13
      17
      18
      17
      17
      24
      25
       8
       8
      16
      15
       9
      15
      11
       9
      12
       9
      12
       8
      11
      12
      12
      14
       9
       8
      11
      12
      12
      13
      10
       8
      13
       5
       9
      12
      14
       7
       6
       7
       7
       6
      11
      11
       9
      11
      10
       6
       8
      12
      12
       8
      10
       9
      16
       9
       5
      10
       9
       6
       8
       7
       8
       8
      12
      12
       5
       6
      14
       6
       6
       7
      14
       6
       7
      10
       6
      10
       5
      11
       7
       6
      12
       6
      12
       9
      19
       7
       8
       7
       9
       7
       6
       9
       7
       6
       4
       3
       2
       6
       5
       2
       5
       8
       8
       7
       5
       7
      10
       7
       9
       8
       4
       7
       4
       8
       5
       6
       4
       6
      10
       5
       6
       8
       7
       6
       5
       8
       9
       1
       6
       3
       4
       8
       7
       7
       2
      10
       3
       8
       3
       5
       4
       5
       5
       5
       5
       7
       9
       7
       3
       4
       8
       5
       7
       4
       5
       3
       7
       9
       9
      12
       8
       4
       6
       7
       6
       7
      10
       3
       7
       3
       3
      12
       6
       5
       6
       4
       3
       8
       6
       9
       4
       7
       5
       5
       7
       9
       1
       4
       8
       2
       9
       4
       6
       3
       2
       7
       6
       4
       3
       2
       3
       3
       2
       4
       6
       3
       1
       2
       6
       2
       4
       6
       0
       7
       3
       2
       5
       6
       3
       1
       4
       6
       5
       1
       4
       4
       4
       5
       5
       1
       3
       2
       7
       4
       2
       4
       6
       3
       2
       5
       3
       5
       7
       3
       8
       4
       6
       5
       3
       8
       5
       2
       3
       6
       4
       9
       6
       6
       7
       5
       9
       5
       6
       6
       7
       6
       6
       4
      11
       7
       6
       7
       2
       5
       5
       4
       3
       0
       2
       7
       4
       5
       4
       4
       3
       3
       1
       1
       5
       1
       3
       1
       1
       0
       2
       0
       0
       2
       1
       3
       2
       1
       2
       1
       1
       0
       2
       1
       2
       0
       0
       1
       1
       3
       0
       1
       2
       1
       2
       0
       0
       2
       0
       3
       1
       0
       0
       1
       1
       0
       2
       0
       0
       0
       1
       1
       0
       0
       1
       1
       1
       1
       0
       1
       2
       1
       0
       3
       3
       2
       2
       1
       1
       2
       1
       1
       2
       0
       1
       0
       3
       0
       1
       1
       1
       2
       0
       1
       0
       1
       2
       0
       0
       0
       1
       0
       1
       2
       0
       0
       1
       1
       2
       1
       1
       0
       2
       0
       0
       0
       1
       0
       0
       0
       1
       1
       0
       3
       1
       2
       0
       0
       2
       3
       1
       0
       1
       0
       1
       0
       0
       0
       0
       0
       0
       0
       0
       0
       0
       1
       1
       1
       0
       0
       0
       0
       0
       0
       0
       0
       1
       0
       1
       0
       0
       0
       1
       0
       0
       0
       0
       1
       0
       0
       1
       0
       0
       0
       0
       0
       0
       0
       1
       0
       0
       0
       0
       0
       1
       0
       1
       0
       2
       0
       1
       0
       2
       0
       0
       0
       0
       1
       0
       1
       1
       1
       0
       0
       0
       0
       1
       0
       0
       0
       0
       0
       0
       1
       0
       0
       0
       1
       1
       0
       0
       1
       0
       1
       0
       0
       0
       1
       1
       0
       0
       1
       1
       0
       0
       0
       1
       0
       0
       2
       0
       1
       0
       0
       0
       1
       1
       0
       1
       0
       0
       1
       0
       0
       0
       0
       0
       0
       1
       0
       0
       0
       0
       0
       1
       0
       0
       0
       0
       0
       0
       0
       0
       0
       0
       0
       0
       1
       0
       0
       0
       0
       0
       0
       0
       0
       0
       0
       0
       0
       0
       0
       1
       0
       0
       1
       0
       1
       0
       0
       0
       1
       0
       0
       2
       0
       0
       0
       1
       1
       0
       1
       1
       0
       0
       0
       0
       0
       0
       0
       0
       0
       0
       0
       0
       2
       0
       1
       0
       0
       0
       0
       0
       0
       0
       0
       1
       0
       0
       1
       0
       0
       0
       1
       0
       0
       0
       0
       0
       1
       0
       0
       0
       0
       0
       0
       0
       0
       0
       0
       0
       0
       1
       0
       0
       0
       0
       0
       0
       0
       0
       0
       0
       1
       0
       0
       0
       0
       0
       0
       0
       0
       1
       0
       0
       0
       0
       0
       0
       0
       1
       0
       0
       0
       0
       0
       0
       0
       0
       0
       0
       0
       0
       0
       0
       1
       0
       0
       0
       1
       0
       0
       0
       0
       0
       0
       0
       0
       0
       0
       0
       0
       1
       0
       1
       0
       0
       0
       0
       0
       0
       0
       0
       0
       0
       0
       0
       0
       0
       0
       0
       0
       0
       1
       0
       0
       0
       0
       0
       0
       0
       0
       0
       0
       0
       0
       0
       0
       0
       0
       0
       0
       0
       0
       0
       0
       0
       0
       0
       0
       0
       0
       0
       1
       0
       1
       0
       0
       0
       0
       0
       0
       0
       0
       0
       0
       0
       0
       0
       0
       0
       0
       0
       0
       0
       0
       0
       0
       0
       0
       0
       0
       0
       0
       0
       0
       0
       0
       0
       0
       0
       0
       0
       0
       0
       0
       0
       0
       0
       0
       0
       0
       0
       0
       0
       0
       0
       0
       0
       0
       0
       0
       0
       0
       0
       0
       0
       0
       0
       0
$ROI:
0
$PRESETS:
Live Time
200
0
$ENER_FIT:
2.582191 3.337790
$MCA_CAL:
3
2.582191E+000 3.337790E+000 -4.023110E-005 keV
$SHAPE_CAL:
3
0.000000E+000 0.000000E+000 0.000000E+000
