$SPEC_ID:
No sample description was entered.
$SPEC_REM:
DET# 1
DETDESC# SPACESCIENCE7 digiBASE-RH SN 15121435
AP# Maestro Version 7.01
$DATE_MEA:
10/22/2018 16:48:59
$MEAS_TIM:
200 200
$DATA:
0 1023
       0
       0
       0
       0
       0
       0
       0
       0
       0
       0
      25
    4310
   11983
    9943
    7298
    5894
    6136
    7017
    9182
   12513
   16784
   22592
   27921
   29855
   27316
   21055
   13656
    8056
    4843
    2960
    1890
    1233
     805
     640
     459
     412
     446
     406
     385
     376
     357
     344
     320
     346
     324
     300
     300
     284
     297
     259
     255
     246
     241
     258
     253
     204
     200
     243
     192
     175
     193
     162
     184
     197
     161
     157
     202
     191
     142
     164
     158
     154
     137
     165
     123
     136
     125
     113
     132
     134
     132
     127
     120
     102
     111
     102
      87
     118
      82
      97
      76
     101
      76
      94
      80
      93
      82
      66
      73
      71
      72
      75
      66
      64
      57
      60
      59
      50
      61
      63
      47
      52
      59
      59
      56
      45
      66
      53
      57
      44
      45
      46
      47
      40
      48
      38
      44
      41
      42
      46
      41
      47
      35
      40
      29
      35
      24
      30
      24
      35
      23
      22
      24
      30
      24
      27
      27
      24
      26
      32
      30
      25
      26
      26
      25
      30
      22
      22
      28
      28
      13
      28
      21
      26
      15
      25
      20
      20
      19
      20
      29
      12
      23
      17
      20
      12
      19
      16
      21
      17
      20
      14
      13
      20
      11
       9
      18
      14
      15
      17
      14
      15
      11
      18
      14
      17
      17
      19
      14
      20
      16
      19
      23
      20
      17
      22
      12
      16
      16
      14
      15
      13
      12
      23
      15
      18
      21
      12
       9
      18
      14
      11
      14
      17
      11
      12
       7
      15
       9
      15
      10
      11
      17
      11
      10
      11
      16
       6
       7
       4
       6
       3
       9
      11
       7
       6
      10
       9
       8
       5
      10
       8
      11
       7
       8
      12
       5
      11
       5
       9
       6
      11
       6
      10
      14
       4
       9
      10
       6
       6
       6
       7
       5
      11
       9
       5
      13
      11
       3
       8
      10
       7
       6
      10
       7
      11
       7
       3
      12
      12
       4
      11
       7
       2
       5
       8
       8
      13
       3
      10
       5
      13
       6
       6
       7
       6
       8
      10
       3
      13
      12
       6
       8
       9
       8
       4
       9
       6
       6
       5
       8
      13
       6
       4
       9
       4
       8
       5
       8
       7
       7
       5
       2
       7
       5
       5
       6
       6
       7
       5
       9
       4
       4
       4
       5
       7
       5
       7
       4
      11
       5
       6
       8
       5
       9
       8
       8
       4
       6
       4
       8
       8
       6
       3
       9
       4
       6
       8
       9
       8
       3
       6
       4
       3
       4
       3
       6
       4
       8
       4
       4
       6
       2
       6
       1
       5
       2
       6
       8
       7
       6
       3
       5
       3
       4
       8
       7
       5
       6
       2
       0
       6
       4
       5
       2
       2
       5
       5
       3
       4
       2
       4
       1
       5
       5
       3
       3
       2
       5
       5
       6
       5
       5
       5
       5
       3
       1
       1
       5
       3
       3
       2
       5
       2
       1
       1
       2
       3
       2
       2
       5
       2
       5
       2
       2
       3
       3
       0
       6
       2
       0
       3
       1
       3
       4
       6
       7
       5
       3
       2
       6
       8
       9
       9
       4
       4
       5
       5
       5
       5
      10
       9
       6
       4
       2
       7
       6
       4
       4
       8
       4
       4
       7
       1
       1
       8
       4
       2
       4
       4
       3
       1
       1
       2
       2
       2
       4
       4
       2
       0
       4
       2
       2
       0
       5
       5
       2
       6
       2
       4
       0
       0
       2
       1
       1
       2
       1
       3
       2
       0
       3
       1
       1
       0
       0
       2
       1
       2
       1
       0
       2
       0
       2
       2
       1
       1
       1
       0
       0
       0
       1
       0
       1
       2
       1
       0
       1
       1
       3
       1
       2
       2
       3
       0
       1
       1
       2
       1
       1
       1
       1
       2
       1
       1
       1
       1
       1
       0
       4
       1
       1
       0
       0
       0
       1
       1
       2
       0
       1
       3
       2
       0
       0
       1
       1
       0
       2
       1
       0
       0
       0
       0
       1
       1
       2
       0
       0
       1
       0
       1
       1
       0
       0
       0
       0
       2
       0
       1
       0
       0
       0
       2
       1
       0
       1
       1
       0
       0
       1
       1
       0
       0
       0
       0
       0
       0
       2
       1
       0
       0
       0
       0
       0
       0
       0
       0
       0
       0
       0
       0
       0
       1
       1
       0
       1
       2
       0
       1
       0
       1
       0
       0
       0
       2
       0
       1
       1
       0
       1
       0
       1
       1
       1
       2
       1
       0
       1
       0
       1
       1
       0
       0
       0
       1
       0
       0
       1
       2
       0
       1
       0
       1
       1
       0
       0
       1
       0
       1
       1
       0
       0
       0
       0
       0
       0
       0
       0
       0
       0
       0
       0
       0
       1
       1
       0
       0
       1
       1
       0
       0
       0
       0
       0
       1
       0
       1
       0
       2
       0
       0
       1
       0
       0
       0
       1
       0
       0
       0
       0
       0
       0
       0
       0
       0
       0
       0
       0
       0
       0
       0
       1
       0
       1
       0
       0
       0
       1
       0
       1
       0
       0
       1
       0
       0
       0
       0
       0
       0
       0
       0
       1
       0
       0
       0
       2
       0
       0
       0
       0
       1
       0
       0
       0
       0
       0
       0
       0
       0
       0
       0
       0
       0
       1
       0
       1
       1
       0
       0
       0
       1
       0
       0
       0
       0
       0
       1
       1
       0
       0
       1
       0
       0
       0
       0
       0
       0
       1
       1
       0
       0
       1
       0
       0
       0
       0
       0
       0
       0
       0
       0
       0
       1
       0
       0
       1
       0
       0
       0
       0
       0
       0
       0
       0
       0
       1
       1
       1
       0
       0
       0
       0
       0
       0
       0
       0
       0
       0
       0
       0
       0
       0
       0
       0
       0
       1
       1
       0
       0
       0
       0
       0
       0
       1
       0
       0
       0
       0
       0
       0
       0
       0
       0
       0
       1
       0
       0
       0
       1
       0
       0
       0
       0
       0
       0
       0
       0
       1
       1
       0
       1
       0
       0
       0
       0
       0
       0
       0
       0
       0
       0
       1
       0
       0
       0
       0
       0
       0
       0
       0
       0
       0
       0
       0
       0
       0
       0
       0
       0
       0
       0
       0
       0
       0
       0
       0
       0
       0
       0
       0
       0
       0
       0
       0
       0
       0
       0
       0
       0
       0
       0
       0
       0
       0
       0
       0
       1
       0
       1
       0
       0
       0
       0
       0
       0
       0
       0
       0
       0
       0
       0
       0
       0
       0
       0
       0
       0
       0
       0
       0
       0
       0
       0
       0
       0
       0
       0
       0
       0
       0
       0
       0
       0
       0
       0
       0
       0
       0
       0
       0
       0
       0
       0
       0
       0
       0
       0
       0
       0
       0
       0
       0
       0
       1
       0
       0
       0
       0
       0
       0
       0
       0
       0
       0
       0
       0
       0
       0
       0
       0
       0
       0
       0
       0
       0
$ROI:
0
$PRESETS:
Live Time
200
0
$ENER_FIT:
2.582191 3.337790
$MCA_CAL:
3
2.582191E+000 3.337790E+000 -4.023110E-005 keV
$SHAPE_CAL:
3
0.000000E+000 0.000000E+000 0.000000E+000
