$SPEC_ID:
No sample description was entered.
$SPEC_REM:
DET# 1
DETDESC# SPACESCIENCE7 digiBASE-RH SN 15121435
AP# Maestro Version 7.01
$DATE_MEA:
10/22/2018 17:47:18
$MEAS_TIM:
200 201
$DATA:
0 1023
       0
       0
       0
       0
       0
       0
       0
       0
       0
       0
      34
    4719
   12342
   10578
    8877
    8279
    9190
   10877
   13978
   18956
   25327
   32714
   37948
   37300
   29695
   19337
   10189
    4644
    1871
     891
     567
     435
     424
     420
     381
     424
     385
     426
     373
     375
     365
     368
     326
     318
     304
     319
     308
     267
     252
     250
     279
     279
     245
     230
     251
     216
     247
     197
     195
     204
     200
     174
     199
     179
     167
     172
     168
     161
     146
     145
     167
     153
     152
     142
     133
     131
     133
     143
     128
     114
     120
     121
     105
     114
     101
     101
     109
     106
     101
      77
     104
      90
      79
      87
      77
      85
      80
      72
      82
      79
      72
      80
      61
      63
      56
      68
      65
      60
      62
      51
      60
      45
      61
      48
      59
      52
      46
      57
      50
      55
      42
      39
      43
      32
      41
      41
      37
      37
      31
      46
      31
      40
      35
      45
      25
      24
      28
      33
      31
      28
      26
      28
      29
      32
      33
      30
      24
      28
      22
      27
      21
      17
      28
      25
      26
      21
      13
      26
      22
      28
      19
      21
      17
      22
      15
      24
      27
      24
      20
      17
      17
      19
      22
      20
      18
      18
      13
      22
      22
      24
      14
      19
      19
      15
      11
      19
      14
      22
       8
      17
      14
      20
      21
      21
      19
      16
      21
      14
      23
      14
      12
      18
      11
      20
      13
      19
      19
      14
      16
       9
       9
      19
      14
      20
       9
      10
      13
      12
      11
      14
      10
      11
       9
      10
       9
      11
      13
       6
      11
       5
       8
       7
      11
       9
      12
       9
      18
      12
       9
      13
      12
      10
      19
      10
      11
      10
       5
      16
       5
      17
      11
       7
       9
       7
       7
      12
      12
      14
       8
       8
       8
       9
       9
       7
       9
       8
       8
       6
       6
       7
      10
       5
      10
      11
      10
       8
      10
       9
       6
       9
       9
       4
      11
       9
       8
       4
      10
       4
      11
       5
       9
      11
       5
       8
       8
       9
       2
       4
       6
       5
       6
       7
      12
       5
       9
       6
       9
      11
       4
       6
       6
       6
      12
       2
       4
       4
       4
       9
       4
       7
       4
       6
      11
       7
      12
       9
       6
       4
       4
       5
       5
       5
       5
       4
       7
       4
       4
       6
       3
       8
       2
       3
       9
       2
       8
       5
       8
       7
       4
       6
       8
       2
       5
       4
       4
       1
       3
       8
       5
       3
       5
       7
       4
       8
       7
       7
       6
      11
       6
       4
       4
      10
       2
       9
       8
       8
       8
       7
       5
       5
      10
       5
       5
       5
       6
       4
       4
       4
       5
       8
       4
       4
       6
       4
       8
       2
       4
       6
       5
       6
       2
       7
       4
       3
       3
       5
       1
       2
       4
       5
       4
       5
       4
       3
       3
       3
       4
       3
       3
       3
       4
       5
       5
       4
       4
       1
       5
       3
       4
       1
       3
       1
       2
       8
       1
       2
       7
       3
       1
       4
       2
       3
       4
       2
       5
       5
       1
       5
       4
       5
       3
       4
       8
      10
       6
       2
       9
       6
       6
       3
       4
       3
       5
      11
       4
      10
       8
       6
       5
       7
       7
       7
       4
       5
       6
       8
       3
       4
       4
       8
       3
      11
       7
       7
       3
       2
       3
       5
       5
       2
       3
       4
       3
       4
       6
       1
       2
       3
       4
       2
       0
       0
       3
       4
       2
       3
       0
       0
       3
       3
       1
       2
       1
       0
       1
       3
       1
       2
       2
       2
       1
       3
       2
       0
       1
       0
       1
       2
       2
       1
       2
       0
       1
       1
       0
       1
       2
       0
       2
       1
       2
       0
       0
       1
       0
       0
       1
       1
       1
       0
       1
       3
       0
       2
       3
       1
       2
       4
       1
       1
       1
       0
       0
       1
       1
       2
       1
       0
       4
       2
       1
       2
       0
       1
       1
       1
       4
       0
       0
       0
       3
       1
       1
       0
       0
       0
       1
       2
       0
       1
       0
       0
       0
       1
       0
       2
       1
       1
       0
       2
       0
       0
       0
       0
       0
       1
       0
       0
       1
       1
       0
       1
       0
       2
       0
       1
       0
       2
       0
       0
       0
       2
       0
       0
       0
       0
       2
       1
       1
       0
       0
       1
       1
       0
       1
       0
       1
       0
       2
       1
       0
       0
       0
       0
       1
       0
       0
       1
       1
       1
       0
       0
       0
       1
       1
       1
       0
       0
       0
       0
       0
       1
       0
       0
       0
       1
       1
       0
       0
       0
       1
       0
       1
       0
       0
       1
       1
       1
       0
       1
       0
       1
       1
       0
       0
       0
       0
       2
       1
       0
       0
       1
       0
       2
       1
       1
       0
       0
       1
       1
       1
       0
       0
       1
       0
       0
       0
       2
       0
       0
       1
       0
       0
       0
       0
       0
       0
       0
       1
       1
       0
       0
       1
       0
       0
       0
       0
       0
       0
       1
       0
       0
       0
       0
       0
       0
       1
       1
       1
       0
       0
       2
       0
       0
       0
       0
       0
       0
       0
       0
       0
       0
       0
       0
       0
       0
       1
       0
       0
       0
       0
       1
       0
       0
       0
       0
       0
       0
       1
       0
       1
       0
       0
       0
       0
       0
       0
       2
       1
       0
       0
       0
       1
       0
       0
       1
       0
       0
       0
       1
       1
       0
       0
       0
       0
       0
       0
       0
       0
       0
       0
       0
       0
       0
       0
       0
       0
       0
       0
       0
       0
       0
       0
       0
       0
       0
       0
       0
       1
       0
       0
       0
       0
       3
       0
       0
       0
       0
       2
       1
       0
       1
       0
       0
       0
       0
       1
       0
       0
       0
       0
       0
       0
       0
       0
       0
       0
       0
       0
       0
       0
       0
       0
       0
       0
       1
       0
       1
       0
       0
       0
       0
       0
       0
       0
       0
       0
       0
       0
       1
       0
       0
       0
       1
       0
       0
       0
       0
       0
       0
       0
       0
       0
       0
       0
       0
       0
       0
       0
       0
       0
       0
       0
       0
       0
       0
       0
       0
       0
       0
       0
       0
       1
       0
       0
       0
       0
       0
       0
       0
       0
       0
       0
       0
       0
       0
       0
       0
       0
       0
       0
       0
       0
       0
       0
       0
       0
       0
       0
       0
       0
       0
       0
       0
       0
       0
       0
       0
       0
       0
       0
       0
       0
       0
       0
       0
       0
       1
       0
       0
       0
       0
       0
       0
       0
       0
       0
       1
       0
       0
       0
       1
       0
       0
       0
       0
       0
       0
       0
       0
       0
       0
       1
       0
       0
       0
       0
       0
       0
       0
       0
       0
       0
       0
       0
       0
       0
       0
       0
       0
       0
       0
       0
       0
       0
       0
       0
       1
       0
       0
       0
       0
       0
       0
       0
       0
       0
       0
       0
       0
       0
       0
       0
       0
       0
       0
       0
       0
       0
       0
       0
       0
       1
       0
$ROI:
0
$PRESETS:
Live Time
200
0
$ENER_FIT:
2.582191 3.337790
$MCA_CAL:
3
2.582191E+000 3.337790E+000 -4.023110E-005 keV
$SHAPE_CAL:
3
0.000000E+000 0.000000E+000 0.000000E+000
