$SPEC_ID:
No sample description was entered.
$SPEC_REM:
DET# 1
DETDESC# SPACESCIENCE7 digiBASE-RH SN 15121435
AP# Maestro Version 7.01
$DATE_MEA:
10/22/2018 16:31:45
$MEAS_TIM:
200 201
$DATA:
0 1023
       0
       0
       0
       0
       0
       0
       0
       0
       0
       0
      31
    5528
   15138
   14257
   13032
   13063
   14146
   16065
   18870
   23379
   29124
   35195
   39157
   39605
   33451
   23482
   13480
    6441
    2789
    1228
     677
     534
     491
     443
     472
     416
     416
     428
     402
     396
     362
     355
     340
     320
     307
     313
     309
     276
     281
     304
     279
     263
     249
     256
     260
     232
     208
     231
     196
     190
     193
     214
     217
     190
     183
     198
     166
     176
     179
     168
     146
     149
     166
     154
     144
     134
     129
     156
     124
     121
     123
     140
     129
     128
     104
     114
     110
      98
     102
      84
      78
     111
      86
      71
     100
      76
      90
      90
      86
      63
      69
      59
      57
      60
      80
      59
      79
      62
      57
      61
      60
      53
      55
      67
      51
      62
      56
      55
      57
      53
      58
      29
      53
      51
      38
      40
      31
      46
      34
      28
      50
      29
      32
      32
      29
      40
      26
      27
      32
      26
      25
      26
      27
      38
      29
      32
      31
      25
      27
      16
      21
      21
      31
      29
      32
      28
      23
      19
      20
      15
      15
      17
      21
      24
      15
      24
      19
      14
      25
      19
      16
      21
      28
      16
      27
      19
      20
      19
      16
      22
      16
      14
      18
      18
      15
      17
      26
      17
      20
      17
      18
      17
      11
      12
      15
      19
      17
      13
      22
      11
      23
       9
      20
      20
      22
      17
      17
      19
      20
      11
      17
      19
      17
      16
      13
      11
      16
      18
      18
      11
      14
      12
      14
       7
       8
       9
      12
      11
      12
      12
       6
      17
       8
      13
      11
      13
      14
      10
      12
      11
      11
       9
       9
       8
       0
       3
      14
      10
      15
       8
      12
       4
      10
       9
       8
       7
       9
       9
       8
      15
      10
       7
       7
       8
       7
       8
      10
       9
       8
      10
       5
       6
      10
      10
       7
      13
       8
       9
       9
       4
      12
       9
      11
       4
       9
       7
      11
       6
       7
       5
       6
      10
       6
      12
      12
       9
       4
       7
      12
       5
       7
      14
       7
      11
       7
       6
       9
       2
       9
       5
       7
       7
       6
       9
       9
      12
      15
       8
      10
       7
       6
       8
      10
       3
       8
       7
       5
       8
       5
       9
       5
       1
       7
       3
       3
       6
       5
      10
       6
       3
       4
       5
       3
       7
       5
       4
       5
       9
       6
       5
       5
       3
       4
       8
       4
       5
      14
       4
       6
       5
       8
       3
       5
       5
       9
       4
       4
       8
       6
       4
       5
       4
       6
       4
       5
       5
       5
       4
       4
       4
       8
       4
       3
      10
       4
      11
       7
      10
       3
       3
       5
       7
       8
       1
       2
       3
       9
       6
       5
       3
       6
       2
       1
       5
       4
       5
       5
       3
       3
       5
       3
       2
       4
       4
       7
       3
       3
       4
       4
       0
       3
       3
       2
       1
       3
       6
       4
       4
       1
       4
       2
       2
       4
       2
       2
       3
       2
       6
       2
       5
       2
       5
       5
       3
       7
       3
       1
       6
       5
       5
       2
       5
       8
       8
       4
       4
       4
       4
       5
       2
       4
       6
       7
       3
      10
       3
       8
       3
       7
       7
       1
       5
      12
       5
      15
       6
       4
       5
       9
       3
       2
       6
       4
       2
       4
       4
       4
       4
       3
       5
       7
       0
       2
       6
       6
       3
       2
       2
       4
       4
       1
       2
       4
       1
       2
       1
       1
       0
       3
       2
       2
       0
       3
       1
       1
       2
       1
       5
       1
       0
       1
       2
       2
       2
       1
       2
       1
       1
       1
       1
       1
       2
       2
       4
       1
       2
       1
       1
       0
       2
       4
       0
       1
       0
       0
       3
       2
       0
       0
       1
       3
       0
       0
       2
       1
       3
       6
       1
       4
       1
       0
       0
       1
       2
       0
       1
       1
       0
       0
       2
       1
       0
       1
       2
       1
       2
       2
       1
       1
       3
       1
       1
       1
       0
       0
       0
       1
       1
       0
       0
       0
       0
       1
       0
       0
       1
       0
       3
       3
       0
       2
       1
       1
       0
       1
       0
       1
       1
       1
       0
       0
       1
       0
       1
       1
       1
       0
       0
       1
       1
       0
       0
       1
       0
       0
       0
       0
       1
       0
       0
       1
       2
       0
       1
       0
       1
       1
       1
       0
       0
       0
       0
       0
       0
       1
       0
       0
       0
       1
       0
       1
       0
       1
       0
       0
       0
       2
       1
       2
       0
       0
       0
       1
       0
       0
       0
       0
       1
       1
       0
       0
       1
       0
       0
       2
       0
       0
       0
       0
       0
       0
       0
       0
       0
       1
       1
       2
       1
       1
       1
       1
       0
       0
       0
       2
       0
       0
       0
       2
       0
       0
       0
       1
       1
       0
       1
       0
       1
       1
       0
       0
       0
       0
       0
       0
       0
       1
       0
       1
       0
       0
       0
       0
       0
       0
       0
       0
       0
       0
       0
       0
       0
       0
       1
       1
       1
       0
       1
       0
       1
       0
       0
       1
       0
       0
       0
       0
       0
       1
       1
       0
       0
       1
       0
       1
       0
       0
       0
       0
       0
       0
       1
       0
       0
       0
       0
       0
       1
       0
       0
       0
       0
       0
       0
       0
       1
       0
       1
       1
       0
       0
       0
       0
       1
       0
       0
       0
       0
       1
       1
       0
       0
       0
       0
       0
       0
       0
       0
       1
       0
       1
       1
       0
       0
       1
       3
       0
       0
       1
       0
       0
       0
       0
       0
       0
       2
       0
       0
       0
       1
       1
       0
       0
       0
       0
       0
       1
       0
       1
       0
       0
       0
       1
       0
       0
       0
       2
       0
       0
       1
       0
       0
       0
       0
       0
       0
       1
       0
       0
       0
       0
       0
       0
       0
       0
       0
       0
       0
       0
       0
       1
       0
       0
       0
       0
       0
       0
       0
       0
       0
       0
       0
       0
       0
       0
       0
       0
       0
       0
       0
       0
       0
       0
       0
       0
       0
       0
       0
       0
       0
       0
       0
       0
       0
       0
       0
       0
       0
       0
       0
       0
       0
       0
       0
       1
       0
       0
       0
       0
       0
       0
       0
       0
       0
       0
       0
       0
       0
       0
       0
       0
       0
       0
       0
       0
       0
       0
       0
       0
       0
       0
       0
       0
       0
       0
       0
       0
       0
       0
       0
       0
       0
       0
       0
       0
       0
       0
       0
       0
       0
       0
       0
       0
       0
       0
       0
       0
       0
       1
       0
       0
       0
       0
       0
       0
       0
       0
       0
       0
       0
       0
       0
       0
       0
       0
       0
       0
       0
       0
       0
       0
       0
       0
       0
       0
       0
       0
       0
       0
       0
       0
       0
       0
       0
       0
       0
       0
       0
       0
       0
       0
       0
       0
       0
       0
       0
       0
       0
       0
       0
       0
       0
       0
       0
       0
       0
       0
       0
       0
       0
       0
       0
       0
       0
$ROI:
0
$PRESETS:
Live Time
200
0
$ENER_FIT:
2.582191 3.337790
$MCA_CAL:
3
2.582191E+000 3.337790E+000 -4.023110E-005 keV
$SHAPE_CAL:
3
0.000000E+000 0.000000E+000 0.000000E+000
