$SPEC_ID:
No sample description was entered.
$SPEC_REM:
DET# 1
DETDESC# SPACESCIENCE7 digiBASE-RH SN 15121435
AP# Maestro Version 7.01
$DATE_MEA:
10/22/2018 17:12:51
$MEAS_TIM:
200 200
$DATA:
0 1023
       0
       0
       0
       0
       0
       0
       0
       0
       0
       0
      22
    2953
    7885
    6258
    4225
    3211
    3155
    3981
    5597
    8203
   12011
   17487
   23340
   26809
   25747
   20049
   13506
    8668
    5343
    3344
    2145
    1289
     854
     545
     438
     414
     357
     390
     381
     347
     351
     333
     334
     322
     313
     300
     292
     297
     299
     283
     273
     254
     247
     250
     232
     219
     208
     216
     206
     203
     190
     171
     173
     169
     209
     172
     164
     160
     138
     165
     155
     143
     135
     107
     152
     125
     124
     132
     140
     109
     112
     107
     118
     103
     126
      91
     110
     109
      96
      95
      88
      82
      78
      81
      67
      86
      74
      84
      77
      70
      64
      63
      68
      66
      66
      72
      64
      52
      65
      58
      60
      54
      42
      52
      63
      49
      47
      61
      51
      59
      46
      46
      33
      34
      52
      41
      38
      38
      54
      38
      30
      29
      40
      34
      32
      21
      26
      26
      29
      23
      33
      27
      21
      33
      25
      20
      17
      27
      20
      21
      28
      25
      29
      23
      29
      16
      18
      18
      17
      20
      16
      18
      20
      14
      18
      25
      17
      24
      16
      22
      20
      11
      19
      21
      16
      16
      24
      17
      21
      24
      16
      16
      26
      19
      14
      14
      16
      21
      16
      10
      16
      17
      26
      21
      12
      16
      15
      14
      23
      16
      16
      24
      13
      19
      23
      12
      21
      15
      18
      11
      16
      13
      14
      12
      24
      15
      16
      12
      13
      12
       3
      13
      10
      14
       7
       5
      14
      13
      10
      16
      16
      14
       9
      12
      12
       9
      11
      11
      10
      10
       8
      11
      14
       8
      11
      13
      11
      12
      15
      13
       7
       4
      11
      10
       6
       8
       9
      10
      15
       4
      10
       3
       6
      12
      11
       7
      11
       9
       4
       7
       4
       6
      13
       7
       9
      10
      15
      11
       7
       8
       7
      10
       7
       4
       8
       8
       8
       8
      11
      11
      12
      13
       8
       8
       9
      11
       7
       9
       6
       8
      11
      13
       8
       7
       8
       3
       9
      12
       5
      11
      13
       6
       8
       7
       7
       9
      12
       5
      14
       7
       8
       7
       7
       5
       7
       9
       5
       6
       7
       9
       6
      15
       5
       8
       8
       7
       5
       8
       3
       6
       4
       9
       2
       4
       5
       5
       4
       8
       5
       5
       5
       9
       6
       3
       6
       6
       7
       6
       4
       2
       8
       5
       3
       8
       7
       6
       9
       4
       4
       5
       4
       4
       8
       4
       4
       9
       9
       0
       5
       3
       6
       4
       3
       9
       5
       6
       6
       3
       3
       6
       9
       5
       2
       8
       5
       5
       6
       3
       2
       3
       3
       5
       4
       4
       5
       2
       5
       5
       6
       5
       8
       3
       2
       3
       3
       4
       1
       4
       1
       3
       5
       1
       2
       3
       3
       1
       1
       6
       5
       2
       4
       4
       2
       4
       1
       4
       1
       4
       6
       5
       3
       8
       2
       3
       3
       2
       3
       5
       3
       3
       3
       5
       6
       4
       5
       7
       6
       8
       6
       1
       7
       4
       9
       9
       6
       9
       9
       4
       6
       8
       5
       3
       9
       5
       4
       5
       5
       6
       3
       1
       4
       2
       5
       5
       4
       5
       8
       1
       4
       5
       3
       8
       1
       4
       0
       2
       3
       0
       1
       3
       2
       2
       3
       3
       1
       0
       1
       2
       1
       5
       4
       5
       2
       2
       1
       3
       0
       4
       1
       2
       0
       1
       1
       0
       1
       0
       3
       0
       2
       1
       2
       0
       3
       2
       2
       0
       1
       1
       1
       3
       1
       5
       0
       1
       3
       0
       1
       1
       2
       1
       1
       0
       0
       2
       1
       0
       2
       1
       4
       1
       2
       2
       2
       0
       0
       1
       2
       0
       0
       0
       0
       2
       0
       2
       0
       1
       2
       0
       2
       1
       0
       0
       0
       1
       0
       0
       1
       0
       0
       0
       2
       0
       0
       1
       0
       3
       0
       0
       0
       0
       1
       1
       0
       1
       0
       2
       1
       0
       2
       0
       1
       0
       0
       1
       0
       1
       2
       0
       1
       1
       2
       1
       1
       0
       1
       1
       1
       0
       2
       0
       0
       1
       0
       0
       1
       0
       1
       1
       1
       0
       0
       0
       3
       0
       1
       0
       0
       1
       1
       1
       0
       0
       0
       1
       1
       0
       1
       1
       0
       0
       1
       2
       0
       0
       1
       0
       0
       0
       0
       0
       0
       2
       0
       1
       1
       1
       2
       2
       0
       0
       0
       0
       1
       0
       1
       0
       1
       1
       0
       2
       0
       1
       1
       0
       0
       1
       1
       0
       0
       1
       0
       0
       0
       1
       0
       0
       0
       0
       1
       1
       0
       0
       3
       1
       1
       1
       0
       0
       1
       0
       0
       0
       0
       0
       2
       1
       0
       0
       0
       1
       0
       0
       1
       0
       0
       1
       0
       0
       0
       0
       0
       0
       0
       0
       1
       1
       0
       0
       1
       1
       0
       0
       0
       2
       0
       0
       1
       0
       0
       0
       0
       0
       0
       0
       0
       0
       0
       0
       0
       0
       0
       0
       0
       0
       0
       0
       0
       0
       0
       1
       1
       0
       0
       0
       0
       0
       0
       0
       0
       1
       2
       0
       0
       1
       1
       0
       0
       0
       1
       0
       0
       0
       0
       0
       0
       0
       0
       1
       1
       1
       0
       0
       1
       0
       0
       1
       1
       1
       0
       1
       0
       1
       0
       0
       0
       1
       0
       1
       0
       0
       0
       1
       0
       0
       1
       0
       1
       0
       1
       0
       1
       0
       0
       0
       1
       0
       0
       0
       0
       1
       0
       0
       1
       0
       0
       0
       0
       0
       0
       1
       0
       0
       0
       0
       0
       0
       0
       0
       0
       0
       0
       0
       0
       0
       0
       0
       1
       0
       0
       0
       0
       0
       0
       0
       0
       0
       0
       0
       0
       1
       0
       0
       0
       0
       0
       0
       0
       0
       0
       0
       0
       0
       0
       0
       0
       0
       0
       0
       1
       0
       0
       1
       0
       0
       0
       0
       0
       0
       1
       0
       0
       0
       0
       0
       0
       0
       0
       0
       0
       0
       0
       0
       0
       0
       0
       0
       0
       0
       0
       0
       0
       0
       0
       0
       0
       0
       0
       0
       0
       0
       0
       0
       0
       0
       0
       0
       0
       0
       0
       0
       0
       0
       0
       0
       0
       0
       0
       0
       0
       0
       1
       0
       0
       0
       0
       0
       0
       2
       0
       0
       0
       0
       0
       0
       0
       0
       0
       0
       0
       0
       0
       0
       0
       0
       0
       0
       0
       0
       0
       0
       0
       0
       0
       1
       0
       0
       0
       0
       0
       0
       0
       0
       0
       0
       0
       0
       0
       0
       0
       0
       0
       0
       0
       0
$ROI:
0
$PRESETS:
Live Time
200
0
$ENER_FIT:
2.582191 3.337790
$MCA_CAL:
3
2.582191E+000 3.337790E+000 -4.023110E-005 keV
$SHAPE_CAL:
3
0.000000E+000 0.000000E+000 0.000000E+000
