$SPEC_ID:
No sample description was entered.
$SPEC_REM:
DET# 1
DETDESC# SPACESCIENCE7 digiBASE-RH SN 15121435
AP# Maestro Version 7.01
$DATE_MEA:
10/22/2018 17:20:17
$MEAS_TIM:
200 200
$DATA:
0 1023
       0
       0
       0
       0
       0
       0
       0
       0
       0
       0
      23
    3752
    9973
    7815
    5350
    3994
    4159
    5151
    7189
   10043
   14437
   20332
   25982
   28138
   25742
   19440
   12341
    7248
    4163
    2586
    1670
    1082
     713
     520
     441
     395
     362
     415
     356
     362
     344
     336
     310
     312
     297
     301
     300
     274
     265
     254
     254
     260
     249
     257
     214
     206
     204
     224
     210
     203
     208
     209
     199
     181
     181
     181
     197
     182
     150
     158
     153
     137
     133
     144
     151
     120
     138
     121
     136
     114
     134
     106
     115
     114
     124
     102
      98
     104
     100
      81
      98
      88
     104
      74
      93
      67
      73
      76
      99
      74
      71
      80
      68
      75
      66
      72
      55
      49
      49
      57
      57
      65
      55
      49
      50
      46
      38
      64
      55
      51
      50
      56
      39
      40
      46
      34
      40
      37
      58
      42
      29
      22
      40
      47
      32
      27
      32
      35
      24
      23
      32
      30
      36
      29
      24
      29
      24
      36
      26
      24
      21
      27
      21
      17
      25
      22
      28
      24
      22
      21
      27
      23
      17
      16
      26
      21
      18
      23
      18
      21
      18
      35
      22
      20
      15
      17
      19
      18
      16
      17
      16
      20
      19
      12
      14
      15
      20
      20
      20
      15
      13
      17
      14
      18
      15
      17
      26
      20
      19
      16
      22
      12
      19
      20
      11
       9
      17
      16
      19
      13
      26
      16
      15
      14
      15
       9
      17
       8
      14
      17
      10
      10
      11
       7
      12
       8
      12
      10
      10
      15
      13
      12
      13
      10
       5
       9
      13
       7
      15
       6
       6
      10
      11
       5
       7
      13
       7
       9
       5
       8
       4
       6
      11
      11
       8
       8
       9
       9
       8
      12
       5
       7
       5
      13
      11
      16
       7
       8
      11
      11
       8
      11
       7
       9
      10
       7
       7
       7
       8
       7
       9
       6
       6
       9
       6
      10
      12
       5
       9
       9
       4
      13
       7
      10
       5
      11
      12
       8
       4
       8
       7
       9
       6
       5
      11
       8
      10
       7
       2
       5
       7
      11
       5
       6
       6
      10
       3
      10
       8
       5
       8
      12
       5
       8
      14
       7
       5
       9
       5
       4
       9
      13
       2
       6
       7
       9
       4
       6
       7
       7
       4
       6
       8
       3
       6
       5
       6
       4
       5
       6
      11
       5
       4
       8
       8
       7
       8
       5
       5
       3
       6
       9
       2
       5
       5
      10
       5
       6
       4
       2
       8
       4
       6
       6
       7
       8
       8
       3
       1
       4
       5
       0
       1
       8
       5
       2
       3
       8
       1
      11
       6
       4
       2
       1
       2
       2
       3
       0
       5
       5
       4
       4
       2
       4
       3
       7
       5
       4
       3
       4
       5
       3
       5
       1
       6
       3
       5
       4
       2
       4
       4
       1
       1
       3
       4
       2
       3
       3
       4
       3
       3
       7
       1
       1
       3
       5
       2
       2
       3
       5
       2
       1
       1
       5
       8
       2
       3
       6
       3
       4
       3
       4
       6
       4
       6
       1
       8
       7
       6
       8
       7
       5
       3
       5
       6
       9
       3
       8
       7
       1
       6
       3
       6
       5
       1
       7
       2
       4
       4
       4
       2
       6
       3
       2
       3
       5
       4
       3
       7
       5
       4
       0
       2
       3
       2
       3
       3
       2
       4
       2
       1
       3
       4
       1
       2
       0
       3
       2
       4
       1
       0
       0
       0
       1
       3
       2
       3
       2
       2
       3
       3
       2
       0
       1
       2
       3
       1
       1
       1
       1
       0
       1
       2
       0
       1
       2
       1
       0
       1
       0
       0
       1
       0
       0
       1
       0
       2
       3
       5
       1
       0
       0
       1
       1
       0
       0
       1
       1
       0
       1
       0
       2
       1
       1
       1
       3
       1
       2
       2
       2
       1
       3
       0
       1
       2
       0
       1
       1
       0
       0
       2
       0
       2
       1
       0
       0
       1
       0
       0
       1
       0
       1
       0
       0
       1
       1
       1
       1
       0
       1
       2
       1
       0
       1
       0
       0
       0
       0
       0
       2
       2
       0
       0
       0
       1
       0
       0
       0
       1
       1
       0
       1
       1
       1
       0
       0
       0
       0
       0
       0
       0
       0
       0
       0
       3
       0
       1
       0
       0
       1
       1
       1
       0
       0
       1
       0
       0
       0
       1
       0
       1
       1
       2
       0
       0
       1
       1
       1
       0
       0
       0
       0
       0
       0
       0
       1
       1
       2
       0
       0
       2
       1
       0
       0
       1
       2
       0
       1
       0
       1
       0
       0
       0
       1
       0
       0
       2
       1
       1
       0
       0
       2
       0
       0
       0
       1
       0
       0
       0
       1
       0
       0
       0
       0
       0
       0
       0
       0
       0
       0
       0
       1
       0
       1
       0
       1
       0
       1
       2
       0
       0
       1
       0
       1
       0
       0
       0
       0
       0
       0
       0
       0
       0
       0
       0
       1
       0
       0
       1
       0
       0
       1
       0
       0
       0
       0
       0
       0
       0
       0
       2
       1
       0
       0
       3
       0
       0
       0
       0
       0
       0
       0
       0
       0
       0
       0
       0
       1
       0
       0
       0
       0
       0
       1
       0
       0
       0
       0
       0
       0
       0
       0
       0
       0
       3
       0
       0
       0
       1
       1
       0
       0
       0
       0
       0
       0
       0
       0
       0
       0
       0
       0
       0
       0
       0
       0
       0
       1
       1
       0
       0
       1
       0
       0
       0
       0
       0
       0
       1
       0
       0
       1
       1
       1
       0
       1
       0
       0
       0
       0
       0
       0
       0
       0
       0
       1
       0
       0
       0
       0
       0
       0
       0
       0
       0
       0
       0
       1
       1
       0
       0
       0
       0
       0
       0
       0
       0
       0
       0
       1
       0
       0
       0
       0
       0
       1
       0
       0
       0
       0
       0
       0
       0
       0
       0
       0
       0
       0
       0
       1
       0
       0
       0
       0
       0
       0
       0
       0
       0
       0
       0
       0
       0
       1
       1
       0
       0
       0
       0
       0
       0
       0
       0
       0
       0
       0
       0
       0
       0
       0
       1
       0
       0
       0
       0
       0
       0
       0
       0
       0
       0
       1
       0
       0
       0
       0
       0
       0
       0
       0
       0
       0
       0
       0
       0
       0
       0
       0
       0
       0
       0
       0
       0
       0
       0
       0
       0
       0
       0
       0
       0
       0
       0
       0
       0
       0
       0
       0
       0
       0
       0
       0
       0
       0
       0
       0
       0
       0
       0
       0
       0
       0
       0
       0
       0
       0
       0
       1
       0
       0
       1
       0
       0
       0
       0
       0
       0
       0
       0
       0
       0
       0
       0
       0
       0
       0
       0
       0
       0
       0
       0
       0
       0
       0
       0
       0
       0
       0
       0
       0
       1
       0
       0
       0
       0
       0
       0
       0
       0
       0
       0
       0
       0
       1
$ROI:
0
$PRESETS:
Live Time
200
0
$ENER_FIT:
2.582191 3.337790
$MCA_CAL:
3
2.582191E+000 3.337790E+000 -4.023110E-005 keV
$SHAPE_CAL:
3
0.000000E+000 0.000000E+000 0.000000E+000
