$SPEC_ID:
No sample description was entered.
$SPEC_REM:
DET# 1
DETDESC# SPACESCIENCE7 digiBASE-RH SN 15121435
AP# Maestro Version 7.01
$DATE_MEA:
10/22/2018 16:43:10
$MEAS_TIM:
200 200
$DATA:
0 1023
       0
       0
       0
       0
       0
       0
       0
       0
       0
       0
      22
    4534
   12291
   10797
    8412
    7600
    8029
    9361
   11877
   15374
   20582
   25882
   30149
   31484
   28062
   20736
   12695
    6668
    3560
    2033
    1349
     924
     667
     540
     506
     398
     403
     416
     403
     366
     364
     357
     349
     341
     318
     346
     321
     280
     293
     242
     228
     268
     257
     253
     252
     262
     198
     193
     222
     228
     193
     187
     212
     182
     206
     186
     173
     152
     154
     188
     157
     138
     118
     131
     178
     172
     135
     121
     150
     122
     128
     119
     119
     106
     105
      92
     101
      96
     107
      92
      77
      93
      98
      94
      85
      76
      87
      87
      74
      76
      69
      80
      85
      58
      63
      66
      66
      68
      59
      63
      55
      63
      56
      56
      61
      59
      48
      61
      49
      58
      37
      58
      48
      49
      56
      46
      52
      35
      38
      42
      43
      38
      44
      25
      30
      29
      27
      31
      31
      33
      22
      19
      32
      28
      20
      23
      23
      26
      29
      24
      21
      31
      23
      26
      20
      27
      28
      19
      28
      37
      28
      26
      18
      23
      23
      13
      25
      36
      22
      18
      24
      21
      23
      18
      12
      20
      12
      22
      18
      25
      22
      22
      23
      18
      20
      18
      14
      14
      19
      16
      18
      19
      14
      13
      22
      17
      17
      18
      22
      14
      15
      17
      18
       9
      20
      16
      26
      12
      12
      14
      11
      14
      18
      12
      17
      25
      19
      11
      10
      15
      12
       8
      16
      13
      11
      13
      10
       9
      16
      10
      11
      11
       8
      15
      11
       8
      12
      14
       7
      10
       7
      10
       5
      16
      13
      10
      10
       8
       5
      10
       8
       7
       7
      11
       6
      16
      10
      10
       8
       3
       7
       7
      17
       9
       9
      13
       7
       6
       5
       7
      12
      13
       8
      10
       5
       6
       9
      12
       8
      13
      12
       4
       7
       9
      15
      10
       9
       7
       8
      14
       6
      10
       3
       8
      10
       2
      12
       6
       8
       6
       9
      12
      12
       8
       5
       4
      10
       7
       8
       6
       7
       5
      11
       8
       8
       8
      10
       7
       3
       6
       5
      12
       7
       5
       4
       3
       2
       9
      10
       7
       6
       5
       3
       7
       4
       6
       6
       7
       3
       5
       7
       5
       3
       6
       5
       3
       6
       3
       9
       3
       4
       3
       5
       7
       5
       2
       6
       3
       4
       8
       6
       4
       3
       6
       7
       5
       9
      10
       5
       7
       5
       4
      10
       4
       4
       6
       1
       5
       5
       5
       3
       6
       6
       4
       6
       5
       6
       3
       3
       2
       4
       3
       4
       3
       9
       4
       3
       3
       5
       3
       6
       4
       3
       3
       7
       4
       6
       3
       5
       1
       4
       4
       2
       6
       4
       2
       7
       6
       2
       5
       5
       2
       1
       4
       7
       2
       2
       3
       3
       2
       2
       4
       4
       4
       2
       5
       3
       1
       1
       4
       1
       3
       2
       4
       7
       3
       4
       3
       4
       3
       6
       3
       4
       7
       7
       4
       8
       8
       7
       7
       5
       5
       9
       4
       8
      10
      11
       8
       6
       5
       6
      10
       7
      11
       8
       4
       5
       6
       7
       3
       3
       8
       4
       5
       9
       2
       8
       4
       6
       1
       1
       4
       6
       2
       3
       1
       1
       5
       1
       4
       3
       2
       4
       3
       2
       4
       3
       3
       2
       2
       1
       3
       2
       1
       4
       1
       2
       2
       0
       2
       1
       2
       0
       2
       1
       0
       2
       1
       0
       3
       1
       0
       1
       1
       4
       1
       2
       0
       0
       1
       0
       2
       1
       1
       1
       1
       0
       1
       2
       1
       1
       0
       1
       0
       1
       1
       0
       1
       1
       1
       2
       1
       0
       0
       2
       1
       0
       1
       1
       1
       0
       1
       1
       3
       0
       3
       4
       1
       1
       1
       0
       0
       3
       2
       1
       0
       0
       1
       1
       1
       0
       0
       1
       1
       0
       0
       1
       1
       0
       0
       0
       2
       0
       0
       0
       0
       0
       1
       1
       0
       0
       0
       1
       1
       0
       1
       2
       0
       0
       2
       0
       0
       0
       0
       0
       0
       0
       0
       1
       0
       1
       0
       1
       0
       0
       0
       0
       0
       0
       0
       0
       0
       0
       0
       0
       0
       0
       0
       0
       0
       1
       0
       0
       1
       1
       0
       1
       1
       0
       0
       1
       1
       0
       1
       0
       1
       0
       0
       2
       0
       0
       0
       1
       0
       1
       0
       1
       0
       1
       0
       1
       0
       1
       0
       0
       1
       0
       0
       0
       0
       1
       1
       0
       0
       0
       0
       0
       0
       0
       1
       0
       1
       0
       0
       0
       2
       0
       0
       1
       2
       1
       1
       0
       1
       0
       0
       0
       0
       0
       0
       0
       2
       1
       0
       1
       0
       1
       0
       2
       0
       0
       1
       0
       0
       1
       1
       1
       2
       0
       2
       0
       0
       1
       0
       0
       1
       1
       0
       0
       3
       1
       0
       0
       0
       0
       1
       0
       0
       0
       0
       0
       0
       1
       1
       0
       1
       0
       0
       0
       1
       0
       0
       0
       0
       0
       0
       0
       0
       1
       1
       0
       0
       0
       0
       0
       0
       0
       0
       0
       0
       0
       0
       0
       0
       0
       1
       0
       0
       0
       1
       0
       0
       0
       0
       1
       1
       0
       0
       0
       0
       0
       2
       1
       0
       0
       0
       1
       1
       0
       0
       0
       0
       0
       1
       0
       1
       0
       1
       0
       0
       0
       0
       0
       0
       0
       0
       0
       0
       1
       0
       1
       1
       0
       0
       0
       1
       0
       0
       0
       0
       0
       0
       0
       0
       1
       0
       0
       0
       0
       0
       0
       1
       0
       0
       0
       0
       0
       0
       0
       0
       0
       0
       0
       0
       1
       0
       0
       0
       0
       0
       0
       0
       0
       0
       0
       0
       0
       0
       0
       0
       0
       1
       0
       0
       0
       0
       1
       0
       0
       0
       0
       0
       0
       0
       0
       0
       0
       0
       0
       0
       0
       1
       0
       0
       0
       0
       0
       0
       0
       0
       0
       0
       1
       0
       0
       0
       0
       1
       0
       0
       0
       0
       0
       0
       0
       0
       0
       0
       0
       1
       0
       0
       0
       0
       0
       0
       0
       0
       0
       0
       0
       0
       0
       0
       0
       0
       0
       0
       0
       0
       0
       0
       0
       0
       0
       0
       1
       0
       0
       0
       0
       0
       0
       0
       0
       0
       0
       0
       0
       0
       0
       0
       0
       0
       0
       0
       0
       0
       0
       0
       0
       0
       0
       0
       0
       0
       0
       0
       0
       0
       0
       0
       0
       0
       0
       0
       0
       0
       0
       0
       0
       0
       1
       0
       0
       0
       0
       0
       0
       0
       0
       0
       0
       0
$ROI:
0
$PRESETS:
Live Time
200
0
$ENER_FIT:
2.582191 3.337790
$MCA_CAL:
3
2.582191E+000 3.337790E+000 -4.023110E-005 keV
$SHAPE_CAL:
3
0.000000E+000 0.000000E+000 0.000000E+000
