$SPEC_ID:
No sample description was entered.
$SPEC_REM:
DET# 1
DETDESC# SPACESCIENCE7 digiBASE-RH SN 15121435
AP# Maestro Version 7.01
$DATE_MEA:
10/22/2018 17:00:38
$MEAS_TIM:
200 200
$DATA:
0 1023
       0
       0
       0
       0
       0
       0
       0
       0
       0
       0
      15
    3265
    8611
    6817
    4707
    3355
    3160
    4111
    5680
    8303
   12221
   17446
   23281
   26503
   24888
   20280
   13661
    8457
    5466
    3426
    2275
    1268
     834
     557
     470
     372
     429
     390
     356
     362
     355
     370
     329
     337
     300
     318
     304
     291
     283
     262
     271
     258
     249
     210
     249
     224
     200
     194
     216
     213
     193
     188
     208
     168
     191
     160
     177
     147
     158
     148
     159
     155
     151
     144
     135
     110
     115
     151
     127
     123
     127
     115
     133
      98
     130
     112
     107
      97
      92
      97
      85
      93
      90
      75
      75
      92
      83
      90
      71
      77
      72
      70
      69
      62
      64
      68
      62
      55
      56
      53
      63
      48
      45
      56
      59
      57
      61
      51
      55
      48
      43
      52
      36
      44
      40
      42
      42
      45
      34
      45
      34
      49
      40
      34
      29
      33
      27
      38
      33
      27
      37
      30
      32
      25
      38
      26
      28
      22
      28
      34
      27
      23
      27
      22
      22
      20
      30
      25
      12
      16
      24
      24
      27
      20
      28
      20
      17
      18
      30
      17
      14
      22
      17
      16
      19
      30
      25
      17
      14
      15
      16
      10
      17
      29
      19
      22
      17
      19
      16
      13
      24
      19
      27
      21
      15
      10
      10
      17
      20
      20
      22
      22
      18
      13
      13
      10
      13
      16
      19
      16
      13
       9
      21
      18
      11
      14
      16
      12
      13
      19
       5
      11
      11
      18
      16
      11
      12
      10
      17
      10
       9
       6
       7
      15
       9
      10
       9
      10
      15
      10
       9
       8
       8
      12
      12
       9
      10
       5
      12
      10
       6
      11
      13
       8
       8
      12
      11
       8
       8
       7
      15
      10
      12
      12
       9
       9
       7
      10
       6
      10
      12
       6
       1
       7
       8
       4
       6
       8
       9
       6
       5
       5
       4
       4
       7
       8
       5
       8
       6
       7
      11
       9
       4
       5
       5
       9
       6
       9
       7
       5
       6
       9
       9
       7
       5
      11
       9
       6
      12
      15
       7
       5
       6
       9
       7
       8
      15
      10
       7
       6
       5
       9
       7
       8
      11
       4
      10
       5
       9
       7
       9
       8
       8
       6
       3
       6
       8
       8
       4
       4
       3
       2
       2
       4
       5
       3
       8
       4
       4
       6
       7
       3
       5
       7
       7
       1
      12
       2
       8
       2
       6
       8
       4
       5
       9
       6
       5
       4
       8
       6
       7
       7
       6
       4
       5
       4
       3
       8
       7
      10
       3
       5
       8
       8
       2
       4
       5
       0
       5
       4
       4
       2
       4
       6
       3
       6
       4
       6
       2
       5
       3
       7
       3
       2
       3
       3
       4
       4
       4
       1
       2
       7
       4
       4
       1
       1
       4
       4
       3
       6
       1
       4
       5
       0
       2
       3
       5
       1
       5
       3
       5
       2
       5
       4
       5
       3
       4
       1
       4
       2
       1
       4
       1
       2
       2
       3
       4
       0
       2
       4
       4
       9
       5
       4
       5
       7
       1
       3
       5
       3
       4
       9
       7
       7
       4
       6
       6
       4
       6
       6
       7
       5
       6
       9
       2
       7
       7
       8
       9
       7
       2
       2
       6
       8
       8
       1
       3
       4
       3
       4
       7
       5
       1
       4
       3
       4
       3
       2
       4
       2
       3
       2
       2
       2
       1
       2
       3
       0
       5
       3
       3
       2
       2
       5
       2
       2
       2
       0
       1
       0
       1
       1
       2
       0
       1
       4
       3
       1
       3
       0
       1
       1
       3
       3
       0
       0
       0
       1
       0
       0
       0
       2
       1
       0
       3
       0
       0
       0
       2
       0
       2
       0
       1
       1
       0
       2
       2
       0
       0
       2
       1
       1
       1
       1
       0
       0
       0
       0
       1
       0
       2
       0
       1
       1
       1
       1
       0
       0
       2
       0
       0
       0
       0
       0
       0
       1
       0
       1
       0
       0
       1
       0
       1
       1
       0
       0
       2
       2
       2
       1
       3
       0
       1
       0
       0
       0
       1
       1
       0
       0
       1
       0
       0
       2
       0
       0
       0
       1
       0
       0
       0
       0
       1
       0
       2
       1
       0
       1
       0
       0
       0
       0
       0
       0
       1
       0
       0
       1
       0
       0
       1
       0
       0
       1
       0
       0
       0
       1
       0
       0
       0
       0
       1
       0
       0
       0
       1
       1
       0
       0
       0
       1
       0
       2
       0
       0
       0
       0
       0
       1
       0
       0
       2
       0
       0
       0
       0
       0
       0
       0
       1
       0
       1
       0
       0
       0
       0
       0
       1
       1
       0
       0
       0
       1
       0
       0
       0
       0
       0
       1
       1
       0
       1
       0
       0
       0
       2
       2
       0
       0
       0
       0
       1
       0
       0
       1
       0
       1
       0
       1
       0
       1
       1
       0
       0
       1
       0
       1
       0
       0
       0
       0
       0
       0
       0
       2
       0
       0
       0
       1
       1
       0
       0
       0
       0
       0
       0
       0
       0
       0
       0
       0
       0
       1
       0
       0
       1
       1
       0
       0
       0
       0
       0
       0
       1
       1
       0
       0
       1
       0
       0
       0
       0
       1
       1
       1
       0
       0
       0
       0
       2
       0
       1
       0
       0
       0
       0
       0
       0
       1
       0
       0
       1
       0
       0
       2
       0
       0
       0
       0
       0
       0
       1
       0
       2
       1
       2
       0
       0
       0
       1
       0
       0
       0
       0
       0
       0
       0
       1
       1
       1
       0
       0
       0
       1
       0
       0
       0
       1
       0
       0
       0
       0
       0
       0
       0
       1
       0
       0
       0
       1
       0
       0
       0
       0
       0
       0
       0
       0
       0
       0
       0
       0
       0
       0
       0
       0
       0
       0
       0
       0
       0
       1
       1
       0
       0
       0
       0
       1
       0
       2
       0
       0
       0
       0
       0
       0
       0
       0
       0
       0
       0
       0
       0
       0
       0
       0
       0
       0
       0
       0
       0
       0
       0
       0
       0
       0
       0
       0
       0
       0
       0
       0
       0
       0
       0
       0
       0
       0
       0
       0
       0
       0
       0
       0
       0
       0
       0
       0
       0
       0
       0
       0
       0
       0
       0
       0
       0
       0
       0
       0
       0
       0
       1
       0
       0
       0
       0
       0
       1
       0
       0
       0
       0
       0
       0
       0
       0
       0
       0
       0
       0
       0
       0
       0
       0
       0
       0
       0
       0
       0
       0
       0
       0
       0
       0
       0
       0
       0
       0
       0
       0
       0
       0
       0
       0
       0
       0
       0
       0
       0
       0
       0
       0
       1
       0
       0
       0
       0
       0
       0
       0
       0
       0
       0
       0
       0
       0
       0
       0
       0
       0
       0
       0
       0
       1
       0
       0
       0
       0
       0
       0
       0
       0
       0
       0
       0
       0
       0
       0
       0
       0
       0
       0
$ROI:
0
$PRESETS:
Live Time
200
0
$ENER_FIT:
2.582191 3.337790
$MCA_CAL:
3
2.582191E+000 3.337790E+000 -4.023110E-005 keV
$SHAPE_CAL:
3
0.000000E+000 0.000000E+000 0.000000E+000
