$SPEC_ID:
No sample description was entered.
$SPEC_REM:
DET# 1
DETDESC# SPACESCIENCE7 digiBASE-RH SN 15121435
AP# Maestro Version 7.01
$DATE_MEA:
10/22/2018 16:37:14
$MEAS_TIM:
200 201
$DATA:
0 1023
       0
       0
       0
       0
       0
       0
       0
       0
       0
       0
      22
    4819
   12808
   11221
    9967
    9908
   10846
   12601
   15595
   19837
   25146
   31359
   35352
   36370
   31037
   22173
   12969
    6438
    2834
    1351
     722
     595
     566
     448
     416
     449
     398
     406
     388
     373
     405
     344
     321
     340
     301
     356
     289
     280
     280
     282
     239
     224
     246
     256
     222
     196
     222
     218
     176
     191
     214
     162
     147
     182
     179
     186
     174
     153
     186
     151
     153
     143
     168
     125
     145
     143
     142
     138
     120
     127
     116
     137
     113
     124
     106
     113
      88
     105
     108
      78
      94
      87
      84
      86
      85
      79
      85
      87
      92
      81
      72
      78
      79
      78
      72
      66
      63
      60
      63
      55
      56
      52
      50
      60
      64
      56
      54
      53
      57
      42
      56
      53
      50
      47
      52
      41
      43
      48
      52
      32
      32
      45
      42
      42
      35
      34
      37
      26
      35
      35
      29
      34
      27
      27
      23
      26
      27
      29
      21
      26
      21
      23
      30
      19
      14
      22
      16
      21
      22
      30
      21
      22
      33
      15
      21
      19
      19
      22
      19
      19
      16
      11
      27
      30
      18
      16
      18
      16
      16
      21
      16
      14
      27
      26
      18
      14
      19
      25
      14
      22
      18
      16
      19
      15
      14
      20
      17
      17
       9
      17
      21
      15
      21
      17
       9
      15
      15
      19
      14
      13
      18
      15
      18
      12
      12
      16
      12
      11
      16
      16
      19
      10
      15
      11
      14
       9
      17
      13
      17
      15
      12
      13
      11
      16
      10
       5
       8
       8
      19
      12
       6
       8
      10
      10
      10
       8
       9
       8
      10
      11
      11
      15
       6
       9
      10
      12
      11
      11
       6
      10
      12
       8
       6
      14
      11
      11
       8
      10
       8
       9
      11
       6
      10
       6
       8
       5
       4
       5
      13
       9
      10
      12
      11
       5
       1
       5
       9
       6
      13
      10
       7
       9
       8
       9
      10
       7
       8
       7
       4
       9
       8
       6
       8
       8
       6
      10
      10
       7
       3
       5
       6
       6
       6
       2
       9
       7
       9
      10
       7
       6
      16
       6
       5
       7
       6
       3
       5
       3
       8
      11
       9
       8
       5
       9
       3
      11
       3
       7
       5
       3
       4
       9
       3
       6
       7
       2
       1
       9
       7
       6
      10
       4
       9
       6
       0
       7
       7
       3
       5
       4
       4
       4
       4
       5
       9
       2
       9
       6
       7
       0
       7
       8
       4
       3
       7
       8
       2
      10
       6
       3
       7
       8
       6
       8
       6
       7
      12
       6
       5
       1
       1
       8
       6
       3
       4
       7
       5
       3
       3
       2
       3
       1
       4
       3
       3
       8
       2
       4
       1
       9
       1
       4
       3
       5
       5
       2
       3
       2
       3
       2
       3
       3
       3
       2
       4
       2
       5
       2
       4
       2
       2
       2
       3
       1
       5
       4
       0
       1
       2
       2
       8
       1
       2
       2
       3
       1
       3
       2
       9
       7
       5
       6
       6
       7
       4
       4
       4
       2
       8
       5
      10
       3
       9
       6
       5
       4
       4
       7
       6
       6
       1
       5
       7
       4
      10
       8
       8
       6
       3
       5
       8
       6
       5
       5
       5
       2
       3
       1
       7
       6
       9
       3
       3
       3
       2
       1
       0
       2
       2
       4
       3
       1
       3
       2
       0
       2
       3
       1
       1
       2
       2
       0
       1
       0
       0
       1
       2
       0
       1
       0
       1
       1
       0
       2
       2
       4
       1
       2
       1
       3
       1
       1
       0
       3
       5
       0
       0
       0
       0
       0
       1
       0
       3
       2
       2
       1
       3
       0
       2
       2
       0
       3
       3
       0
       1
       3
       0
       1
       1
       1
       0
       1
       4
       0
       0
       0
       0
       0
       1
       0
       1
       0
       2
       1
       0
       0
       0
       0
       3
       1
       1
       1
       2
       0
       0
       0
       1
       0
       1
       0
       0
       0
       0
       0
       1
       0
       0
       1
       0
       1
       0
       0
       1
       0
       1
       0
       0
       0
       0
       0
       0
       0
       3
       0
       0
       1
       0
       1
       0
       1
       0
       0
       0
       0
       0
       2
       0
       1
       0
       0
       0
       4
       1
       1
       1
       0
       0
       1
       1
       0
       0
       1
       0
       0
       0
       0
       0
       0
       1
       2
       0
       1
       2
       0
       0
       2
       2
       0
       1
       0
       0
       1
       0
       0
       1
       1
       0
       2
       0
       0
       0
       1
       0
       2
       1
       1
       0
       0
       0
       0
       0
       2
       0
       1
       0
       0
       0
       0
       0
       1
       1
       1
       0
       0
       0
       0
       1
       0
       0
       0
       1
       0
       0
       0
       1
       1
       0
       1
       0
       0
       1
       0
       2
       2
       0
       0
       1
       2
       1
       1
       0
       1
       0
       0
       0
       0
       0
       0
       1
       0
       0
       0
       0
       0
       0
       1
       0
       0
       0
       0
       0
       0
       0
       1
       2
       0
       1
       0
       0
       1
       0
       1
       0
       1
       0
       1
       1
       0
       0
       0
       0
       1
       0
       0
       0
       1
       0
       0
       0
       0
       0
       0
       0
       0
       0
       0
       0
       0
       0
       0
       0
       0
       1
       0
       0
       1
       1
       0
       0
       0
       1
       0
       1
       2
       0
       0
       1
       0
       0
       0
       1
       0
       0
       0
       0
       1
       1
       0
       0
       0
       0
       1
       1
       1
       1
       0
       2
       0
       0
       0
       0
       1
       1
       0
       0
       0
       0
       0
       0
       0
       0
       1
       0
       2
       0
       0
       0
       1
       1
       0
       0
       0
       1
       0
       0
       1
       0
       0
       0
       0
       0
       0
       0
       0
       0
       0
       1
       0
       1
       0
       0
       0
       0
       0
       0
       0
       0
       0
       0
       0
       0
       0
       0
       0
       0
       0
       0
       0
       0
       0
       0
       0
       1
       0
       0
       0
       0
       0
       0
       0
       0
       0
       0
       0
       0
       0
       0
       0
       0
       0
       0
       0
       0
       0
       0
       0
       0
       0
       0
       0
       0
       0
       0
       0
       0
       0
       0
       0
       0
       0
       0
       0
       0
       0
       0
       0
       0
       0
       0
       0
       0
       0
       0
       0
       0
       0
       0
       0
       0
       0
       0
       0
       0
       0
       0
       0
       0
       0
       0
       0
       0
       0
       0
       0
       0
       0
       0
       1
       0
       0
       0
       0
       0
       0
       0
       0
       0
       0
       0
       0
       0
       0
       0
       0
       0
       0
       0
       0
       0
       0
       0
       0
       0
       0
       0
       0
       0
       0
       0
       0
       0
       0
       0
       0
       0
       0
       0
       0
       0
       0
       0
       0
       0
       0
       0
       0
       0
       0
       0
       0
       0
       0
       0
       0
       0
       0
       0
       0
       0
       0
       0
       0
       0
       0
$ROI:
0
$PRESETS:
Live Time
200
0
$ENER_FIT:
2.582191 3.337790
$MCA_CAL:
3
2.582191E+000 3.337790E+000 -4.023110E-005 keV
$SHAPE_CAL:
3
0.000000E+000 0.000000E+000 0.000000E+000
