$SPEC_ID:
No sample description was entered.
$SPEC_REM:
DET# 2
DETDESC# BGO detector for MSc Detector lab
AP# Maestro Version 7.01
$DATE_MEA:
11/19/2018 19:24:10
$MEAS_TIM:
300 301
$DATA:
0 1023
       0
       0
       0
       0
       0
     101
     706
    1149
    1718
    2386
    3428
    4455
    5678
    6459
    7246
    7680
    7571
    7370
    6700
    5824
    5127
    4155
    3366
    2633
    2078
    1671
    1373
    1192
    1121
    1049
    1015
     996
    1119
    1169
    1247
    1366
    1553
    1599
    1806
    1889
    1963
    1962
    2129
    2232
    2399
    2327
    2385
    2379
    2246
    2167
    2095
    1965
    1926
    1692
    1602
    1393
    1323
    1179
    1070
     975
     896
     784
     700
     695
     622
     614
     565
     514
     468
     489
     505
     502
     459
     510
     487
     486
     552
     541
     512
     500
     528
     515
     533
     556
     512
     513
     568
     533
     514
     578
     547
     533
     565
     574
     533
     511
     557
     567
     534
     548
     542
     549
     535
     537
     549
     541
     536
     527
     535
     514
     519
     537
     543
     450
     492
     516
     485
     510
     454
     466
     471
     502
     421
     497
     456
     423
     467
     506
     411
     467
     450
     466
     458
     432
     397
     423
     410
     432
     382
     371
     392
     369
     387
     408
     357
     408
     355
     319
     352
     390
     349
     411
     372
     388
     378
     433
     384
     388
     434
     407
     455
     451
     468
     462
     479
     527
     510
     524
     554
     534
     582
     569
     555
     601
     634
     645
     631
     594
     604
     613
     671
     652
     627
     675
     646
     681
     701
     671
     672
     631
     638
     700
     712
     678
     720
     749
     711
     763
     770
     759
     805
     846
     833
     923
     955
     934
     962
    1015
    1047
     996
    1041
    1182
    1173
    1170
    1238
    1122
    1175
    1270
    1245
    1304
    1224
    1263
    1246
    1251
    1214
    1184
    1200
    1129
    1115
    1121
    1038
    1073
     990
     922
     830
     899
     821
     772
     764
     717
     633
     668
     558
     546
     525
     466
     452
     379
     406
     382
     386
     334
     247
     244
     241
     247
     170
     196
     171
     166
     136
     118
     123
     116
     106
      93
     103
      96
      73
      61
      69
      56
      46
      67
      41
      38
      34
      56
      47
      31
      43
      42
      27
      43
      39
      29
      42
      32
      25
      18
      31
      36
      29
      23
      23
      25
      22
      22
      21
      33
      22
      21
      30
      22
      18
      24
      22
      15
      24
      28
      29
      24
      32
      28
      26
      17
      22
      22
      22
      18
      18
      23
      26
      13
      20
      21
      21
      21
      19
      17
      19
      21
      27
      24
      20
      15
      23
      26
      26
      23
      16
      24
      15
      15
      21
      21
      13
      24
      14
      21
      30
      12
      27
      26
      20
      24
      24
      24
      28
      23
      18
      26
      20
      19
      27
      22
      25
      23
      20
      18
      19
      20
      22
      27
      23
      22
      14
      24
      28
      28
      20
      17
      27
      17
      20
      28
      20
      16
      31
      14
      17
      17
      24
      22
      26
      10
      24
      18
      18
      10
      20
      28
      12
      22
      16
      20
      16
      20
      21
      12
      17
      11
      15
      12
      14
      12
      14
      13
      11
      15
      16
       8
      19
      11
      13
       8
      15
      10
      10
      16
      12
      12
      11
      14
      14
       8
       8
      11
       7
       9
      16
      10
      10
       9
      12
      12
      18
      20
      19
      13
      12
      12
      11
       8
      10
      17
      11
      11
      14
      10
       8
      12
       7
      12
       9
       8
      12
      11
      10
       3
      13
      16
       9
      11
      10
      14
      11
      10
      14
      14
      14
      14
      10
      11
      14
      14
       7
       8
      11
       9
      13
      12
      11
      13
      12
       6
       9
       8
       8
      15
       8
      10
       7
       9
      11
       9
       8
       8
       7
       6
       6
       6
      10
       6
      13
      12
      11
      10
       9
       6
      17
      10
       6
       8
      14
       3
       4
       6
      12
       7
       7
       6
       7
       6
       6
       9
       9
      11
      12
       9
      10
       8
      12
       9
       9
       5
       3
      18
       5
       7
       9
      12
       9
       3
      11
      11
       4
       9
       7
       7
      13
      13
       3
       6
       9
      11
       7
       6
       9
       8
      12
       9
      16
       9
      11
      13
      10
      12
      10
      10
       6
      10
      11
       8
      10
       9
       8
      10
       9
      10
      12
       5
       4
      12
       6
      10
      11
       7
       6
       8
      12
       7
      13
      10
      12
       8
       9
      10
      13
       9
       6
       7
       6
      15
       2
       9
      12
       8
       6
       4
       9
       6
       6
       7
       5
      12
       3
       5
       9
       7
       4
       4
       8
      12
       9
       6
      14
       5
      11
       7
       4
       5
       7
       4
       6
       6
       9
       4
       6
      10
       6
      11
       6
       4
       8
       8
       7
       8
      11
       7
       5
       6
       6
      10
       8
      12
       5
       6
       6
       2
       7
       6
       8
       6
       4
       3
       7
       9
       5
       9
       5
       1
       4
      10
      11
       6
       6
       7
       7
      10
      14
       3
       7
       6
       6
       4
       7
       8
       6
       6
      10
      11
      11
       7
       8
       3
       4
       7
       6
       9
       4
       7
       9
       4
       3
       9
       4
       8
      11
       4
       5
       4
       5
       7
       8
       7
       4
       5
       7
       4
       3
       5
       2
      10
       5
       6
       5
      11
       6
       4
       5
       4
       7
       7
       3
       8
       9
       9
      12
       5
       5
       5
       6
       4
       4
       7
       8
       5
       2
       4
      10
       4
       3
       5
       4
       4
       2
       6
       8
       3
       4
       5
       6
       3
       4
       5
       4
       4
       5
       2
       4
       6
       4
       1
       5
       4
       4
       3
       5
       7
       5
       6
       4
       3
       2
       4
       3
       3
       3
       3
       5
       4
       7
       5
       4
       2
       2
       6
       6
       3
       4
       4
       4
       2
       2
       1
       1
       5
       1
       1
       2
       3
       2
       4
       3
       1
       9
       4
       3
       3
       3
       3
       1
       7
       3
       3
       7
       1
       4
       3
       6
       2
       8
       8
       4
       5
       4
       4
       4
       8
       2
       2
       5
       1
       1
       5
       2
       4
       3
       2
       8
       4
       6
       4
       4
       5
      10
       6
      10
       5
       5
       7
       6
       8
      10
       4
       7
      12
       8
       7
      11
       7
       9
       7
      12
       6
       7
      10
       6
      12
       7
      15
       7
      23
      13
       7
       6
       7
      10
      14
       5
      14
      10
      19
       9
      11
      19
      20
      14
      17
      12
       9
      15
      10
      18
      17
      16
      12
      14
      18
      13
      10
      13
      16
      16
      12
      10
      12
      19
       9
       7
      24
      15
       9
      13
      17
      18
      16
       7
      13
      14
      16
      14
       9
      17
      13
      16
      17
      10
       9
      15
       8
      11
       4
      12
      12
      12
       8
      12
      13
       5
       6
       9
       8
       5
       5
       7
       8
      11
       7
       4
       6
       5
      14
       3
       7
      11
       3
       3
       8
       4
       3
       6
       6
       2
       5
       5
       7
       3
       1
       0
       6
       3
       0
       6
       5
       3
       4
       2
       2
       4
       0
       2
       2
       3
       3
       2
       6
       4
       1
       1
       0
       1
       3
       0
       2
       2
       1
       2
       2
       3
       2
       1
       0
$ROI:
1
356 503
$PRESETS:
Live Time
300
0
$ENER_FIT:
3.366946 1.602176
$MCA_CAL:
3
3.366946E+000 1.602176E+000 -1.165550E-005 keV
$SHAPE_CAL:
3
4.916061E+001 0.000000E+000 0.000000E+000
