$SPEC_ID:
No sample description was entered.
$SPEC_REM:
DET# 2
DETDESC# BGO detector for MSc Detector lab
AP# Maestro Version 7.01
$DATE_MEA:
11/19/2018 19:12:04
$MEAS_TIM:
300 301
$DATA:
0 1023
       0
       0
       0
       0
       0
     110
     692
    1160
    1650
    2427
    3369
    4373
    5511
    6520
    6995
    7495
    7540
    7178
    6649
    5799
    4964
    3996
    3277
    2553
    2026
    1711
    1355
    1230
    1072
     973
     961
    1033
    1096
    1190
    1203
    1360
    1426
    1607
    1641
    1759
    1930
    1943
    2162
    2170
    2306
    2357
    2344
    2367
    2302
    2169
    2079
    2017
    1913
    1748
    1651
    1429
    1328
    1242
    1098
     939
     928
     802
     780
     681
     653
     560
     587
     532
     515
     533
     511
     446
     466
     506
     484
     517
     489
     513
     467
     488
     448
     532
     511
     497
     508
     552
     499
     541
     520
     507
     551
     514
     510
     519
     559
     508
     570
     499
     572
     547
     477
     497
     530
     496
     511
     494
     519
     556
     512
     513
     507
     506
     471
     482
     473
     464
     493
     498
     457
     442
     406
     433
     495
     442
     433
     429
     452
     418
     404
     422
     426
     446
     418
     408
     361
     401
     388
     370
     363
     340
     337
     413
     364
     349
     366
     343
     352
     369
     364
     359
     376
     352
     339
     358
     335
     371
     384
     369
     399
     371
     398
     427
     430
     457
     467
     461
     483
     508
     516
     513
     543
     562
     554
     609
     569
     610
     653
     641
     636
     603
     602
     661
     665
     619
     665
     651
     629
     606
     658
     585
     710
     646
     643
     658
     679
     677
     679
     733
     720
     710
     797
     784
     781
     817
     779
     896
     922
     944
     960
     943
     993
    1060
    1029
    1101
    1076
    1103
    1181
    1157
    1189
    1233
    1179
    1194
    1179
    1200
    1128
    1166
    1110
    1079
    1119
    1076
     982
    1066
     989
     906
     896
     874
     839
     776
     725
     702
     677
     625
     601
     589
     511
     450
     455
     369
     349
     358
     317
     301
     303
     260
     224
     250
     207
     187
     172
     170
     130
     135
     119
      94
      98
     101
      86
      74
      90
      73
      52
      67
      55
      48
      47
      42
      53
      34
      47
      49
      41
      36
      36
      31
      35
      23
      30
      28
      33
      39
      27
      22
      39
      24
      31
      27
      24
      17
      33
      25
      30
      31
      25
      22
      21
      30
      32
      28
      20
      21
      24
      25
      24
      33
      37
      16
      26
      22
      23
      23
      28
      21
      22
      18
      16
      22
      13
      30
      24
      21
      22
      17
      22
      22
      21
      17
      19
      17
      23
      21
      24
      22
      25
      29
      23
      21
      22
      28
      13
      20
      22
      25
      26
      18
      21
      26
      25
      25
      23
      23
      18
      30
      19
      28
      27
      26
      20
      26
      15
      20
      22
      18
      21
      23
      20
      24
      27
      16
      31
      17
      27
      24
      24
      24
      20
      21
      27
      21
      20
      20
      32
      18
      26
      22
      27
      17
      13
      25
      16
      16
      24
      20
      15
      14
      18
      18
      19
      19
      12
      14
      14
      20
      15
      12
      14
      20
      14
       9
      14
      19
       9
      21
      11
      11
      21
      14
      18
      13
       9
      17
      17
      13
      17
      11
      19
       9
      11
      13
      18
      11
      11
      11
      11
      13
      20
      10
      11
      11
       8
      13
      13
      11
      13
       9
      13
       9
      12
      13
      11
      10
       7
      12
      12
      14
       9
       9
      14
      11
      14
      10
      12
       7
      13
      10
       6
      10
      21
      13
       7
      18
       9
       8
      19
      10
      12
      17
       9
       6
      12
       9
       7
      12
      13
      11
      12
      18
       9
      11
      11
      12
       7
       9
       7
       8
      14
       5
      11
      12
       3
       4
      16
       7
       8
      13
      12
       5
      12
       8
       6
       5
       8
      13
      12
      12
       8
      10
       3
       7
      11
       5
      12
      12
       3
      12
       4
       7
       7
       8
       6
      13
       9
      10
       9
      11
       9
      12
       4
       8
      10
      11
       9
       6
      10
      15
       6
      16
      12
      11
      10
       5
       6
       6
       5
      10
       7
      13
       8
      12
      15
       8
       6
      15
       5
       7
      12
      11
      11
       8
      12
       9
      17
      12
      10
      10
       7
      14
       7
      12
       9
      10
       7
      15
      12
       8
       6
      11
       9
       4
      11
       3
      11
       7
       6
       8
       6
       8
       6
       4
       9
       3
       8
       8
       3
       4
      12
       9
       5
      11
       9
       6
       6
       7
       4
       3
       1
       5
       8
      11
       8
       4
       7
      10
       3
       6
       6
       8
       3
       5
       8
      11
       1
       8
       8
       6
       8
       6
       6
       7
       7
       7
       6
       4
       4
       6
      10
       8
       4
       5
       5
       4
       6
       6
       4
       5
      10
       4
      10
       7
      10
       6
       6
       4
       8
       5
       6
       8
       6
       4
       6
       9
       7
       5
       6
       8
       6
       7
       0
       6
       9
       6
       4
       4
       4
       7
      10
       7
       6
       7
       4
       4
       5
       1
       9
       6
       6
       7
       5
       9
       7
       9
       5
      10
      11
       7
       4
       5
       7
       5
       8
       4
       5
       4
       4
       5
       8
       9
       9
       6
       4
       6
       7
       7
       6
       3
       8
       1
       8
       6
      10
       5
       8
       5
       7
       4
       5
       6
       3
       3
       4
       4
       6
       2
       4
       6
       5
       8
       7
       3
       5
       5
       4
       3
       4
       5
       3
       7
       4
       2
       7
       4
       5
       5
       5
       7
       3
       4
       3
       5
       2
       3
       8
       3
      10
       3
       4
       7
       1
       6
       5
       7
       1
       2
       6
       4
       5
       6
       1
       4
       3
       4
       5
       7
       4
       3
       5
       5
       2
       5
       2
       3
       5
       1
       3
       4
       2
       5
       2
       3
       5
       5
       5
       3
       9
       2
       3
       1
       7
       0
       3
       2
       9
       2
       5
       2
       2
       2
       6
       0
       5
       6
       2
       3
       4
       6
       5
       8
       8
       5
       8
       4
       6
       6
       3
      12
       3
       5
       5
       5
       7
      11
      10
       2
       5
       5
       4
      10
       6
       5
       6
      11
       8
       4
       6
      10
       5
       4
       6
      10
       3
       8
       4
       7
      10
       6
      10
       7
      12
       7
       8
       9
       7
      16
      13
      11
      11
      17
       6
       9
      12
      10
       8
      16
      12
      15
      15
       9
      14
       6
      16
      12
      13
      14
      12
      16
       7
      17
      19
      18
      10
      12
      11
       9
      14
      15
      13
      24
      27
      18
      13
       7
      14
      20
      15
       8
      16
      12
      14
      14
      12
      13
      18
      13
      12
      16
      12
      18
      12
      12
      11
       9
      11
      15
       7
       8
       6
      12
       6
      12
       8
      10
       5
       8
       6
       2
       9
       1
       8
       9
       9
       8
       5
       8
       6
       4
       8
       6
       8
       4
       7
       3
       7
       7
       7
       4
       7
       4
       2
       2
       2
       7
       7
       3
       2
       3
       4
       4
       7
       2
       3
       3
       2
       4
       2
       2
       1
       4
       1
       1
       4
       0
       0
       4
       1
       3
       0
       2
       2
       3
       0
       3
       0
       4
       1
       1
$ROI:
1
356 503
$PRESETS:
Live Time
300
0
$ENER_FIT:
3.366946 1.602176
$MCA_CAL:
3
3.366946E+000 1.602176E+000 -1.165550E-005 keV
$SHAPE_CAL:
3
4.916061E+001 0.000000E+000 0.000000E+000
