$SPEC_ID:
No sample description was entered.
$SPEC_REM:
DET# 2
DETDESC# BGO detector for MSc Detector lab
AP# Maestro Version 7.01
$DATE_MEA:
11/19/2018 18:24:17
$MEAS_TIM:
300 301
$DATA:
0 1023
       0
       0
       0
       0
       0
      96
     704
    1179
    1702
    2352
    3399
    4644
    5783
    6817
    7709
    8103
    8326
    7841
    7384
    6511
    5718
    4633
    3774
    2944
    2354
    1875
    1490
    1330
    1137
    1050
    1075
    1068
    1050
    1115
    1272
    1236
    1343
    1442
    1573
    1689
    1787
    2017
    2079
    2140
    2231
    2256
    2301
    2400
    2343
    2204
    2209
    1992
    1858
    1837
    1644
    1533
    1357
    1190
    1166
    1009
     897
     833
     723
     648
     632
     551
     550
     522
     502
     481
     463
     431
     452
     479
     442
     446
     427
     475
     452
     467
     450
     441
     492
     470
     499
     492
     500
     544
     496
     502
     501
     471
     494
     497
     537
     474
     511
     534
     514
     508
     451
     491
     501
     506
     510
     449
     440
     451
     533
     447
     482
     498
     409
     413
     465
     411
     421
     492
     430
     436
     424
     402
     421
     432
     400
     431
     355
     398
     379
     381
     422
     419
     389
     378
     388
     338
     361
     369
     367
     380
     351
     356
     321
     334
     318
     346
     345
     349
     329
     335
     339
     345
     313
     344
     314
     340
     336
     355
     346
     375
     383
     403
     409
     375
     438
     431
     435
     446
     449
     477
     507
     511
     516
     553
     542
     553
     560
     533
     560
     531
     564
     561
     608
     634
     582
     545
     625
     588
     634
     634
     626
     624
     615
     611
     619
     608
     617
     654
     660
     670
     692
     745
     727
     729
     779
     762
     885
     837
     867
     878
     924
     920
     950
     980
    1070
    1033
    1081
    1083
    1110
    1162
    1137
    1204
    1125
    1138
    1143
    1150
    1155
    1113
    1080
    1050
    1080
    1006
    1023
    1004
     940
     875
     869
     818
     771
     744
     682
     685
     624
     612
     530
     535
     515
     435
     407
     391
     334
     334
     312
     299
     275
     252
     210
     200
     198
     198
     187
     156
     161
     128
     113
     119
      94
      89
      92
      65
      58
      72
      64
      64
      51
      50
      55
      42
      49
      40
      43
      34
      39
      43
      37
      35
      23
      32
      29
      28
      35
      32
      33
      32
      30
      23
      27
      36
      35
      20
      28
      31
      23
      36
      28
      25
      19
      22
      27
      31
      22
      22
      20
      22
      20
      27
      25
      25
      27
      17
      17
      36
      22
      28
      31
      19
      25
      23
      26
      26
      20
      22
      26
      27
      21
      15
      29
      22
      22
      16
      15
      18
      28
      25
      19
      22
      22
      27
      19
      23
      20
      27
      19
      23
      21
      26
      34
      23
      30
      29
      25
      23
      21
      26
      14
      19
      26
      16
      12
      23
      29
      28
      32
      33
      24
      18
      27
      26
      17
      28
      15
      23
      28
      19
      19
      19
      17
      20
      26
      22
      20
      23
      18
      25
      21
      35
      22
      13
      25
      25
      12
      28
      19
      18
      24
      24
      20
      27
      19
      23
      18
      21
      24
      22
      26
      16
      20
      21
      21
      15
      23
      18
      13
      18
      21
      25
      28
      17
      10
      21
      11
      11
      16
      10
      12
      17
      10
      12
      17
       9
      17
      15
      15
      12
      12
      19
      16
      15
      12
      11
       8
      13
      11
       6
      14
      18
       7
      10
      10
       4
      12
      16
      12
      12
      12
       9
      11
       5
      11
       8
      13
       7
      10
       8
      12
      10
       9
      11
      13
      10
      15
      13
       7
      13
       6
      10
      10
      12
      11
      14
      12
       8
      10
       5
      12
      15
       8
       6
      16
      12
      10
       7
      10
      12
       9
       9
       9
      11
      12
       9
      12
       9
       9
      16
       7
      10
       8
      11
      12
       8
       7
       7
       6
       9
       7
       9
      12
       8
      11
       2
       7
       7
      13
       8
       3
       5
      12
       8
      10
      12
       6
      14
       6
      14
      13
       9
       9
       8
       9
       5
      11
       5
       9
      12
      10
       9
      13
       9
       7
      10
      10
       7
      11
       9
       8
       8
      10
      12
       7
       9
       6
      14
      11
       7
      13
      13
       7
       8
       9
       9
       7
       3
      10
      11
      11
      10
      11
      16
       9
       8
       9
      10
      13
       7
       9
       8
      11
      11
      13
      10
       7
       8
      12
      12
       8
       4
       3
       7
       6
       8
       9
       9
       7
       6
       7
       4
       3
       4
       5
      12
       8
       6
       8
       4
       6
       4
       8
      11
      15
       5
      11
       9
       5
       9
       7
       8
       9
       9
       8
       8
      10
       9
       9
       5
       6
      13
      10
       7
       2
       8
      12
       7
       8
       4
       7
       9
       4
       4
       2
       6
       4
       3
       4
      10
       5
       6
       7
       8
       1
       5
       2
       6
       8
       4
       6
      10
       2
       5
       8
       6
       6
       5
       3
       6
      12
       4
       4
       7
       6
       3
       6
      10
       8
       5
       6
      13
       7
       8
       6
      11
       6
       2
       9
       7
      11
       6
       4
       9
      10
       6
       7
       7
       7
       5
       7
       9
      10
       6
       8
       5
      11
       4
       5
       7
       6
       3
       3
       8
       5
       6
       6
       5
       6
       8
       6
       3
       5
      10
       4
       3
      10
       4
       5
       6
       8
       7
      10
       2
       1
       8
       5
       3
       7
       6
       4
       5
       5
       1
       8
      10
       7
       5
       7
       3
       6
       2
       5
       7
       5
       1
       6
       4
       6
       3
       4
       5
       5
       2
       5
       4
       4
       4
       7
       6
       5
       3
       4
       7
       1
       2
       4
       3
       5
       2
       3
       4
       1
       2
       3
       5
       6
       2
       3
       5
       3
       6
       5
       3
       4
       1
       8
       5
       6
       3
       5
       3
       5
       5
       3
       4
       6
       2
       7
       2
       3
       1
       3
       4
       6
       7
       2
       3
       4
       2
       3
       5
       7
       4
       6
       5
      12
       6
       3
       3
       3
       4
       7
       2
       4
      10
       7
       5
       5
       4
       5
       6
       8
       4
       4
       3
       7
       4
       6
       8
       4
       4
       5
       4
       5
       7
       5
       7
       6
       9
       2
       0
       8
       9
       5
      12
       4
      13
      10
      13
       5
       9
       7
       9
      10
       9
       7
      12
      12
      10
       9
      11
       6
      12
      10
      15
       7
      13
      19
      16
      10
      10
      15
      11
       6
      13
      16
      13
      20
      13
       9
      17
      15
      17
      14
       7
      19
      15
      16
      17
       8
      18
      14
      16
      15
      15
      13
      17
      13
      13
      12
      14
      17
      20
      15
      12
      16
      15
      10
      17
      17
      11
      13
       8
      12
       8
      14
      14
      14
      14
      11
       7
      12
      12
       9
      11
       7
      10
      12
      11
       5
       4
       7
       5
       9
       8
      10
       7
       4
       3
       6
       7
       6
       8
       4
       7
       4
       3
       3
       4
       4
       5
       5
       3
       2
       4
       4
       6
       4
       5
       5
       2
       2
       3
       4
       2
       1
       2
       1
       4
       2
       4
       4
       3
       3
       2
       0
       2
       2
       2
       4
       2
       2
       0
       5
       1
       0
       2
       2
       1
$ROI:
1
356 503
$PRESETS:
Live Time
300
0
$ENER_FIT:
3.366946 1.602176
$MCA_CAL:
3
3.366946E+000 1.602176E+000 -1.165550E-005 keV
$SHAPE_CAL:
3
4.916061E+001 0.000000E+000 0.000000E+000
