$SPEC_ID:
No sample description was entered.
$SPEC_REM:
DET# 2
DETDESC# BGO detector for MSc Detector lab
AP# Maestro Version 7.01
$DATE_MEA:
11/19/2018 18:51:19
$MEAS_TIM:
300 301
$DATA:
0 1023
       0
       0
       0
       0
       0
     108
     660
    1058
    1547
    2207
    3148
    4098
    5210
    6123
    6825
    7268
    7434
    7086
    6596
    5821
    5111
    4221
    3317
    2724
    2207
    1711
    1358
    1198
    1052
     985
     928
     997
     996
    1095
    1141
    1185
    1345
    1387
    1484
    1631
    1690
    1857
    1919
    1972
    2048
    2210
    2132
    2198
    2097
    2069
    1985
    1871
    1801
    1738
    1522
    1359
    1253
    1193
     998
     973
     889
     793
     701
     619
     615
     558
     514
     534
     484
     443
     469
     485
     447
     441
     443
     433
     466
     441
     452
     465
     425
     442
     427
     482
     481
     467
     534
     462
     533
     491
     509
     480
     521
     518
     514
     489
     470
     529
     500
     470
     472
     510
     461
     449
     456
     504
     503
     496
     450
     440
     447
     464
     442
     453
     437
     448
     427
     429
     392
     417
     398
     420
     429
     384
     411
     398
     396
     396
     382
     377
     358
     362
     379
     364
     360
     329
     362
     342
     346
     317
     349
     325
     381
     324
     313
     344
     339
     295
     325
     292
     323
     300
     285
     314
     313
     370
     343
     375
     362
     348
     362
     331
     376
     408
     417
     427
     438
     473
     484
     453
     468
     490
     477
     515
     484
     507
     489
     554
     562
     586
     561
     542
     570
     587
     509
     531
     583
     573
     611
     545
     591
     596
     584
     575
     629
     623
     618
     651
     634
     615
     679
     656
     721
     705
     708
     705
     768
     826
     830
     863
     879
     872
     903
     938
     987
     943
     977
     983
    1041
    1005
    1022
    1124
    1033
    1111
    1068
    1018
     960
    1064
    1020
     986
     953
     908
     854
     875
     806
     798
     773
     754
     733
     678
     621
     565
     604
     510
     504
     460
     431
     432
     364
     382
     314
     322
     302
     261
     234
     236
     176
     179
     197
     168
     150
     127
     122
      95
      91
     115
      83
      79
      86
      76
      71
      57
      54
      51
      50
      42
      39
      49
      42
      36
      33
      41
      27
      29
      35
      28
      17
      33
      33
      31
      26
      34
      28
      40
      24
      27
      25
      23
      19
      20
      23
      27
      18
      23
      22
      23
      25
      31
      16
      26
      20
      18
      28
      20
      26
      24
      16
      21
      26
      22
      25
      24
      19
      28
      19
      21
      19
      20
      26
      22
      20
      31
      23
      20
      19
      25
      15
      20
      19
      22
      11
      25
      15
      27
      26
      19
      20
      29
      16
      27
      25
      28
      26
      36
      23
      24
      11
      28
      31
      22
      19
      31
      33
      28
      26
      19
      23
      28
      22
      19
      28
      29
      28
      27
      23
      18
      24
      25
      25
      25
      34
      27
      27
      22
      28
      18
      30
      27
      25
      20
      24
      17
      19
      17
      22
      29
      19
      29
      17
      32
      24
      21
      24
      11
      27
      20
      20
      17
      21
      15
      24
      19
      24
      18
      24
      17
      22
      13
      19
      27
      25
      23
      24
      20
      20
      33
      28
      20
      22
      22
      18
      17
      11
      18
      23
      22
      21
      15
      23
      10
      14
      13
      12
      19
      10
       7
      12
      11
      14
      10
      15
      13
      14
       9
      11
      17
      12
      10
       9
      13
       8
      12
      13
      12
       6
      16
      13
      15
      11
      14
      14
       6
      12
      14
       9
      12
       6
       8
       5
       8
      21
      12
       7
       8
       8
       9
      12
      12
       3
      10
       8
       8
       8
       8
      15
       8
      11
       8
       5
      11
       9
       5
       4
       9
      10
       7
      14
       5
      13
       9
      13
      13
       7
       8
      12
      12
      15
      10
       8
       9
       8
       5
       4
      10
       4
       7
      10
      22
       8
       7
       8
       4
       9
       7
      13
       6
       8
       4
      12
       7
      15
       7
       4
      10
       6
      11
       7
       8
       9
      10
       9
      13
      11
       7
      12
      12
       6
       6
       7
       8
      19
       7
       9
      13
      11
      11
      10
       8
       5
      13
       5
       8
       7
      12
      14
       7
       5
      18
      11
      11
      12
       5
      14
       8
      11
       8
       8
      13
      12
      16
      14
       9
      10
      13
       9
       8
       9
      12
       5
      10
      11
      14
      11
       4
       5
       9
       8
      11
       6
       5
      10
       8
       6
       6
       8
      10
       7
      12
       7
       7
       7
       8
       5
      12
      10
       6
       9
      12
       2
       3
      11
       4
       9
      11
       4
       3
       9
       5
       6
       5
       5
      10
      15
       5
       4
      10
       6
       3
       6
       9
       5
       3
       8
       3
       5
       5
       4
       6
       9
       6
       3
       5
       7
       4
       8
       5
       4
       5
       7
       4
       7
       5
       7
      10
       6
       8
      11
       6
       7
      10
       9
      10
       8
       2
       3
       3
       7
       8
       4
       4
       8
       8
       6
       6
       5
       4
       9
       6
       6
       5
       4
       4
       8
       9
       6
       7
       7
       7
       9
       7
       5
       5
       8
       3
       4
       9
       5
       8
       8
       4
      10
      12
       5
       9
       8
      10
       7
       6
       5
       7
       8
      10
       6
       6
       8
       7
       7
      12
       4
       4
       3
       9
       3
       7
       5
       6
       6
       8
       6
       2
       6
      10
       5
       2
       4
       7
       3
       2
       4
       5
       8
       6
       7
       3
       4
       5
       2
       7
       5
       1
       8
       3
       6
      10
       7
       5
       2
       5
      11
       0
       2
       3
       3
       5
       7
       7
       1
       5
       3
       3
       3
       1
       6
       3
       4
       4
       5
       4
       2
       1
       7
       2
       5
       5
       9
       8
       4
       3
       2
       5
       3
       4
       4
       2
       4
       5
       3
       2
       5
       4
       2
       3
       5
       6
       3
       4
       7
       4
       5
       3
       6
       3
       4
       4
       4
       2
       3
       3
       0
       3
       4
       4
       3
       3
       3
       9
       4
       0
       5
       1
       0
       7
       3
       1
       6
       6
       6
       9
       4
       4
       8
       4
       1
       6
       5
       9
       7
       4
       5
      10
       4
       6
       9
       6
       7
       5
       7
       7
       9
       8
       7
       8
       9
       7
      11
      10
       7
       6
       9
      18
       8
      12
      12
       4
       8
      12
      12
       8
      12
      14
      10
       8
      13
      13
      11
       8
       7
      17
      11
      11
      18
      13
      13
      18
      13
      15
      11
      19
      12
      15
       9
      18
      13
      18
      11
      28
      11
       9
      11
      17
      15
      18
      10
      15
      13
      12
      17
      18
      10
       8
       6
      17
      10
      14
      11
      11
      14
      12
      12
      17
      13
      13
      12
      17
      15
       8
      14
      14
      10
      15
       9
       8
      11
       6
      12
       9
      11
       8
       6
       5
       6
       8
       7
      11
       8
       4
       3
       7
       2
      10
       4
       6
       3
       8
       4
       5
       3
       2
       5
       5
       6
       4
       4
       2
       7
       3
       1
       3
       3
       6
       6
       2
       0
       1
       0
       1
       0
       0
       4
       0
       1
       1
       0
       2
       2
       5
       0
       0
       1
       1
       1
       0
       3
       0
$ROI:
1
356 503
$PRESETS:
Live Time
300
0
$ENER_FIT:
3.366946 1.602176
$MCA_CAL:
3
3.366946E+000 1.602176E+000 -1.165550E-005 keV
$SHAPE_CAL:
3
4.916061E+001 0.000000E+000 0.000000E+000
