$SPEC_ID:
No sample description was entered.
$SPEC_REM:
DET# 2
DETDESC# BGO detector for MSc Detector lab
AP# Maestro Version 7.01
$DATE_MEA:
11/19/2018 18:43:07
$MEAS_TIM:
300 301
$DATA:
0 1023
       0
       0
       0
       0
       0
      85
     625
     972
    1476
    2157
    3040
    4091
    5135
    6081
    6941
    7292
    7434
    7173
    6628
    5933
    5055
    4278
    3426
    2688
    2191
    1702
    1398
    1173
    1029
    1013
     918
     948
     966
    1023
    1103
    1128
    1222
    1328
    1460
    1517
    1593
    1656
    1805
    1893
    1946
    1969
    1999
    2038
    2071
    1926
    1920
    1843
    1752
    1519
    1496
    1336
    1254
    1072
     972
     905
     869
     739
     676
     617
     562
     561
     475
     459
     460
     420
     445
     438
     442
     449
     436
     426
     429
     466
     483
     447
     421
     459
     420
     475
     457
     459
     465
     470
     475
     453
     459
     463
     505
     454
     460
     486
     483
     476
     469
     472
     455
     487
     437
     459
     461
     451
     464
     435
     417
     437
     415
     408
     393
     452
     389
     402
     402
     453
     379
     375
     387
     388
     385
     396
     345
     367
     392
     344
     361
     343
     356
     313
     357
     377
     371
     346
     355
     295
     331
     323
     331
     300
     322
     335
     329
     301
     298
     331
     310
     289
     279
     310
     298
     307
     302
     338
     323
     310
     294
     336
     349
     386
     328
     363
     383
     397
     377
     415
     415
     391
     410
     454
     462
     460
     453
     452
     485
     511
     487
     509
     535
     510
     538
     501
     539
     532
     513
     544
     540
     538
     542
     556
     517
     547
     549
     537
     560
     560
     624
     565
     603
     601
     683
     652
     672
     728
     724
     708
     735
     771
     793
     813
     850
     928
     946
     934
     948
     998
    1019
     959
    1025
     998
    1039
    1029
     981
     959
    1011
     935
     922
     917
     957
     839
     881
     816
     748
     796
     749
     723
     690
     636
     628
     580
     558
     536
     487
     426
     455
     404
     403
     324
     369
     289
     298
     283
     216
     209
     202
     178
     168
     182
     143
     120
     137
     135
      93
      90
      96
      82
      82
      61
      67
      58
      61
      34
      48
      49
      41
      41
      51
      37
      37
      34
      35
      32
      33
      20
      28
      31
      24
      31
      34
      27
      25
      26
      29
      30
      26
      28
      21
      28
      28
      27
      17
      36
      29
      32
      27
      24
      18
      16
      19
      31
      36
      17
      24
      21
      24
      26
      34
      24
      20
      20
      20
      24
      25
      21
      23
      23
      20
      23
      22
      22
      19
      25
      26
      26
      22
      20
      18
      22
      28
      18
      26
      26
      24
      13
      26
      32
      22
      27
      17
      30
      20
      13
      24
      20
      19
      23
      20
      25
      33
      18
      29
      30
      25
      28
      27
      27
      25
      21
      26
      23
      29
      21
      22
      22
      18
      19
      14
      21
      24
      25
      22
      31
      18
      25
      24
      22
      39
      27
      15
      25
      29
      19
      27
      23
      22
      24
      25
      29
      29
      18
      20
      27
      27
      29
      23
      27
      20
      22
      22
      31
      16
      17
      27
      19
      17
      17
      32
      20
      17
      19
      21
      19
      20
      14
      16
      11
      17
      23
      12
      20
      21
      17
      10
      15
      12
      13
      19
       9
       8
      13
      15
      11
      12
       9
       9
      11
      14
      18
      12
      13
      10
      16
      14
       6
      12
      10
      20
      14
       8
      11
       9
      10
      13
       9
      10
      12
       8
       9
       9
      12
      11
      18
      10
      16
      10
       5
      12
      12
       9
      15
       9
       9
       8
      17
      12
      10
      11
      14
      10
      10
       6
       9
      10
      10
      14
      14
      11
       9
       7
      15
      13
      15
       6
      15
      15
       9
       9
      13
      12
      10
      11
       9
       6
       8
      10
       9
      13
      13
      11
       7
      10
      13
      13
      12
       9
       7
      13
      15
      16
       5
       7
       7
      12
       9
      13
       7
       9
       6
      11
      12
       6
      11
       3
       8
       9
       6
       3
       8
      13
      12
      11
      13
      11
       8
      10
       9
      15
       6
      14
       9
       9
      14
       9
       5
      11
       7
       7
      12
       8
       8
       8
      14
      10
      13
      12
       5
       8
      12
      10
      10
      10
       8
      12
       8
       9
      12
       5
       7
       8
       9
      13
       8
       8
       8
      11
       6
       7
       7
       9
      14
       8
       6
      10
      12
      16
       6
      11
      10
       3
       8
      12
      13
      11
      12
      12
       4
       7
       7
       8
      13
      10
       6
      11
       5
       5
       6
      10
       8
       6
       9
       6
       7
       9
       7
       8
       3
       8
       4
       8
       7
       5
       6
       8
      13
       8
      10
       6
       6
       6
       7
       7
       7
       6
       3
       2
       6
       4
       6
       6
      13
       9
       6
       5
       7
      10
       6
      10
       7
       5
       4
      10
       7
       4
       9
       7
       7
      10
       3
       6
       6
       3
       8
       6
       5
       4
       5
       6
       9
       8
       4
       4
       7
       5
      11
       7
       8
       4
       8
       3
      11
       8
       8
       4
       5
       6
       3
       5
       5
       8
      10
       5
       5
       7
       5
       7
      10
      11
       9
       6
       9
       3
       4
       9
       6
       8
      10
       8
       7
       5
       7
       6
       5
       4
       8
       6
       4
       2
       5
       9
       1
       3
       8
      12
       5
       3
       5
       7
       4
       6
       5
       7
       5
       6
       5
       6
       5
       6
       4
       7
       4
       3
       6
       4
       5
       2
       5
       5
       3
       4
       3
       7
       5
       5
       4
       3
       4
       5
       9
       3
       3
       4
       3
       4
       2
       7
       3
       2
       1
       6
       2
       3
       6
       2
       4
       3
       4
       5
       4
       5
       5
       5
       2
       4
       4
       2
       7
       8
       4
       5
       4
       5
       6
       6
       7
       2
       5
       4
       6
       3
       3
       3
       3
       5
       3
       3
       9
       4
       5
       1
       7
       8
       5
       0
       5
       3
       4
       8
       8
       6
       6
       3
       4
       8
       6
       4
       2
       5
       5
       4
       3
       3
       7
       4
       6
       2
       6
       6
       6
       5
       3
       6
       7
       4
       4
       4
       5
       5
       3
       7
       5
       9
       4
       8
       5
       3
       9
       4
      10
       8
       7
      10
       6
       6
       4
       6
       7
       5
       9
       8
      10
       9
      14
      12
       4
      12
      14
       8
       9
      15
       9
      10
      12
      14
      19
      18
      12
      13
      10
      10
      15
      23
       6
      16
      18
      16
       6
      12
      10
      14
      13
      14
      15
      20
      19
      12
      23
      17
      12
      20
      14
      16
      20
      15
      17
      15
      10
      11
      16
      25
      10
       9
       5
      11
      11
      18
      20
      15
      14
      15
      11
      16
      10
       7
      11
       9
      15
       7
       7
      11
      15
       6
       8
      11
      14
       7
      13
      11
       9
       4
       6
       6
       5
      12
       4
       6
       1
       9
       6
       9
       7
       1
       7
       2
       4
       7
       7
       6
       3
       2
       2
       5
       2
       6
       1
       5
       5
       2
       7
       3
       1
       4
       3
       4
       2
       4
       3
       3
       2
       2
       0
       0
       2
       3
       1
       3
       2
       1
       3
       1
       2
       4
       0
$ROI:
1
356 503
$PRESETS:
Live Time
300
0
$ENER_FIT:
3.366946 1.602176
$MCA_CAL:
3
3.366946E+000 1.602176E+000 -1.165550E-005 keV
$SHAPE_CAL:
3
4.916061E+001 0.000000E+000 0.000000E+000
