$SPEC_ID:
No sample description was entered.
$SPEC_REM:
DET# 2
DETDESC# BGO detector for MSc Detector lab
AP# Maestro Version 7.01
$DATE_MEA:
11/19/2018 17:34:48
$MEAS_TIM:
300 301
$DATA:
0 1023
       0
       0
       0
       0
       0
     124
     893
    1296
    1659
    2446
    3286
    4342
    5248
    6294
    6995
    7312
    7348
    7109
    6533
    5566
    4929
    4056
    3270
    2626
    2142
    1794
    1497
    1302
    1241
    1211
    1179
    1276
    1358
    1527
    1674
    1838
    1986
    2171
    2301
    2580
    2762
    2938
    3134
    3345
    3301
    3373
    3478
    3420
    3365
    3272
    3098
    2930
    2801
    2545
    2319
    2143
    1916
    1774
    1533
    1409
    1245
    1155
    1052
     927
     898
     808
     795
     763
     729
     669
     707
     685
     652
     681
     654
     647
     675
     716
     692
     705
     668
     740
     722
     730
     780
     764
     762
     798
     813
     833
     862
     830
     798
     854
     823
     871
     799
     827
     874
     920
     893
     810
     859
     827
     840
     851
     802
     846
     822
     787
     844
     773
     807
     768
     723
     765
     732
     732
     765
     720
     773
     721
     736
     781
     722
     773
     702
     678
     681
     697
     710
     615
     672
     646
     661
     634
     650
     641
     624
     625
     607
     589
     626
     657
     580
     597
     595
     621
     590
     588
     626
     634
     623
     632
     634
     668
     726
     689
     732
     755
     757
     769
     754
     804
     877
     878
     910
     920
     942
     938
     995
     977
    1020
    1020
    1085
    1107
    1092
    1094
    1121
    1156
    1153
    1159
    1164
    1130
    1190
    1206
    1170
    1247
    1210
    1193
    1228
    1185
    1256
    1212
    1276
    1302
    1313
    1272
    1424
    1350
    1397
    1506
    1584
    1646
    1634
    1671
    1682
    1687
    1792
    1826
    1900
    1963
    2058
    2090
    2129
    2138
    2129
    2110
    2165
    2190
    2170
    2194
    2199
    2222
    2186
    2159
    2136
    2038
    2091
    1847
    1882
    1832
    1820
    1780
    1621
    1574
    1471
    1415
    1360
    1356
    1194
    1197
    1070
     971
     967
     853
     838
     761
     740
     634
     621
     556
     503
     468
     447
     408
     389
     324
     318
     245
     249
     260
     216
     211
     163
     184
     132
     141
     119
      99
     110
      80
      79
      83
      80
      73
      57
      65
      61
      56
      41
      46
      47
      48
      45
      45
      42
      41
      36
      37
      34
      46
      30
      25
      39
      30
      30
      29
      34
      33
      21
      31
      26
      30
      27
      25
      23
      24
      29
      23
      19
      24
      17
      21
      26
      26
      25
      27
      21
      25
      19
      24
      19
      21
      26
      15
      19
      29
      22
      23
      25
      19
      20
      18
      25
      17
      26
      34
      14
      22
      21
      21
      21
      25
      20
      13
      26
      22
      29
      23
      26
      24
      30
      21
      22
      21
      24
      21
      27
      17
      31
      20
      21
      27
      22
      25
      26
      18
      25
      26
      28
      22
      24
      36
      26
      33
      22
      22
      22
      19
      29
      24
      27
      17
      28
      23
      26
      22
      25
      37
      26
      23
      28
      24
      23
      30
      24
      15
      35
      29
      24
      19
      29
      23
      24
      22
      21
      30
      24
      27
      21
      20
      18
      21
      23
      22
      15
      23
      27
      32
      26
      24
      14
      16
      24
      35
      17
      17
      30
      20
      15
      15
      16
      18
      18
      18
      13
      16
      20
       9
      19
      18
      16
      12
      24
      17
      16
      16
       9
       9
      17
      14
      13
      12
       8
      10
       9
      16
      13
      12
       8
      13
       8
      15
      11
      15
      11
      12
      12
       7
       9
       5
      10
      16
       8
       7
      13
      10
      10
      11
       7
      12
       8
      11
       7
      15
       9
      15
      11
      14
      12
      15
      16
       9
      13
      13
      11
      11
      12
      10
      11
       4
      18
       5
      14
      14
      12
      14
      12
       9
      11
      11
       8
       8
      10
       4
       6
      16
       6
      14
       5
       9
       6
       7
       5
       9
      11
       7
      10
       4
       9
       5
       8
       6
      11
      16
      10
      11
       6
       5
      11
      11
      10
       8
      13
      10
      11
       8
      13
       7
       9
       4
      12
      10
       9
       5
       2
      10
       9
       7
       9
       7
      11
      11
       7
      13
      11
       9
       7
       9
      14
      12
       9
      10
       6
       8
      14
      11
      12
      12
      11
      12
       6
       9
       9
      13
      12
      11
       8
       7
       8
       7
       7
       7
       6
      15
       7
      10
       8
       7
       8
      10
      10
       5
       6
       6
       6
       6
       4
      12
       5
       9
       8
       7
       6
      15
      11
       6
       6
       8
       4
       6
       6
       5
      13
       6
       5
      12
       9
      11
       4
       9
      10
       6
       9
       7
      10
       4
       3
      11
       7
      12
       8
      11
       5
       8
       8
       8
       5
      15
       6
       7
       4
       5
      11
       8
      11
       5
       5
       9
       5
       5
       6
       7
       4
       5
       7
       4
       4
       7
       6
       7
       4
       3
       2
       7
       6
       7
       8
       9
      12
       6
       4
       7
       5
       4
       2
       9
       5
       4
       8
       8
       5
       9
       8
       7
       4
       9
       6
       3
       7
      10
       4
       6
       8
       7
       5
       3
       8
      10
       8
       6
      10
       7
       3
       5
       8
       7
       6
       5
       8
       4
       9
       9
       3
       5
       7
       6
       8
       5
       5
       3
       6
       7
      10
       5
       2
       6
       7
       7
       8
      10
       6
       4
       9
       4
       8
       1
       7
       6
       7
       9
       8
       7
       3
       6
       4
       3
       5
       6
       7
       4
       7
       4
       3
       6
      11
       6
       1
       5
       3
       4
       5
       4
       4
       6
       4
       6
       3
       3
       6
       6
       3
       1
       6
       4
       6
       5
       1
       2
       6
       4
       6
       9
       7
       3
       3
       6
      10
       7
      11
       6
       6
       6
       9
       6
       2
       3
       4
       6
       8
       4
       7
       2
       4
       5
       5
       4
       4
       5
       2
       3
       5
       1
       2
       1
       4
       1
       7
       3
       5
       6
       7
       4
       3
       2
       2
       0
       3
       1
       1
       7
       5
       4
       3
       5
       3
       1
       5
       3
       7
       4
       6
       2
       3
       2
       1
      10
       8
       4
       8
       7
       2
       3
       3
       7
       5
       9
       7
       4
       5
       5
       8
       4
       4
      10
       7
       6
       9
      11
       5
       5
       9
       5
       4
       8
       9
       9
       5
       5
      10
       8
       9
       7
       3
       9
      11
      12
      11
       8
       8
      12
      11
       8
      12
      13
      12
      15
      11
       9
      10
      19
      13
      11
      11
      12
      18
      14
      19
       5
      14
      17
      15
       9
      20
      13
       7
      21
      13
      23
       8
       7
      16
      21
      16
       9
      16
      12
      13
      15
      15
      11
      18
      10
       9
      11
       9
       8
      10
       9
      15
       9
      11
      12
      21
      14
      15
      14
       6
      11
      14
      13
       8
       6
       5
       7
       4
       9
       5
       7
      12
       9
       6
      10
       8
       7
      11
      10
       3
       6
       3
       2
       6
       5
       2
       4
       7
       8
       7
       5
       2
       4
       5
       4
       3
       4
       2
       5
       2
       2
       3
       2
       1
       9
       1
       1
       3
       1
       0
       2
       3
       2
       3
       1
       1
       1
       1
       1
       1
       2
       1
       3
       1
       1
$ROI:
1
356 503
$PRESETS:
Live Time
300
0
$ENER_FIT:
3.366946 1.602176
$MCA_CAL:
3
3.366946E+000 1.602176E+000 -1.165550E-005 keV
$SHAPE_CAL:
3
4.916061E+001 0.000000E+000 0.000000E+000
