$SPEC_ID:
No sample description was entered.
$SPEC_REM:
DET# 2
DETDESC# BGO detector for MSc Detector lab
AP# Maestro Version 7.01
$DATE_MEA:
11/19/2018 17:56:44
$MEAS_TIM:
300 301
$DATA:
0 1023
       0
       0
       0
       0
       0
     103
     982
    1557
    2252
    3306
    4587
    6072
    7743
    9090
   10162
   10706
   10688
   10083
    9292
    8093
    6872
    5525
    4506
    3625
    2931
    2284
    1772
    1546
    1351
    1293
    1281
    1325
    1336
    1417
    1552
    1625
    1872
    1960
    2162
    2314
    2449
    2680
    2813
    3044
    3018
    3120
    3181
    3008
    3004
    2900
    2884
    2587
    2459
    2281
    1972
    1895
    1704
    1464
    1395
    1220
    1071
     954
     831
     850
     741
     711
     634
     604
     567
     555
     600
     521
     531
     563
     557
     538
     516
     568
     572
     561
     543
     566
     553
     577
     583
     603
     630
     600
     647
     566
     603
     591
     682
     698
     641
     677
     663
     697
     680
     648
     629
     663
     672
     637
     673
     706
     676
     643
     627
     719
     628
     648
     692
     654
     628
     568
     622
     616
     586
     569
     619
     575
     590
     607
     544
     570
     553
     520
     547
     586
     524
     506
     516
     533
     461
     474
     498
     490
     435
     476
     489
     466
     406
     420
     413
     418
     452
     406
     405
     419
     414
     448
     416
     491
     455
     449
     499
     498
     500
     544
     507
     569
     541
     597
     591
     615
     611
     607
     673
     700
     695
     742
     780
     785
     753
     789
     815
     839
     843
     799
     809
     882
     809
     893
     853
     881
     872
     824
     891
     931
     923
     883
     870
     920
     948
     968
    1005
     971
    1038
    1052
    1059
    1092
    1176
    1155
    1227
    1259
    1332
    1336
    1397
    1433
    1532
    1554
    1579
    1634
    1686
    1673
    1686
    1744
    1714
    1742
    1763
    1775
    1766
    1759
    1679
    1668
    1627
    1587
    1639
    1590
    1500
    1422
    1438
    1382
    1347
    1301
    1146
    1161
    1117
    1013
     995
     919
     879
     795
     800
     709
     643
     648
     600
     564
     504
     447
     434
     368
     320
     294
     280
     243
     259
     205
     214
     199
     173
     145
     142
     114
     118
     117
     104
     117
     110
      75
      75
      64
      59
      68
      63
      54
      40
      54
      45
      44
      46
      39
      29
      48
      35
      23
      39
      40
      19
      32
      28
      24
      29
      32
      29
      25
      32
      27
      28
      19
      38
      17
      27
      25
      19
      21
      24
      19
      28
      24
      31
      19
      15
      20
      16
      25
      28
      21
      29
      29
      19
      25
      21
      23
      25
      27
      23
      19
      29
      17
      17
      23
      24
      30
      25
      21
      25
      25
      15
      27
      17
      25
      18
      23
      31
      15
      20
      22
      17
      18
      21
      25
      21
      26
      14
      30
      22
      24
      22
      22
      16
      19
      19
      21
      21
      22
      25
      29
      22
      28
      15
      24
      33
      27
      29
      37
      25
      31
      33
      25
      24
      20
      21
      20
      20
      25
      24
      25
      21
      24
      23
      21
      16
      18
      36
      22
      14
      43
      23
      27
      23
      19
      17
      15
      38
      19
      33
      21
      21
      18
      24
      19
      22
      23
      28
      26
      17
      22
      22
      21
      23
      25
      14
      28
      18
      21
      20
      22
      16
      20
      21
      21
      21
      27
      16
      24
      18
      12
      16
      13
      26
      17
       9
      12
      11
      13
      16
      15
      15
      19
       7
      16
      16
      16
      19
      13
      11
      14
      16
      13
      19
      15
      18
       9
      19
      17
      15
      11
      15
       9
      11
      12
       9
      13
      10
      11
       9
       9
       8
      12
       7
      11
      10
       5
      13
       9
      10
      14
       7
       7
      11
      11
      10
       9
       7
       7
      12
       8
       3
      12
       8
      14
       9
       7
      17
      11
      10
      13
       9
       6
      10
      15
      10
      11
      16
       9
       6
      11
      13
       4
      14
       6
      12
      10
       8
       5
      11
       8
       7
      11
      12
      10
       6
       8
      13
      12
      12
       9
      13
      10
       5
       8
       6
      19
      10
       6
       9
       9
      12
       3
       9
      11
       7
       7
      12
      10
      15
       8
      12
       8
       9
       7
       9
      10
       7
      13
       6
       9
      13
       2
       9
      11
      11
       6
       9
       6
      14
       8
       5
      11
       7
      11
      10
      12
      11
      13
      19
      11
       4
       8
       9
      14
       9
       9
      10
       7
       9
       7
       6
      10
       7
      10
       9
       9
      10
      13
       8
      12
       7
       8
       7
       8
      11
       8
       8
       4
      10
      11
       5
       5
       7
       7
      10
       8
       6
       9
      12
       7
       9
      14
      11
       7
       4
       7
       6
       8
       9
       9
       9
       8
       7
      10
       9
       7
       7
       5
       2
       2
       6
       5
       9
       4
       6
       4
       7
       6
       4
       7
       4
       3
       3
       5
       5
       4
      10
       6
      10
       7
       4
      10
       3
      10
       6
       6
       8
       9
       8
       5
       9
       8
       4
       5
       5
       5
       9
       5
       7
       8
       9
       9
       6
       4
       8
       5
       5
       6
       7
       2
       7
       9
       6
       5
       5
       7
       8
       7
       6
       7
       7
       6
       8
       3
       5
       5
       7
       1
       6
       6
       4
       7
       6
       8
       7
       5
       6
       8
       5
       5
       4
       8
       4
       7
       9
       4
      12
       2
       6
       4
       5
       6
       6
       5
       8
       4
       5
       8
       3
       7
       3
       8
       6
       8
      10
       6
       3
       4
       4
       7
       5
      10
       8
       6
       8
       3
       3
       6
       9
       4
       4
       2
       4
       2
       4
       2
       7
       5
       4
       2
       5
       5
       6
       6
       5
       2
       5
       4
       6
       5
       4
       5
       7
       6
       7
       2
       8
       6
       9
       6
       5
       5
       3
       4
       3
       4
       5
       7
       2
       4
       0
       5
       1
       3
       8
       4
       2
       5
       3
       4
       4
       9
       5
       2
       4
       3
       6
       3
       6
       6
       5
       2
       0
       2
       3
      11
       6
       2
       5
       5
       4
       1
       1
       5
       5
       3
       7
       1
       5
       2
       7
       2
       1
      10
       8
       5
      11
       7
       4
       5
       3
       5
       5
       2
       8
       5
       4
       6
       8
       4
       7
       8
       9
       7
       5
      10
      11
       4
       3
       6
       9
      10
      12
       4
       4
       8
       8
       5
       5
      13
       9
       5
      13
      10
      12
      10
       6
       8
      11
      14
      10
       8
       7
       8
       7
      13
      15
      17
       7
       9
      15
      19
      11
      16
       8
      16
      11
      13
      12
      11
      15
      12
      10
      16
      15
      19
      12
      18
      22
      19
       8
      11
      22
      18
      14
      17
       4
      12
      15
       7
      12
      11
       6
      16
      10
       7
      10
      20
       5
      15
      12
      19
       5
      14
       4
      13
      20
      12
      13
       6
       9
       9
       8
       6
       9
       6
       7
       7
      11
       9
       7
       6
      13
       9
       6
       8
       9
      11
       8
       2
       6
       7
       5
       2
       1
       7
       4
       3
       7
       3
       4
       4
       6
       7
       7
       4
       4
       3
       3
       0
       3
       3
       2
       3
       1
       5
       0
       3
       2
       4
       1
       1
       4
       1
       1
       2
       2
       1
       3
       1
       3
       1
       0
       1
$ROI:
1
356 503
$PRESETS:
Live Time
300
0
$ENER_FIT:
3.366946 1.602176
$MCA_CAL:
3
3.366946E+000 1.602176E+000 -1.165550E-005 keV
$SHAPE_CAL:
3
4.916061E+001 0.000000E+000 0.000000E+000
