$SPEC_ID:
No sample description was entered.
$SPEC_REM:
DET# 2
DETDESC# BGO detector for MSc Detector lab
AP# Maestro Version 7.01
$DATE_MEA:
11/19/2018 18:34:08
$MEAS_TIM:
300 301
$DATA:
0 1023
       0
       0
       0
       0
       0
      82
     619
    1017
    1519
    2244
    3148
    4255
    5347
    6373
    7162
    7760
    7714
    7445
    7064
    6127
    5425
    4379
    3524
    2951
    2302
    1786
    1444
    1236
    1075
    1007
     932
     949
     990
    1005
    1057
    1158
    1261
    1350
    1531
    1581
    1643
    1792
    1861
    1973
    1965
    2066
    2194
    2091
    2137
    1996
    1820
    1900
    1765
    1679
    1562
    1403
    1246
    1193
    1057
     926
     871
     791
     694
     667
     574
     539
     507
     478
     480
     429
     414
     424
     410
     411
     418
     449
     439
     425
     432
     422
     468
     415
     432
     449
     452
     473
     472
     451
     503
     468
     459
     466
     480
     436
     498
     487
     458
     449
     441
     472
     430
     438
     430
     468
     473
     438
     461
     431
     438
     448
     424
     412
     411
     383
     457
     430
     415
     429
     410
     403
     369
     384
     388
     434
     377
     373
     379
     362
     375
     379
     354
     364
     384
     352
     380
     347
     348
     336
     343
     328
     314
     351
     310
     329
     319
     307
     275
     291
     331
     305
     322
     291
     267
     332
     296
     344
     337
     327
     311
     338
     353
     346
     364
     350
     406
     369
     392
     436
     451
     427
     452
     440
     454
     469
     451
     454
     482
     566
     520
     537
     513
     551
     536
     561
     557
     519
     521
     553
     513
     567
     538
     524
     559
     601
     598
     594
     598
     576
     591
     641
     606
     632
     681
     653
     692
     711
     756
     718
     749
     751
     855
     895
     941
     926
     940
     965
     988
     992
    1020
    1045
    1024
    1084
    1046
    1033
    1075
     999
    1003
    1009
    1020
     969
    1008
     927
     923
     885
     874
     799
     776
     737
     725
     669
     599
     634
     599
     513
     492
     472
     516
     405
     402
     337
     316
     317
     302
     263
     233
     218
     219
     165
     184
     149
     143
     144
     126
     112
     110
      99
      79
     100
      74
      62
      63
      79
      62
      63
      60
      42
      50
      48
      44
      45
      30
      39
      36
      34
      29
      29
      27
      28
      26
      30
      30
      29
      24
      21
      18
      30
      28
      31
      24
      26
      28
      25
      17
      30
      20
      28
      23
      26
      16
      29
      17
      28
      24
      27
      22
      20
      29
      25
      27
      24
      18
      20
      24
      23
      19
      28
      24
      29
      26
      24
      25
      23
      27
      20
      18
      26
      22
      11
      15
      17
      16
      28
      10
      18
      22
      30
      18
      22
      22
      21
      27
      32
      25
      25
      29
      17
      29
      34
      17
      20
      24
      23
      14
      24
      21
      22
      22
      21
      33
      24
      14
      17
      30
      19
      22
      24
      23
      36
      33
      21
      29
      27
      21
      21
      28
      25
      20
      31
      23
      17
      23
      20
      20
      36
      20
      25
      23
      24
      21
      32
      27
      22
      20
      22
      22
      26
      25
      20
      16
      24
      25
      20
      18
      25
      19
      27
      22
      22
      17
      17
      18
      20
      13
      14
      20
      25
      21
      27
      19
      25
      15
      17
      18
      14
       9
      13
       7
      12
      14
      13
      16
      17
      18
       7
      19
      11
      18
      20
      16
       8
      15
      10
      12
      18
      10
      10
       8
      18
      11
      13
       6
       7
      11
       9
       8
      10
       9
       8
      17
       3
      11
      12
       7
      12
      14
       9
      12
      13
      10
      13
      11
      16
      12
       8
      17
      13
      12
       9
      16
      11
      11
      11
      13
      14
       6
       8
       8
      13
       8
      12
       5
      10
      10
       3
      15
       5
      11
       7
      12
       5
      10
      14
       9
       8
       8
      11
       9
      10
       6
      12
       7
      14
      13
       8
      14
       5
      10
       7
       8
      10
      10
      12
       9
      15
       8
      11
      10
       8
      12
      12
      11
      10
       8
      10
       8
       7
       6
       7
       9
      11
       8
       9
       9
       8
       8
       9
       5
       7
       7
       5
       7
      14
       6
      13
       9
       8
       7
       5
      13
      10
       5
       8
       9
      15
      12
      11
       9
      12
       8
      10
       9
       6
       5
       6
      10
       9
       7
      11
       9
       9
       8
      11
      11
      14
      10
      11
      12
       8
       4
      14
      10
       8
      10
      11
      10
      13
       7
       9
       7
      12
      12
       8
      14
      12
       8
       6
       8
      10
       7
      10
      13
       7
       8
       5
       7
       8
       5
      12
       9
       4
       6
      10
       9
      10
       8
       8
       4
       6
       9
       6
       6
       5
       8
       8
       9
      14
       7
       4
       6
       5
       7
       9
       5
       7
       8
       4
       4
       3
       9
       1
       3
       3
       4
      11
       9
       5
       6
       2
       6
      11
       4
       5
       8
       3
       3
       6
       8
      13
       8
       5
       5
       5
       3
       4
       8
       3
       6
       7
      12
       5
       6
      10
       4
       8
       7
       7
       6
       6
       8
       3
       9
       8
       6
       6
       5
       6
       3
       5
       6
      11
       5
       4
       4
       7
       9
       5
       8
       7
       5
      11
       4
       3
       9
       4
       5
       4
       3
       4
       9
       4
       7
       2
       8
      11
       8
       7
       5
       4
       5
       2
       6
       9
       4
       4
       7
       5
       4
       8
       5
      10
       6
       8
       6
       5
       3
       6
       7
       8
       7
       6
       6
       6
       5
       7
       3
       7
       8
      15
       8
       4
       6
       3
       5
       5
       7
       4
       2
       5
       8
       6
       9
       5
       3
       4
       2
       6
       6
       7
      10
       4
      11
       2
       6
       3
       3
       3
       4
       7
       9
       5
       5
       8
       3
       8
       5
       4
       2
      10
       6
       2
       6
       3
       5
       7
       3
       4
       3
       6
       7
       2
       3
       5
       4
       5
      10
       2
       1
       3
       2
       4
       7
       8
       6
       2
       0
       3
       2
       6
       4
       4
       3
       3
       5
       3
       4
       7
       2
       5
       7
       3
       3
       3
       7
       4
       5
       4
       8
       0
       1
       6
       7
       4
       5
       7
       9
      11
       5
       4
       5
       3
       6
       9
       7
       4
       6
      10
       7
      11
       6
       5
       8
       7
       6
       5
       8
       7
      10
       6
       7
       8
      12
      15
       9
       9
       9
       5
      11
      10
       7
      12
      16
       6
      15
      14
      11
      11
      10
      12
      16
      14
      19
      10
      15
      21
      15
      15
       9
      20
      14
      23
      15
      10
      11
      14
      18
      14
      13
      17
      12
      16
      15
      10
      22
      17
      19
      11
      13
      11
      15
      22
      14
       7
      13
      13
      19
      14
      11
      11
      11
       7
      11
       9
      17
      14
       8
      14
      15
      13
      11
       6
       9
      12
      14
       6
      12
       8
      12
       7
       5
      10
       8
      10
       5
       6
      11
       4
       3
       8
       6
       7
       8
       3
       5
       6
       7
       5
       4
       1
       6
       2
       3
       6
       6
       3
       3
       3
       4
       0
       1
       4
       2
       6
       4
       0
       2
       1
       2
       1
       4
       3
       2
       1
       3
       2
       1
       2
       2
       2
       2
       2
       1
       1
       3
       1
$ROI:
1
356 503
$PRESETS:
Live Time
300
0
$ENER_FIT:
3.366946 1.602176
$MCA_CAL:
3
3.366946E+000 1.602176E+000 -1.165550E-005 keV
$SHAPE_CAL:
3
4.916061E+001 0.000000E+000 0.000000E+000
