$SPEC_ID:
No sample description was entered.
$SPEC_REM:
DET# 2
DETDESC# BGO detector for MSc Detector lab
AP# Maestro Version 7.01
$DATE_MEA:
11/16/2018 19:10:23
$MEAS_TIM:
600 600
$DATA:
0 1023
       0
       0
       0
       0
       0
      49
     241
     240
     234
     193
     187
     181
     202
     180
     186
     185
     200
     197
     212
     214
     205
     230
     227
     214
     279
     275
     271
     315
     307
     390
     375
     404
     422
     440
     487
     472
     503
     522
     521
     581
     619
     630
     644
     598
     618
     626
     598
     660
     645
     605
     649
     642
     599
     596
     599
     608
     575
     583
     544
     507
     507
     487
     477
     489
     476
     438
     466
     452
     406
     432
     427
     449
     424
     410
     482
     431
     381
     410
     400
     397
     408
     395
     402
     423
     426
     373
     405
     387
     338
     374
     366
     386
     393
     352
     344
     343
     389
     336
     334
     333
     335
     345
     342
     340
     320
     314
     305
     286
     314
     266
     293
     294
     281
     275
     303
     274
     330
     307
     305
     271
     269
     252
     266
     283
     266
     294
     268
     276
     291
     259
     252
     251
     262
     270
     262
     261
     262
     243
     242
     260
     229
     257
     225
     228
     235
     234
     206
     236
     199
     215
     228
     220
     229
     200
     202
     177
     185
     210
     189
     205
     211
     189
     187
     201
     191
     202
     177
     178
     174
     172
     152
     178
     159
     173
     159
     158
     179
     156
     171
     163
     167
     161
     117
     156
     152
     142
     155
     131
     125
     132
     143
     139
     128
     158
     151
     144
     129
     139
     120
     139
     167
     124
     146
     128
     132
     140
     142
     126
     137
     131
     145
     147
     114
     135
     136
     118
     148
     121
      94
     117
     109
     111
     113
     102
      91
     118
      97
     115
     110
     108
     103
      93
      90
     100
     108
     100
     100
     116
      87
      84
      92
      83
      92
     102
      64
      89
      87
      80
      85
      85
      73
      65
      83
      72
      73
      85
      84
      85
      82
      73
      70
      82
      67
      71
      74
      75
      75
      63
      79
      71
      84
      75
      60
      81
      61
      67
      79
      66
      68
      67
      54
      84
      53
      78
      74
      65
      75
      72
      61
      72
      81
      71
      64
      70
      66
      73
      74
      71
      73
      57
      67
      59
      58
      68
      60
      75
      69
      51
      59
      66
      57
      80
      64
      50
      60
      50
      69
      56
      47
      70
      61
      59
      64
      59
      45
      62
      72
      49
      59
      55
      61
      58
      74
      68
      64
      59
      41
      58
      63
      53
      54
      57
      56
      67
      54
      60
      68
      60
      69
      60
      59
      62
      61
      53
      70
      60
      66
      67
      54
      64
      66
      58
      52
      54
      71
      51
      65
      58
      53
      61
      58
      60
      68
      69
      70
      77
      62
      64
      63
      72
      57
      53
      67
      52
      61
      57
      67
      70
      58
      59
      46
      45
      64
      51
      63
      59
      47
      63
      63
      55
      53
      56
      68
      53
      62
      51
      49
      45
      56
      62
      56
      59
      54
      53
      63
      60
      44
      46
      49
      41
      53
      43
      44
      40
      52
      54
      41
      48
      47
      35
      34
      46
      47
      31
      42
      44
      39
      49
      34
      39
      32
      41
      40
      38
      35
      38
      42
      39
      51
      30
      32
      42
      27
      33
      42
      35
      41
      30
      30
      29
      44
      26
      32
      28
      24
      30
      39
      31
      35
      35
      32
      37
      33
      34
      30
      34
      34
      29
      24
      35
      35
      34
      29
      28
      27
      31
      25
      29
      39
      36
      37
      27
      39
      39
      28
      28
      39
      34
      19
      36
      28
      25
      30
      31
      29
      28
      27
      31
      22
      30
      28
      26
      29
      35
      32
      32
      29
      27
      29
      35
      31
      28
      32
      31
      28
      19
      23
      28
      28
      36
      35
      19
      34
      24
      26
      29
      27
      29
      31
      33
      37
      31
      24
      33
      29
      26
      34
      24
      30
      28
      31
      24
      28
      17
      28
      34
      16
      30
      26
      25
      37
      28
      30
      32
      24
      21
      21
      31
      27
      24
      27
      33
      30
      23
      29
      27
      39
      21
      29
      28
      23
      34
      31
      32
      27
      25
      28
      26
      19
      20
      26
      25
      23
      29
      24
      24
      27
      26
      25
      23
      22
      17
      22
      23
      25
      31
      22
      27
      23
      28
      26
      21
      24
      16
      23
      17
      22
      22
      24
      18
      20
      27
      20
      12
      17
      24
      15
      26
      27
      15
      24
      24
      16
      21
      17
      20
      18
      20
      23
      23
      16
      18
      23
      14
      25
      25
      11
      18
      17
      18
      17
      17
      18
      24
      22
      31
      25
      17
      19
      28
      17
      29
      19
      30
      17
      15
      20
      32
      26
      18
      22
      22
      25
      26
      31
      27
      26
      30
      24
      35
      36
      24
      33
      36
      33
      43
      37
      47
      43
      35
      44
      44
      35
      45
      43
      43
      45
      50
      44
      57
      51
      45
      55
      53
      76
      71
      60
      81
      84
      59
      74
      67
      71
      77
      76
      71
      84
      89
      82
      76
      75
      86
      79
      84
      86
      87
     109
      79
      77
      83
      73
      78
      90
      93
      85
      90
      68
      84
      66
      78
      87
      87
      89
      74
      86
      81
      70
      89
      73
      88
      81
      58
      69
      64
      47
      65
      50
      60
      56
      59
      48
      50
      57
      73
      62
      63
      57
      62
      53
      40
      57
      40
      55
      59
      38
      43
      51
      52
      48
      46
      35
      51
      40
      53
      45
      38
      47
      43
      37
      40
      41
      44
      45
      37
      38
      41
      43
      52
      46
      57
      49
      58
      72
      48
      48
      44
      63
      53
      45
      50
      69
      62
      60
      52
      60
      68
      58
      64
      58
      68
      78
      59
      74
      69
      82
      75
      69
      64
      74
      63
      67
      76
      76
      64
      64
      75
      62
      85
      74
      68
      71
      62
      71
      71
      85
      69
      78
      63
      68
      62
      47
      56
      51
      73
      52
      72
      63
      44
      53
      60
      61
      51
      51
      52
      63
      51
      43
      52
      47
      52
      52
      52
      34
      54
      49
      60
      46
      45
      37
      41
      42
      33
      33
      44
      41
      33
      46
      36
      42
      33
      36
      40
      32
      40
      44
      36
      28
      36
      31
      30
      30
      38
      42
      31
      30
      25
      28
      38
      36
      33
      23
      26
      25
      32
      33
      38
      35
      32
      35
      33
      30
      29
      29
      33
      23
      33
      21
      33
      29
      26
      29
      30
      22
      15
      30
      21
      19
      17
      20
      20
      16
      11
      26
      20
      15
      20
      18
      13
      16
      16
      17
      17
      22
      15
      12
      19
      15
      14
      20
       8
      12
      12
       7
       9
      10
      10
      11
      11
       9
       6
      13
       7
       5
       8
       6
       5
       5
       6
       4
       4
       6
       1
      11
       5
       2
       7
       2
       5
       5
       2
       4
       3
       3
       5
       6
       3
       4
       6
       4
       7
       4
       6
       3
       7
       6
       4
       2
       5
       5
       2
       4
       1
       4
       4
       2
       1
       2
       3
       3
       1
       3
       6
       2
       1
$ROI:
1
356 503
$PRESETS:
Live Time
600
0
$ENER_FIT:
3.366946 1.602176
$MCA_CAL:
3
3.366946E+000 1.602176E+000 -1.165550E-005 keV
$SHAPE_CAL:
3
4.916061E+001 0.000000E+000 0.000000E+000
