$SPEC_ID:
No sample description was entered.
$SPEC_REM:
DET# 2
DETDESC# BGO detector for MSc Detector lab
AP# Maestro Version 7.01
$DATE_MEA:
11/16/2018 18:05:22
$MEAS_TIM:
600 600
$DATA:
0 1023
       0
       0
       0
       0
       0
      33
     237
     268
     229
     231
     213
     212
     203
     196
     167
     205
     180
     217
     179
     205
     204
     210
     258
     238
     267
     278
     299
     334
     349
     348
     392
     447
     403
     418
     481
     483
     514
     488
     528
     569
     578
     569
     557
     622
     590
     613
     633
     622
     578
     655
     659
     636
     606
     606
     565
     615
     625
     556
     571
     522
     535
     525
     534
     471
     517
     444
     455
     432
     444
     420
     475
     452
     439
     443
     436
     409
     426
     418
     397
     388
     384
     397
     389
     399
     422
     402
     387
     372
     363
     395
     362
     377
     326
     336
     345
     386
     343
     337
     350
     313
     313
     339
     318
     281
     300
     318
     329
     302
     307
     320
     267
     283
     311
     291
     288
     301
     294
     256
     294
     265
     279
     247
     283
     250
     289
     283
     270
     272
     258
     240
     256
     288
     272
     242
     270
     243
     278
     258
     288
     272
     238
     229
     223
     246
     258
     228
     222
     225
     230
     216
     223
     231
     229
     235
     252
     204
     201
     195
     220
     219
     181
     180
     185
     176
     205
     214
     164
     208
     193
     187
     195
     176
     187
     178
     182
     173
     158
     165
     192
     177
     176
     171
     160
     160
     156
     174
     161
     153
     153
     152
     172
     164
     154
     145
     152
     137
     158
     156
     119
     154
     160
     146
     155
     142
     169
     148
     134
     143
     142
     136
     127
     130
     142
     149
     141
     113
     116
     121
     113
     122
     127
     123
     128
     124
     128
     104
     136
     119
     110
     114
     118
     127
     107
     113
      97
     104
     109
      95
     101
      88
     104
      98
      83
      81
      87
      83
     102
     100
      90
      98
      89
      99
      74
      92
      95
      87
      97
      72
      83
      78
      69
      81
      83
      90
      87
      78
      62
      70
      74
      79
      82
      76
      75
      81
      75
      80
      76
      55
      71
      75
      70
      75
      67
      89
      78
      63
      69
      74
      56
      67
      76
      79
      65
      66
      81
      78
      70
      71
      58
      76
      78
      81
      78
      62
      62
      62
      77
      77
      67
      58
      57
      82
      60
      68
      53
      59
      65
      65
      65
      62
      58
      53
      62
      65
      64
      64
      58
      71
      67
      68
      74
      57
      56
      64
      47
      66
      50
      67
      58
      68
      60
      63
      45
      68
      55
      66
      58
      62
      50
      63
      70
      70
      54
      58
      54
      49
      60
      73
      59
      62
      58
      57
      52
      62
      75
      57
      58
      67
      57
      55
      63
      66
      69
      70
      65
      62
      52
      50
      71
      62
      51
      51
      65
      49
      74
      58
      65
      47
      41
      37
      45
      43
      46
      61
      69
      58
      52
      45
      47
      56
      36
      42
      59
      37
      49
      42
      46
      35
      47
      38
      45
      47
      34
      40
      32
      52
      46
      39
      42
      38
      43
      56
      43
      39
      35
      38
      46
      42
      35
      36
      35
      44
      34
      46
      45
      40
      51
      44
      35
      35
      30
      41
      38
      40
      43
      29
      34
      38
      27
      31
      44
      25
      33
      28
      31
      45
      40
      38
      23
      46
      40
      35
      46
      36
      37
      32
      57
      30
      41
      40
      31
      35
      38
      37
      33
      41
      39
      45
      36
      29
      49
      26
      46
      39
      37
      53
      47
      34
      40
      47
      39
      48
      40
      40
      51
      39
      37
      33
      36
      31
      35
      37
      26
      29
      31
      21
      30
      24
      27
      37
      38
      32
      35
      39
      32
      39
      31
      30
      38
      34
      37
      42
      39
      34
      35
      35
      28
      34
      37
      29
      39
      27
      26
      25
      24
      34
      36
      31
      29
      41
      36
      32
      27
      23
      35
      44
      32
      34
      39
      36
      42
      28
      29
      35
      35
      41
      33
      40
      32
      37
      34
      28
      37
      32
      40
      37
      39
      39
      25
      25
      35
      23
      46
      34
      25
      36
      34
      30
      16
      30
      37
      29
      40
      29
      35
      28
      36
      33
      31
      30
      33
      44
      32
      33
      32
      27
      25
      27
      34
      27
      43
      29
      33
      32
      35
      25
      24
      29
      33
      21
      43
      30
      24
      23
      21
      28
      22
      28
      23
      25
      26
      24
      24
      24
      24
      23
      18
      29
      21
      28
      29
      22
      36
      26
      23
      23
      19
      24
      22
      18
      18
      28
      30
      35
      30
      19
      18
      29
      16
      29
      23
      19
      25
      24
      31
      28
      18
      21
      31
      22
      25
      27
      29
      27
      26
      26
      35
      33
      22
      25
      29
      36
      32
      29
      35
      36
      38
      37
      43
      36
      41
      49
      36
      40
      52
      52
      55
      49
      63
      62
      68
      69
      47
      56
      71
      70
      81
      75
      63
      60
      72
      89
      79
      85
      65
      81
      95
      96
     101
      99
     102
      92
      93
      88
     106
     117
      89
     114
     122
     106
     108
     106
     112
     118
     129
     117
     118
      92
     125
     123
     122
     114
     123
     120
     132
     129
     133
     104
     116
     114
     110
     128
     108
     110
     112
     126
     100
      86
      90
     104
      90
      99
     101
      91
      95
      85
      79
      95
     108
      79
      76
      84
      77
      76
      62
      68
      71
      64
      61
      64
      69
      60
      63
      60
      61
      49
      67
      55
      58
      58
      50
      70
      76
      57
      53
      67
      53
      74
      55
      71
      56
      66
      57
      52
      57
      64
      62
      62
      82
      67
      61
      56
      75
      68
      78
      76
      78
      84
      61
      83
      68
      78
      71
      84
      67
      92
      87
     112
      87
      93
      98
      95
      86
      90
     102
      94
      96
     105
     108
      99
     115
      98
      91
      96
      98
     103
      84
     102
     100
     101
      92
      85
      91
     102
      83
     116
      74
      97
      93
      78
      87
      68
      87
      76
      92
      75
      91
      72
      67
      74
      68
      70
      62
      76
      60
      74
      68
      55
      62
      69
      68
      68
      47
      60
      63
      54
      61
      50
      47
      56
      52
      45
      44
      50
      50
      40
      47
      55
      34
      43
      44
      38
      35
      31
      37
      41
      35
      48
      49
      38
      44
      38
      44
      36
      28
      43
      31
      35
      30
      42
      38
      20
      32
      39
      36
      41
      27
      31
      30
      33
      38
      29
      26
      33
      31
      26
      36
      31
      31
      22
      22
      30
      25
      27
      13
      37
      28
      24
      28
      20
      19
      22
      24
      17
      23
      21
      16
      12
      19
      15
      17
      21
      13
      10
      12
       9
      12
      14
      13
      15
       8
      11
      16
       8
      13
       4
       7
       8
       7
      13
       7
       9
       5
       5
       4
       3
       5
       9
       7
       8
       3
       6
       0
       6
       2
       3
       3
       2
       2
       5
       3
       2
       5
       4
       3
       0
       2
       1
       3
       4
       4
       3
       0
       1
       5
       2
       5
       7
       4
       2
       3
       3
       4
       0
       4
       3
       3
       1
       5
       5
       4
       2
       4
       8
$ROI:
1
356 503
$PRESETS:
Live Time
600
0
$ENER_FIT:
3.366946 1.602176
$MCA_CAL:
3
3.366946E+000 1.602176E+000 -1.165550E-005 keV
$SHAPE_CAL:
3
4.916061E+001 0.000000E+000 0.000000E+000
