$SPEC_ID:
No sample description was entered.
$SPEC_REM:
DET# 2
DETDESC# BGO detector for MSc Detector lab
AP# Maestro Version 7.01
$DATE_MEA:
11/16/2018 18:32:59
$MEAS_TIM:
600 600
$DATA:
0 1023
       0
       0
       0
       0
       0
      41
     268
     229
     220
     214
     189
     190
     190
     226
     195
     213
     194
     184
     208
     183
     209
     204
     216
     265
     253
     296
     273
     319
     347
     354
     398
     398
     436
     445
     471
     471
     507
     545
     556
     535
     571
     616
     625
     640
     622
     629
     603
     616
     594
     612
     628
     594
     633
     609
     565
     579
     551
     596
     516
     500
     525
     515
     496
     497
     482
     456
     432
     407
     432
     476
     434
     399
     429
     428
     414
     416
     412
     378
     439
     412
     412
     379
     400
     412
     371
     405
     387
     341
     369
     334
     365
     352
     331
     347
     361
     327
     332
     318
     315
     337
     307
     323
     299
     340
     320
     294
     304
     288
     311
     303
     263
     277
     285
     281
     257
     253
     278
     283
     282
     279
     259
     251
     254
     278
     276
     249
     246
     285
     255
     240
     239
     269
     227
     260
     252
     259
     227
     225
     239
     222
     249
     230
     227
     243
     254
     230
     222
     213
     208
     209
     236
     216
     217
     209
     193
     202
     187
     186
     177
     194
     194
     186
     185
     185
     196
     194
     171
     164
     178
     184
     180
     169
     170
     161
     169
     163
     161
     169
     159
     173
     154
     166
     174
     160
     154
     151
     128
     141
     152
     141
     138
     138
     163
     150
     160
     163
     146
     142
     133
     149
     137
     127
     128
     138
     114
     130
     160
     120
     164
     127
     149
     139
     143
     112
     118
     126
     139
     119
     135
     112
     122
     102
     116
      97
     124
     130
     112
     107
     116
      95
     104
      87
     110
     110
      86
     100
      87
      90
      91
      71
      96
      85
      83
      83
      97
      72
      89
      93
      86
      90
      73
      76
      93
      80
      63
      73
      71
      68
      95
      92
      79
      75
      78
      89
      88
      58
      60
      62
      66
      80
      64
      70
      70
      79
      78
      65
      72
      61
      81
      81
      60
      55
      80
      62
      61
      65
      62
      62
      57
      73
      63
      85
      66
      59
      67
      72
      62
      69
      63
      65
      63
      83
      60
      63
      65
      63
      60
      56
      50
      83
      68
      54
      78
      52
      62
      69
      62
      62
      53
      47
      51
      48
      68
      62
      65
      67
      47
      62
      73
      73
      70
      46
      56
      70
      49
      53
      52
      60
      48
      71
      57
      48
      58
      62
      51
      61
      60
      71
      38
      53
      72
      53
      48
      54
      62
      56
      62
      45
      53
      56
      49
      51
      54
      58
      58
      65
      66
      54
      55
      59
      61
      55
      48
      54
      57
      64
      69
      48
      61
      50
      75
      43
      48
      53
      48
      58
      57
      61
      60
      57
      49
      55
      54
      51
      46
      38
      68
      44
      53
      49
      42
      37
      56
      33
      33
      44
      43
      45
      42
      39
      45
      39
      31
      38
      31
      37
      53
      43
      50
      42
      40
      35
      30
      36
      39
      34
      38
      43
      29
      41
      32
      34
      29
      34
      31
      28
      30
      39
      39
      38
      26
      48
      36
      42
      36
      32
      29
      30
      28
      42
      26
      31
      35
      25
      38
      28
      32
      32
      35
      40
      36
      29
      37
      37
      38
      37
      29
      26
      39
      33
      31
      26
      38
      40
      38
      41
      34
      29
      31
      33
      41
      37
      29
      35
      40
      30
      33
      48
      33
      30
      40
      30
      34
      47
      29
      35
      35
      44
      25
      31
      29
      22
      38
      32
      46
      39
      26
      41
      34
      36
      23
      39
      38
      33
      39
      18
      33
      30
      33
      48
      22
      25
      26
      15
      34
      37
      28
      38
      27
      21
      35
      38
      23
      38
      24
      29
      26
      29
      26
      24
      22
      33
      35
      25
      23
      38
      31
      19
      30
      33
      31
      28
      28
      21
      31
      30
      26
      25
      26
      35
      30
      36
      21
      23
      27
      24
      45
      26
      30
      31
      36
      32
      25
      32
      37
      32
      29
      29
      32
      33
      26
      23
      28
      26
      34
      24
      23
      24
      40
      21
      30
      29
      20
      16
      25
      39
      27
      22
      24
      30
      25
      20
      27
      23
      21
      29
      25
      22
      22
      32
      21
      23
      29
      25
      16
      19
      22
      18
      30
      30
      19
      18
      22
      21
      16
      23
      23
      20
      30
      20
      24
      10
      19
      30
      18
      22
      28
      12
      17
      18
      22
      27
      16
      25
      20
      24
      11
      25
      22
      14
      22
      13
      22
      22
      18
      18
      26
      16
      18
      25
      28
      25
      28
      17
      25
      17
      18
      27
      28
      28
      33
      29
      22
      26
      25
      33
      17
      28
      27
      37
      26
      27
      31
      34
      39
      44
      30
      35
      48
      37
      53
      55
      55
      40
      41
      49
      61
      59
      65
      70
      55
      60
      62
      71
      59
      61
      86
      74
      71
      60
      73
      75
     110
      88
      87
      69
      68
      88
      78
     105
      87
     111
      94
     108
      92
     108
      94
      77
      93
     100
      98
     100
     106
      95
      94
     100
      99
      90
      94
      93
      97
      90
     102
      85
      79
      70
      84
      76
      87
      80
      85
      74
      71
      93
      74
      78
      76
      70
      62
      69
      67
      78
      54
      56
      69
      61
      76
      51
      54
      51
      50
      35
      55
      44
      58
      49
      33
      46
      62
      34
      47
      50
      39
      52
      54
      53
      40
      43
      50
      46
      59
      43
      44
      48
      41
      49
      46
      63
      53
      49
      59
      56
      53
      56
      53
      58
      58
      54
      69
      60
      56
      57
      62
      61
      61
      70
      60
      65
      85
      80
      77
      71
      67
      75
      68
      81
      90
      79
      86
      67
      74
      75
      66
      88
      77
      85
      79
      79
      77
      80
      87
      77
      93
      67
      69
      76
      62
      83
      73
      73
      72
      56
      80
      49
      74
      54
      61
      84
      68
      69
      65
      47
      65
      56
      57
      49
      53
      50
      55
      50
      56
      46
      41
      51
      47
      44
      58
      46
      46
      37
      37
      37
      47
      45
      52
      42
      43
      38
      25
      39
      40
      43
      44
      34
      42
      39
      31
      36
      37
      29
      27
      43
      29
      28
      37
      25
      26
      27
      39
      37
      26
      41
      33
      45
      34
      27
      27
      35
      36
      32
      34
      38
      34
      24
      37
      31
      31
      20
      26
      17
      22
      45
      31
      28
      19
      26
      19
      25
      19
      25
      11
      27
      15
      25
      19
      26
      20
      18
      17
      13
      12
      24
      18
      11
      11
      22
      12
       7
       7
       8
       8
       9
       7
      13
       8
      10
      11
      14
       7
       6
       8
      11
       9
       4
       7
       7
       3
       7
       7
      13
       6
       1
       9
       4
       6
       0
      11
       8
       5
       4
       5
       4
       7
       4
       3
       1
       3
       2
       3
       4
       4
       2
       1
       4
       5
       1
       4
       4
       4
       6
       5
       2
       2
       1
       6
       3
       2
       6
       1
       1
       4
       3
       0
       1
$ROI:
1
356 503
$PRESETS:
Live Time
600
0
$ENER_FIT:
3.366946 1.602176
$MCA_CAL:
3
3.366946E+000 1.602176E+000 -1.165550E-005 keV
$SHAPE_CAL:
3
4.916061E+001 0.000000E+000 0.000000E+000
