$SPEC_ID:
No sample description was entered.
$SPEC_REM:
DET# 2
DETDESC# BGO detector for MSc Detector lab
AP# Maestro Version 7.01
$DATE_MEA:
11/16/2018 18:19:38
$MEAS_TIM:
600 600
$DATA:
0 1023
       0
       0
       0
       0
       0
      42
     207
     296
     218
     205
     193
     213
     210
     212
     196
     195
     199
     216
     212
     222
     237
     236
     240
     252
     293
     273
     302
     299
     352
     359
     424
     440
     430
     411
     479
     499
     540
     501
     517
     601
     585
     563
     585
     613
     624
     603
     666
     637
     632
     596
     642
     584
     627
     617
     653
     594
     553
     576
     550
     545
     507
     492
     488
     488
     498
     495
     460
     505
     422
     435
     439
     420
     453
     423
     454
     483
     403
     448
     389
     421
     407
     367
     391
     361
     382
     347
     429
     399
     355
     335
     364
     337
     329
     357
     343
     349
     332
     310
     329
     315
     322
     345
     343
     329
     285
     307
     337
     294
     298
     310
     283
     293
     274
     242
     263
     312
     282
     269
     276
     245
     282
     259
     281
     280
     268
     253
     247
     273
     267
     269
     248
     241
     263
     264
     264
     244
     283
     287
     234
     238
     219
     245
     256
     260
     224
     236
     230
     212
     239
     214
     203
     204
     215
     206
     207
     214
     207
     192
     168
     212
     189
     160
     204
     199
     196
     204
     176
     184
     162
     151
     184
     190
     194
     177
     180
     176
     167
     151
     162
     167
     178
     165
     144
     152
     176
     173
     145
     168
     149
     137
     153
     161
     156
     146
     151
     164
     150
     151
     152
     136
     131
     145
     137
     137
     127
     145
     139
     134
     128
     128
     140
     121
     105
     131
     134
     129
     132
     120
     111
     118
     121
     127
     141
     127
     121
     124
     105
     114
     122
      99
      99
     102
      95
     120
      90
     100
      81
     106
     112
      80
     101
      88
      79
      99
      89
      83
      71
      77
      86
      91
      81
      73
      82
      86
      79
      98
      87
      94
      63
      84
      82
      79
      73
      73
      81
      75
      69
      59
      76
      57
      58
      58
      78
      81
      66
      68
      77
      79
      76
      75
      72
      78
      75
      74
      70
      84
      77
      72
      79
      64
      56
      80
      54
      56
      63
      64
      74
      73
      76
      74
      53
      58
      69
      76
      79
      69
      64
      63
      72
      52
      61
      63
      63
      60
      59
      63
      47
      67
      58
      53
      58
      59
      60
      53
      58
      62
      68
      62
      55
      70
      63
      47
      74
      43
      57
      59
      65
      57
      59
      65
      73
      59
      56
      66
      58
      71
      50
      58
      60
      61
      59
      71
      49
      57
      50
      65
      58
      64
      55
      59
      60
      54
      64
      50
      64
      54
      82
      62
      59
      54
      40
      75
      70
      76
      62
      66
      52
      60
      66
      53
      58
      59
      55
      55
      50
      54
      57
      61
      48
      45
      54
      49
      47
      48
      52
      41
      49
      49
      50
      41
      59
      47
      41
      37
      44
      47
      51
      40
      54
      43
      55
      38
      28
      40
      41
      46
      38
      37
      45
      43
      44
      27
      37
      43
      31
      39
      28
      28
      37
      35
      34
      32
      36
      35
      43
      34
      45
      37
      26
      43
      37
      39
      39
      33
      48
      42
      35
      42
      42
      40
      33
      35
      41
      34
      33
      27
      37
      34
      48
      43
      33
      35
      35
      41
      43
      27
      32
      32
      39
      38
      34
      30
      35
      37
      33
      32
      38
      31
      31
      33
      40
      35
      42
      37
      31
      27
      34
      39
      34
      30
      32
      33
      38
      38
      42
      21
      31
      42
      26
      32
      33
      28
      26
      40
      26
      30
      22
      36
      36
      31
      25
      38
      33
      30
      25
      28
      20
      38
      39
      28
      31
      33
      23
      32
      33
      38
      33
      27
      36
      31
      32
      41
      24
      34
      28
      34
      40
      25
      29
      37
      31
      40
      24
      35
      30
      34
      30
      31
      22
      37
      44
      36
      41
      18
      32
      24
      30
      31
      34
      29
      39
      25
      30
      22
      21
      27
      33
      29
      23
      30
      37
      33
      35
      28
      35
      40
      39
      39
      32
      29
      34
      35
      26
      24
      29
      26
      29
      27
      42
      25
      24
      34
      34
      29
      24
      22
      23
      32
      34
      27
      31
      25
      20
      19
      32
      21
      22
      31
      30
      29
      26
      20
      28
      24
      27
      27
      29
      20
      39
      25
      23
      27
      16
      23
      16
      18
      15
      20
      25
      16
      17
      23
      18
      29
      14
      16
      17
      23
      20
      17
      25
      32
      29
      20
      18
      16
      19
      21
      17
      17
      23
      19
      24
      17
      28
      25
      18
      38
      26
      24
      32
      28
      22
      22
      27
      20
      23
      30
      24
      19
      31
      37
      19
      27
      26
      21
      42
      36
      45
      35
      34
      38
      45
      51
      41
      43
      39
      47
      34
      45
      48
      57
      51
      68
      58
      67
      62
      57
      57
      74
      68
      65
      77
      79
      65
      77
      77
      68
      87
      87
      78
      85
      88
     106
      86
     102
      95
      97
      88
     105
      91
     104
     127
      85
      94
      94
     109
      99
     109
     102
     126
      86
     117
     105
      95
      90
     116
     116
     111
      82
      97
     111
      93
     106
     102
      93
      95
     101
      84
      76
     100
      83
      90
      94
      91
      73
      82
      83
      75
      64
      84
      63
      77
      82
      69
      59
      74
      64
      54
      57
      88
      55
      60
      61
      54
      46
      45
      37
      49
      53
      52
      51
      53
      57
      41
      46
      62
      67
      60
      44
      49
      61
      46
      52
      50
      45
      49
      72
      54
      47
      58
      76
      63
      64
      72
      70
      61
      63
      61
      70
      74
      63
      86
      76
      81
      82
      77
      78
      77
      78
      83
      82
      58
      80
      82
      91
      81
      75
      81
      84
      77
      76
      93
      92
      94
      82
      84
      96
      89
      97
      86
      85
      65
      86
      71
      72
      83
      67
      76
      74
      72
      79
      79
      69
      67
      87
      86
      72
      61
      70
      67
      60
      59
      74
      65
      60
      62
      63
      58
      44
      49
      55
      48
      45
      44
      47
      50
      50
      63
      38
      49
      38
      49
      45
      53
      38
      44
      47
      41
      42
      40
      33
      36
      40
      47
      29
      43
      37
      38
      49
      36
      47
      25
      35
      27
      38
      37
      30
      31
      40
      30
      34
      26
      46
      29
      44
      26
      46
      37
      34
      32
      26
      27
      36
      30
      30
      26
      25
      32
      28
      24
      33
      26
      25
      33
      19
      20
      31
      29
      25
      23
      28
      10
      22
      23
      21
      13
      12
      15
      13
      15
       6
      18
      15
      19
       8
       7
      15
       3
      12
      23
      12
      12
       9
      12
      11
      12
       8
       9
       9
      11
       9
       7
      11
       5
       6
      11
       9
       5
       7
       4
       4
       4
       9
       7
       8
      13
       3
       3
       3
       4
       7
       5
       5
       4
       5
       2
       6
       0
       5
       0
       6
       3
       4
       6
       4
       1
       1
       4
       3
       3
       2
       1
       2
       3
       2
       3
       1
       2
       4
       0
       0
       2
       5
$ROI:
1
356 503
$PRESETS:
Live Time
600
0
$ENER_FIT:
3.366946 1.602176
$MCA_CAL:
3
3.366946E+000 1.602176E+000 -1.165550E-005 keV
$SHAPE_CAL:
3
4.916061E+001 0.000000E+000 0.000000E+000
