$SPEC_ID:
No sample description was entered.
$SPEC_REM:
DET# 2
DETDESC# BGO detector for MSc Detector lab
AP# Maestro Version 7.01
$DATE_MEA:
11/16/2018 17:38:49
$MEAS_TIM:
600 600
$DATA:
0 1023
       0
       0
       0
       0
       0
      39
     277
     331
     296
     255
     232
     239
     227
     202
     196
     222
     202
     202
     227
     221
     250
     246
     241
     301
     318
     262
     349
     337
     342
     366
     413
     430
     448
     464
     504
     483
     495
     542
     558
     567
     596
     543
     580
     570
     604
     577
     678
     661
     683
     675
     623
     647
     629
     610
     634
     606
     639
     589
     575
     544
     565
     561
     530
     518
     490
     494
     435
     466
     446
     473
     456
     424
     411
     450
     434
     417
     431
     421
     422
     432
     397
     397
     408
     407
     405
     416
     367
     438
     377
     356
     384
     378
     390
     347
     351
     316
     343
     320
     354
     290
     358
     337
     340
     340
     311
     314
     320
     304
     320
     302
     303
     345
     304
     276
     317
     304
     308
     301
     284
     282
     287
     303
     268
     282
     287
     282
     282
     260
     301
     276
     284
     267
     241
     280
     243
     262
     249
     275
     268
     245
     246
     236
     265
     219
     284
     262
     231
     251
     244
     259
     227
     225
     226
     207
     217
     245
     231
     195
     195
     203
     216
     209
     203
     224
     207
     209
     209
     234
     210
     175
     180
     217
     193
     195
     200
     182
     173
     152
     192
     186
     193
     191
     185
     173
     176
     189
     176
     193
     151
     181
     171
     174
     174
     148
     161
     166
     181
     174
     164
     149
     137
     151
     153
     162
     156
     162
     152
     144
     162
     154
     146
     156
     151
     144
     148
     139
     153
     158
     147
     147
     140
     132
     139
     149
     139
     131
     119
     128
     108
     116
     101
     122
     114
     118
      97
     116
     123
     127
     124
     110
     129
      88
      96
      95
     104
     117
     112
      94
     122
     104
     105
      99
     115
      91
      99
      89
     107
      98
      97
      99
      84
      71
     100
      84
      72
      77
      82
      87
      85
      95
      61
      80
      92
      73
      96
      80
     100
      90
      89
      82
      78
      93
      76
      73
      85
      69
      81
      69
      69
      79
      74
      84
      62
      86
      77
      83
      80
      67
      88
      68
      76
      80
      80
      67
      65
      80
      74
      78
      70
      76
      74
      86
      73
      73
      77
      82
      58
      71
      66
      66
      72
      79
      74
      67
      87
      74
      84
      58
      76
      63
      70
      61
      77
      57
      62
      86
      62
      77
      54
      69
      78
      76
      78
      64
      66
      77
      63
      63
      66
      71
      76
      62
      70
      80
      77
      68
      53
      63
      68
      58
      73
      71
      67
      69
      76
      82
      73
      66
      71
      62
      68
      71
      59
      66
      82
      66
      63
      48
      64
      66
      70
      76
      73
      78
      61
      59
      50
      44
      57
      57
      41
      67
      43
      70
      67
      45
      54
      56
      75
      65
      57
      61
      57
      57
      50
      46
      46
      49
      42
      55
      51
      53
      40
      45
      53
      56
      48
      60
      33
      44
      47
      38
      50
      43
      42
      45
      48
      45
      38
      34
      60
      41
      58
      45
      45
      45
      39
      46
      41
      51
      34
      45
      32
      51
      39
      44
      48
      44
      46
      44
      45
      46
      39
      40
      54
      40
      40
      42
      39
      34
      37
      50
      51
      41
      33
      50
      38
      36
      35
      47
      26
      33
      34
      39
      31
      36
      51
      41
      47
      36
      48
      43
      35
      35
      37
      43
      38
      44
      34
      41
      40
      40
      45
      38
      28
      51
      42
      44
      47
      32
      44
      27
      37
      40
      41
      35
      41
      41
      57
      41
      41
      45
      45
      48
      36
      30
      42
      44
      35
      44
      34
      37
      49
      35
      42
      38
      31
      36
      47
      38
      33
      38
      37
      39
      41
      40
      47
      38
      38
      49
      22
      46
      30
      29
      40
      35
      48
      36
      35
      47
      36
      44
      32
      37
      35
      37
      50
      37
      33
      37
      37
      37
      39
      28
      36
      36
      44
      48
      36
      36
      47
      34
      32
      47
      32
      34
      38
      31
      38
      38
      42
      34
      37
      26
      43
      27
      34
      28
      37
      45
      32
      33
      45
      45
      39
      31
      38
      31
      26
      44
      30
      24
      34
      31
      23
      26
      27
      30
      35
      40
      37
      23
      35
      29
      19
      33
      28
      27
      22
      34
      26
      30
      23
      20
      22
      34
      22
      19
      15
      33
      22
      28
      31
      23
      32
      29
      30
      41
      20
      24
      28
      33
      27
      26
      34
      25
      28
      25
      20
      23
      31
      31
      29
      33
      33
      26
      25
      31
      25
      28
      33
      29
      28
      33
      29
      29
      38
      36
      41
      34
      34
      33
      43
      44
      51
      38
      28
      48
      50
      56
      51
      52
      55
      47
      60
      61
      57
      71
      67
      88
      61
      53
      73
      86
      95
      94
      81
      89
     104
      94
      96
     110
      96
     103
     112
     101
     105
     114
     143
     132
     124
     146
     130
     144
     122
     131
     140
     156
     133
     122
     155
     130
     149
     155
     171
     156
     160
     153
     141
     179
     145
     176
     153
     171
     161
     155
     151
     175
     151
     171
     139
     138
     153
     144
     138
     143
     145
     156
     145
     132
     141
     113
     139
     120
     144
     135
     122
     120
     120
     102
     100
     107
     107
      96
      90
     104
      98
     101
      83
     105
      71
      74
      83
      81
      80
      80
      83
      93
      69
      87
      87
      68
      73
      68
      64
      86
      77
      87
      72
      88
      77
      78
      90
      65
      70
      71
      74
      93
      84
      91
      73
      82
      94
      92
      82
     103
     100
     106
     115
      98
     105
      97
      99
     106
     102
     128
     114
     125
     146
     137
     119
     127
     111
     116
     123
     123
     136
     135
     120
     122
     128
     137
     145
     111
     144
     110
     131
     136
      98
     129
     119
     144
     119
     144
     122
     122
     134
     101
     116
     129
     135
      98
     101
     125
      90
     102
     107
     103
      97
      82
      90
      92
     102
      71
      86
      86
      91
      97
      80
      79
      79
      80
      65
      62
      69
      69
      74
      62
      67
      57
      67
      60
      56
      49
      40
      71
      50
      47
      44
      46
      56
      36
      43
      51
      48
      49
      45
      36
      44
      35
      41
      45
      38
      35
      39
      32
      39
      37
      35
      41
      43
      34
      28
      37
      29
      35
      23
      30
      37
      39
      34
      38
      26
      28
      38
      31
      31
      19
      26
      27
      18
      24
      24
      23
      37
      17
      22
      26
      21
      18
      19
      21
      35
      17
      17
      17
      16
      24
      16
      10
      18
      20
      14
      14
      11
      18
      13
      19
       7
       7
      10
      10
       8
      14
       6
       8
       3
       7
       7
      16
       9
       6
       4
       9
       7
       9
       5
       6
       4
       9
       7
       9
       8
       6
       2
       6
       5
       8
       1
       3
       7
       1
       2
       3
       6
       2
       2
       4
       3
       4
       5
       2
       7
       2
       4
       2
       0
       4
       5
       3
       1
       5
       3
       3
       3
       7
       3
       6
       1
       3
       3
       2
       5
       2
$ROI:
1
356 503
$PRESETS:
Live Time
600
0
$ENER_FIT:
3.366946 1.602176
$MCA_CAL:
3
3.366946E+000 1.602176E+000 -1.165550E-005 keV
$SHAPE_CAL:
3
4.916061E+001 0.000000E+000 0.000000E+000
