$SPEC_ID:
No sample description was entered.
$SPEC_REM:
DET# 2
DETDESC# BGO detector for MSc Detector lab
AP# Maestro Version 7.01
$DATE_MEA:
11/19/2018 20:01:30
$MEAS_TIM:
600 600
$DATA:
0 1023
       0
       0
       0
       0
       0
      42
     190
     208
     228
     209
     195
     158
     171
     167
     192
     150
     169
     173
     175
     179
     193
     218
     233
     226
     272
     239
     274
     322
     294
     326
     337
     355
     419
     422
     423
     464
     460
     460
     520
     516
     542
     556
     551
     553
     604
     576
     588
     607
     604
     597
     600
     627
     532
     574
     583
     604
     570
     508
     532
     510
     505
     534
     516
     497
     448
     478
     447
     441
     476
     439
     446
     430
     357
     403
     439
     396
     375
     371
     398
     406
     393
     403
     364
     371
     387
     383
     356
     344
     360
     341
     391
     319
     354
     345
     318
     318
     309
     325
     314
     316
     302
     297
     299
     302
     289
     300
     286
     307
     268
     295
     329
     331
     272
     302
     271
     264
     281
     269
     260
     264
     276
     231
     272
     254
     241
     261
     247
     245
     246
     224
     258
     236
     224
     244
     201
     238
     230
     262
     209
     200
     218
     232
     239
     220
     229
     227
     246
     211
     200
     218
     216
     188
     217
     208
     199
     175
     189
     192
     193
     184
     196
     187
     175
     178
     208
     163
     163
     168
     171
     180
     153
     164
     158
     163
     154
     160
     158
     159
     159
     153
     149
     151
     130
     139
     136
     145
     167
     147
     150
     154
     138
     150
     147
     135
     136
     128
     165
     139
     136
     125
     126
     139
     146
     122
     128
     119
     130
     122
     118
     104
     131
     138
     112
     130
     128
     130
     100
     122
     122
     109
     108
     116
     108
     121
     107
     133
     114
      96
     110
     112
      94
      81
      95
      92
      89
     103
      88
      92
      93
      81
     101
      75
      89
      96
      86
      90
      66
      66
      99
      90
      87
      68
      82
      73
      67
      82
      74
      86
      76
      72
      84
      75
      90
      61
      65
      79
      73
      79
      69
      53
      66
      53
      80
      54
      81
      57
      60
      72
      50
      72
      75
      62
      67
      50
      62
      55
      52
      56
      71
      62
      66
      79
      73
      75
      57
      72
      58
      58
      60
      53
      66
      59
      58
      78
      65
      66
      64
      62
      75
      70
      59
      62
      67
      60
      73
      52
      75
      64
      57
      49
      50
      48
      64
      50
      47
      44
      68
      66
      69
      48
      57
      47
      58
      67
      55
      61
      60
      62
      59
      52
      48
      63
      52
      55
      53
      49
      57
      55
      45
      48
      66
      56
      49
      43
      48
      60
      58
      62
      58
      65
      72
      60
      47
      58
      62
      65
      69
      50
      45
      67
      42
      69
      58
      57
      56
      51
      53
      47
      70
      34
      46
      49
      43
      51
      55
      60
      47
      52
      50
      58
      53
      38
      56
      60
      53
      38
      63
      45
      50
      63
      54
      49
      35
      41
      43
      38
      53
      45
      35
      48
      43
      53
      54
      47
      46
      44
      51
      35
      47
      39
      44
      34
      37
      36
      42
      40
      33
      37
      46
      36
      32
      32
      33
      29
      36
      39
      35
      34
      30
      32
      34
      32
      33
      39
      38
      35
      36
      31
      49
      28
      32
      34
      26
      15
      37
      35
      44
      24
      37
      27
      32
      31
      37
      29
      37
      36
      26
      34
      37
      38
      30
      31
      39
      30
      29
      41
      31
      41
      36
      29
      23
      32
      37
      29
      30
      31
      35
      24
      34
      31
      27
      35
      31
      35
      34
      39
      25
      33
      32
      27
      31
      24
      35
      34
      32
      29
      22
      35
      25
      47
      36
      35
      29
      26
      25
      29
      30
      34
      31
      22
      27
      30
      27
      33
      38
      29
      26
      27
      37
      24
      21
      28
      22
      23
      30
      29
      30
      30
      31
      20
      18
      26
      33
      23
      26
      20
      30
      29
      24
      34
      22
      17
      37
      27
      31
      32
      19
      19
      34
      23
      24
      29
      30
      28
      19
      19
      18
      27
      32
      21
      32
      22
      26
      31
      24
      31
      36
      20
      29
      25
      30
      30
      28
      25
      24
      35
      38
      22
      21
      25
      26
      30
      34
      29
      26
      27
      27
      24
      26
      23
      24
      30
      20
      16
      38
      32
      26
      26
      24
      28
      30
      23
      22
      22
      23
      31
      17
      16
      24
      18
      20
      16
      23
      17
      25
      25
      19
      24
      35
      15
      16
      18
      12
      21
      30
      16
      22
      17
      24
      16
      13
      17
      18
      17
      27
      18
      19
      20
      21
      20
      14
      17
      16
      16
      20
      14
      22
      19
      20
      12
      19
      16
       8
      22
      20
       9
      18
      27
      15
      16
      27
      15
      21
      24
      23
      14
      17
      19
      19
      16
      20
      24
      33
      21
      24
      23
      22
      23
      19
      27
      33
      26
      19
      26
      32
      28
      37
      34
      31
      44
      30
      41
      36
      48
      33
      52
      37
      48
      48
      57
      60
      53
      52
      56
      50
      55
      58
      57
      61
      73
      66
      67
      76
      63
      69
      69
      72
      81
      65
      90
      76
      82
      82
      70
      80
      81
      91
      84
      98
      88
      82
      87
      83
      77
      89
      91
      84
      89
      97
      75
      90
      84
      89
      84
      66
      89
      82
      65
      93
      84
      90
      76
      66
      73
      70
      88
      69
      67
      64
      52
      74
      58
      71
      55
      68
      61
      65
      64
      60
      63
      58
      56
      58
      46
      58
      55
      47
      55
      45
      40
      36
      43
      43
      38
      40
      37
      32
      47
      37
      45
      39
      46
      37
      32
      50
      35
      42
      30
      34
      52
      42
      54
      44
      54
      39
      31
      45
      54
      51
      57
      44
      46
      44
      55
      64
      57
      60
      59
      50
      57
      72
      76
      72
      71
      55
      59
      51
      69
      68
      61
      61
      79
      83
      79
      77
      75
      55
      76
      68
      64
      64
      67
      68
      82
      66
      81
      59
      74
      83
      69
      66
      73
      76
      62
      68
      68
      54
      43
      54
      61
      68
      55
      62
      70
      58
      66
      55
      71
      53
      59
      64
      49
      41
      44
      54
      42
      42
      54
      47
      49
      43
      50
      48
      36
      43
      39
      26
      29
      43
      36
      45
      39
      32
      42
      44
      36
      32
      30
      41
      30
      33
      37
      41
      33
      43
      27
      34
      25
      42
      36
      28
      34
      28
      29
      35
      32
      28
      35
      30
      33
      27
      25
      24
      22
      26
      30
      24
      22
      27
      32
      25
      27
      36
      27
      40
      25
      29
      34
      24
      27
      23
      10
      31
      26
      20
      24
      14
      20
      18
      17
      21
      26
      19
      14
      15
      13
      15
      14
      17
       9
      15
       8
      12
      10
       6
      11
      13
       8
      14
      14
       7
      13
       7
       5
       7
       8
       8
       9
       4
      11
       4
       9
       2
      12
       7
       6
       4
       5
       5
       5
       4
      11
       3
       1
       3
       6
       7
       1
       5
       3
       4
       5
       2
       6
       1
       3
       4
       1
       7
       6
       5
       1
       3
       5
$ROI:
1
356 503
$PRESETS:
Live Time
600
0
$ENER_FIT:
3.366946 1.602176
$MCA_CAL:
3
3.366946E+000 1.602176E+000 -1.165550E-005 keV
$SHAPE_CAL:
3
4.916061E+001 0.000000E+000 0.000000E+000
