$SPEC_ID:
No sample description was entered.
$SPEC_REM:
DET# 2
DETDESC# BGO detector for MSc Detector lab
AP# Maestro Version 7.01
$DATE_MEA:
11/19/2018 15:46:55
$MEAS_TIM:
600 600
$DATA:
0 1023
       0
       0
       0
       0
       0
      32
     201
     259
     243
     196
     199
     221
     177
     187
     175
     181
     166
     172
     199
     199
     212
     193
     240
     230
     253
     246
     298
     293
     298
     329
     336
     352
     382
     389
     435
     443
     464
     463
     506
     535
     540
     534
     547
     555
     577
     586
     582
     640
     629
     611
     604
     620
     624
     614
     600
     531
     520
     580
     616
     531
     502
     528
     477
     525
     470
     465
     450
     460
     453
     410
     413
     442
     412
     418
     425
     423
     424
     436
     430
     386
     417
     426
     401
     396
     394
     383
     366
     366
     351
     355
     370
     344
     347
     355
     343
     332
     328
     314
     333
     307
     303
     341
     350
     328
     305
     286
     267
     320
     314
     294
     302
     275
     259
     255
     276
     272
     277
     290
     286
     259
     256
     288
     270
     251
     262
     260
     250
     236
     263
     261
     255
     257
     249
     229
     248
     222
     250
     232
     256
     222
     218
     217
     220
     227
     239
     226
     225
     215
     220
     227
     219
     216
     239
     231
     186
     209
     210
     194
     178
     212
     175
     170
     186
     196
     195
     178
     161
     184
     152
     174
     175
     178
     169
     141
     158
     171
     152
     170
     164
     170
     150
     150
     161
     135
     173
     156
     145
     168
     152
     160
     127
     146
     154
     143
     141
     135
     151
     153
     143
     140
     135
     148
     147
     146
     137
     143
     136
     105
     120
     135
     112
     133
     135
     132
     135
     132
     113
     117
     118
     120
     103
     113
     123
     117
     102
     126
      96
     102
     115
     115
     100
     103
     114
     104
      83
     103
     111
     107
     102
     101
      97
      89
     107
      89
      82
      88
     107
      84
      99
      95
      82
      83
      92
      91
      86
      85
      88
      76
      72
      69
      77
      71
      87
      79
      75
      81
      87
      73
      84
      78
      75
      76
      70
      78
      59
      66
      72
      67
      77
      59
      64
      60
      60
      67
      71
      81
      61
      53
      51
      71
      75
      75
      84
      57
      62
      77
      67
      65
      71
      58
      59
      64
      72
      64
      60
      63
      53
      71
      70
      65
      64
      49
      63
      61
      69
      76
      69
      77
      67
      67
      66
      66
      46
      69
      68
      64
      74
      58
      55
      48
      65
      53
      65
      61
      52
      53
      66
      61
      63
      51
      59
      57
      70
      63
      50
      69
      55
      62
      52
      56
      63
      63
      66
      59
      69
      69
      49
      56
      65
      47
      60
      67
      63
      70
      62
      51
      43
      58
      53
      65
      57
      51
      65
      58
      66
      64
      64
      63
      51
      45
      62
      51
      61
      59
      49
      64
      53
      55
      74
      60
      56
      50
      61
      49
      57
      59
      52
      58
      45
      55
      32
      42
      47
      58
      60
      51
      45
      37
      44
      41
      41
      46
      50
      42
      48
      42
      42
      41
      45
      36
      32
      47
      41
      43
      37
      39
      34
      33
      46
      40
      42
      36
      40
      44
      33
      45
      32
      29
      32
      32
      32
      45
      31
      40
      37
      42
      36
      28
      36
      35
      22
      38
      33
      36
      26
      32
      35
      29
      34
      30
      26
      26
      39
      30
      31
      36
      40
      35
      36
      30
      36
      33
      44
      31
      29
      33
      35
      22
      42
      38
      26
      33
      30
      41
      29
      24
      36
      24
      28
      39
      23
      32
      35
      40
      34
      32
      28
      39
      23
      46
      29
      27
      28
      32
      26
      35
      29
      28
      38
      28
      31
      36
      29
      27
      30
      30
      27
      31
      24
      26
      37
      23
      26
      42
      33
      27
      29
      33
      22
      35
      35
      26
      26
      23
      31
      26
      33
      21
      28
      30
      39
      33
      18
      20
      30
      22
      40
      34
      26
      22
      46
      27
      28
      38
      36
      34
      22
      32
      27
      30
      24
      25
      29
      26
      25
      21
      28
      24
      27
      26
      34
      42
      37
      28
      24
      27
      25
      23
      27
      32
      23
      21
      26
      32
      30
      40
      23
      30
      29
      23
      33
      45
      21
      19
      39
      25
      25
      30
      28
      31
      32
      34
      21
      23
      26
      28
      28
      35
      24
      25
      28
      29
      20
      38
      24
      33
      21
      33
      27
      22
      27
      34
      31
      28
      21
      27
      21
      26
      21
      23
      19
      23
      22
      22
      23
      21
      23
      21
      22
      20
      17
      32
      20
      27
      21
      17
      20
      19
      22
      20
      15
      19
      24
      17
      24
      16
      16
      14
      18
      24
      25
      11
      27
      19
      16
      13
      17
      24
      24
      16
      16
      19
      21
      31
      26
      21
      20
      17
      24
      22
      17
      27
      13
      22
      29
      27
      29
      30
      27
      26
      30
      27
      34
      22
      35
      35
      38
      35
      31
      27
      34
      37
      40
      35
      33
      40
      40
      41
      51
      52
      60
      42
      52
      54
      48
      57
      62
      57
      60
      63
      52
      65
      73
      54
      58
      73
      66
      78
      75
      75
      70
      86
      84
      71
      82
      79
     101
      68
      79
      82
      96
      91
     103
      84
      97
      82
      89
      95
      83
      91
      88
      95
      89
      85
      91
      86
      75
      96
      74
     110
      78
      75
      89
      84
      83
      88
      90
      84
      80
      88
      63
      66
      81
      72
      83
      68
      62
      79
      55
      66
      54
      55
      54
      57
      54
      61
      64
      60
      59
      54
      52
      44
      40
      50
      62
      41
      39
      43
      60
      48
      43
      47
      38
      49
      52
      46
      44
      40
      56
      47
      44
      50
      45
      46
      54
      53
      40
      47
      56
      54
      62
      50
      51
      61
      59
      64
      67
      44
      53
      71
      54
      52
      61
      50
      76
      66
      67
      64
      72
      63
      64
      90
      66
      74
      75
      54
      79
      86
     103
      69
     102
      69
      75
      82
      70
      73
      70
      83
      81
      77
      77
      85
      76
      69
      70
      68
      79
      66
      71
      80
      72
      54
      67
      70
      51
      59
      66
      48
      64
      57
      59
      71
      47
      46
      54
      51
      63
      52
      58
      54
      70
      42
      46
      40
      42
      48
      36
      56
      47
      35
      44
      43
      40
      55
      28
      41
      48
      35
      38
      36
      58
      46
      40
      52
      28
      27
      34
      38
      46
      38
      37
      26
      32
      36
      33
      28
      40
      34
      30
      37
      32
      32
      22
      39
      36
      39
      32
      29
      41
      37
      36
      29
      27
      41
      37
      33
      29
      23
      30
      26
      44
      23
      20
      28
      32
      21
      29
      26
      39
      31
      25
      20
      21
      20
      27
      19
      20
      17
      26
      19
      18
      16
      15
      16
      14
      17
       9
      14
      18
      16
      17
      12
      12
      14
      17
      11
       4
       9
       9
       9
       9
       9
      10
       6
       4
      11
       8
       6
       9
       6
       6
       8
      10
       4
       9
       9
       5
       3
       2
       5
       3
       5
       1
       5
       3
       8
       2
       5
       4
       7
       4
       0
       3
       5
$ROI:
1
356 503
$PRESETS:
Live Time
600
0
$ENER_FIT:
3.366946 1.602176
$MCA_CAL:
3
3.366946E+000 1.602176E+000 -1.165550E-005 keV
$SHAPE_CAL:
3
4.916061E+001 0.000000E+000 0.000000E+000
