$SPEC_ID:
No sample description was entered.
$SPEC_REM:
DET# 2
DETDESC# BGO detector for MSc Detector lab
AP# Maestro Version 7.01
$DATE_MEA:
11/19/2018 16:25:23
$MEAS_TIM:
600 600
$DATA:
0 1023
       0
       0
       0
       0
       0
      58
     278
     283
     248
     254
     233
     240
     174
     216
     171
     203
     194
     199
     182
     201
     207
     196
     196
     223
     258
     257
     297
     299
     340
     351
     356
     399
     392
     399
     476
     470
     471
     506
     464
     480
     549
     546
     583
     599
     577
     582
     569
     595
     603
     623
     633
     656
     596
     618
     586
     611
     616
     528
     566
     524
     533
     509
     540
     464
     485
     466
     460
     476
     483
     443
     468
     498
     452
     434
     424
     404
     452
     418
     401
     402
     399
     409
     391
     397
     392
     405
     383
     368
     345
     371
     371
     386
     376
     396
     368
     348
     357
     295
     353
     364
     367
     321
     358
     307
     347
     298
     290
     320
     343
     331
     312
     303
     365
     289
     299
     294
     306
     288
     280
     295
     295
     272
     317
     287
     249
     260
     266
     276
     257
     282
     268
     271
     290
     255
     273
     293
     257
     246
     271
     296
     243
     236
     246
     248
     236
     223
     251
     227
     257
     230
     218
     192
     202
     230
     202
     219
     251
     218
     211
     213
     200
     210
     207
     185
     213
     185
     189
     192
     178
     200
     202
     182
     184
     181
     183
     187
     178
     183
     147
     194
     183
     162
     166
     179
     148
     164
     139
     173
     168
     155
     139
     180
     158
     148
     154
     139
     153
     151
     166
     128
     131
     136
     160
     143
     144
     155
     142
     123
     134
     137
     141
     137
     146
     141
     143
     117
     125
     125
     130
     133
     123
     129
     116
     137
     111
     119
     143
     129
     134
     123
      99
     128
     116
     124
     121
     110
     103
     112
      94
     105
     105
     102
      97
     112
     101
     122
      90
      93
      89
      97
      92
     100
      83
     120
      74
      93
      82
      88
      89
      84
      90
      88
      93
     103
      83
      66
      76
      90
      83
     102
      93
      76
      92
      78
      76
      79
      79
      81
      87
      80
      86
      69
      79
      87
      94
      95
      84
      79
      67
      60
      79
      70
      90
      77
      86
      72
      82
      86
      65
      72
      74
      72
      71
      82
      75
      63
      72
      77
      78
      60
      86
      76
      93
      64
      67
      76
      79
      67
      79
      65
      70
      70
      63
      58
      65
      61
      69
      55
      65
      71
      58
      60
      74
      60
      70
      58
      66
      70
      71
      58
      71
      80
      67
      71
      54
      53
      77
      58
      58
      67
      67
      69
      70
      59
      68
      71
      67
      81
      63
      51
      55
      60
      51
      75
      69
      75
      70
      70
      59
      80
      60
      61
      45
      67
      65
      71
      62
      71
      56
      66
      73
      65
      71
      59
      63
      68
      50
      64
      61
      61
      58
      62
      50
      63
      60
      44
      59
      66
      64
      54
      56
      62
      51
      52
      60
      69
      58
      48
      66
      56
      53
      57
      52
      42
      38
      46
      59
      48
      59
      39
      48
      44
      44
      34
      48
      38
      53
      36
      42
      54
      41
      48
      41
      46
      51
      47
      47
      45
      43
      39
      44
      59
      40
      46
      34
      39
      37
      34
      40
      43
      43
      36
      34
      37
      30
      43
      37
      41
      32
      50
      51
      36
      32
      44
      39
      49
      39
      34
      37
      31
      37
      39
      36
      49
      24
      31
      27
      41
      39
      37
      48
      41
      38
      31
      30
      35
      27
      43
      39
      45
      38
      33
      32
      49
      27
      42
      30
      37
      36
      33
      34
      29
      46
      31
      43
      40
      37
      42
      22
      40
      36
      37
      30
      38
      36
      39
      42
      34
      34
      32
      39
      34
      37
      41
      39
      41
      36
      29
      34
      30
      31
      31
      47
      30
      43
      35
      40
      27
      43
      37
      35
      38
      38
      52
      33
      37
      26
      41
      35
      33
      36
      36
      30
      26
      34
      42
      39
      35
      31
      37
      34
      38
      43
      34
      31
      38
      34
      50
      29
      25
      35
      33
      44
      31
      26
      34
      36
      35
      40
      35
      39
      40
      33
      29
      33
      34
      31
      29
      27
      25
      29
      34
      35
      31
      31
      34
      39
      32
      44
      33
      39
      37
      24
      36
      30
      33
      34
      26
      30
      29
      28
      29
      35
      31
      32
      32
      31
      35
      20
      34
      29
      23
      31
      28
      25
      19
      28
      30
      26
      23
      23
      19
      31
      25
      24
      30
      27
      32
      42
      22
      18
      30
      25
      21
      31
      24
      18
      19
      23
      26
      31
      38
      24
      26
      26
      19
      26
      25
      20
      21
      24
      23
      17
      23
      18
      24
      13
      21
      20
      28
      28
      21
      30
      25
      20
      20
      20
      33
      32
      21
      33
      29
      44
      38
      32
      34
      32
      30
      31
      34
      29
      35
      35
      48
      42
      42
      35
      40
      45
      58
      43
      43
      60
      61
      50
      71
      54
      56
      64
      65
      60
      77
      61
      70
      61
      87
      73
      85
      78
      78
      99
      81
      90
      82
      94
      93
      87
     102
     110
     110
     103
     114
     123
     120
     113
     119
     102
     125
     129
     138
     132
     124
     118
     128
     104
     114
     119
     121
     118
     115
     125
     105
     110
     109
     139
     132
     121
     115
     108
      96
     110
     101
     107
      94
      91
      92
      99
     101
      83
      95
      98
      85
      99
      99
      85
     105
      82
      80
      89
      82
      81
      79
      77
      66
      82
      64
      63
      75
      74
      66
      48
      51
      56
      55
      64
      45
      64
      54
      57
      57
      56
      61
      62
      55
      49
      60
      49
      53
      56
      63
      55
      56
      69
      51
      56
      70
      78
      80
      73
      62
      83
      62
      61
      86
      81
      96
      74
      55
      88
      80
      64
      87
      87
      82
      92
      64
     100
     107
      89
     104
     104
     104
      95
     112
      93
      89
      95
      96
      78
      93
     102
      97
      78
      87
      82
      99
      93
      86
      91
     111
      75
      92
     106
      92
      81
      84
      98
      98
      85
      83
      93
      79
      82
      83
      74
      63
      87
      78
      68
      84
      62
      62
      73
      55
      61
      51
      66
      62
      59
      57
      55
      41
      62
      57
      43
      57
      56
      52
      43
      53
      43
      52
      53
      64
      45
      50
      53
      45
      39
      39
      36
      41
      35
      36
      36
      41
      45
      40
      33
      29
      47
      30
      46
      29
      37
      38
      23
      23
      33
      37
      42
      27
      30
      36
      34
      30
      27
      30
      24
      34
      25
      27
      25
      27
      36
      34
      27
      31
      30
      21
      24
      33
      28
      23
      27
      20
      23
      24
      23
      20
      17
      19
      18
      22
      22
      21
      24
      19
      18
      24
      27
      19
      15
      12
      16
      18
      15
      21
      16
      16
      13
      12
      13
       4
      14
      10
      17
      12
      10
      14
       7
      15
       8
       7
       8
       6
       5
       8
       3
       5
       7
       5
       7
       3
       4
       9
      12
       7
       4
       3
      11
       7
       3
       7
       3
       1
       5
       2
       5
       6
       5
       5
       2
       1
$ROI:
1
356 503
$PRESETS:
Live Time
600
0
$ENER_FIT:
3.366946 1.602176
$MCA_CAL:
3
3.366946E+000 1.602176E+000 -1.165550E-005 keV
$SHAPE_CAL:
3
4.916061E+001 0.000000E+000 0.000000E+000
