$SPEC_ID:
No sample description was entered.
$SPEC_REM:
DET# 2
DETDESC# BGO detector for MSc Detector lab
AP# Maestro Version 7.01
$DATE_MEA:
11/19/2018 16:11:44
$MEAS_TIM:
600 600
$DATA:
0 1023
       0
       0
       0
       0
       0
      44
     258
     262
     266
     196
     203
     218
     189
     199
     169
     188
     190
     182
     199
     202
     218
     202
     233
     229
     240
     270
     273
     305
     297
     360
     352
     380
     387
     481
     444
     445
     477
     495
     480
     541
     483
     556
     563
     571
     553
     597
     628
     620
     629
     603
     597
     611
     612
     624
     598
     563
     597
     568
     583
     539
     546
     482
     518
     463
     484
     490
     473
     463
     468
     464
     421
     435
     432
     447
     409
     402
     420
     368
     398
     426
     389
     381
     379
     384
     376
     379
     364
     373
     367
     359
     364
     397
     322
     352
     379
     362
     349
     313
     354
     293
     319
     336
     308
     330
     330
     355
     309
     334
     297
     274
     310
     298
     262
     307
     254
     271
     281
     280
     292
     266
     273
     302
     287
     299
     261
     272
     305
     255
     278
     270
     251
     261
     268
     243
     265
     276
     236
     277
     244
     222
     266
     195
     249
     248
     261
     238
     233
     217
     217
     196
     217
     227
     237
     229
     212
     209
     223
     220
     174
     214
     203
     193
     218
     196
     222
     211
     175
     182
     185
     160
     187
     179
     180
     176
     206
     199
     154
     171
     164
     161
     180
     185
     159
     160
     150
     172
     166
     142
     138
     156
     167
     150
     149
     145
     147
     143
     155
     143
     139
     154
     156
     161
     144
     142
     138
     129
     139
     144
     122
     120
     124
     139
     127
     137
     120
     129
     140
     126
     139
     117
     117
     127
     122
     130
     144
     132
     112
     144
     111
     146
     111
      97
     105
     122
     123
     117
     101
     109
     110
     102
     100
     102
     103
     108
     100
      95
      96
      85
      95
      77
      91
      77
      93
      77
      92
      89
      82
      87
      84
      77
      83
      95
      97
      82
      82
      87
      82
      86
      86
      80
      85
      97
      86
      80
      76
      85
      97
      66
      75
      77
      77
      87
      66
      68
      59
      76
      75
      56
      61
      67
      61
      64
      83
      68
      71
      75
      72
      84
      59
      68
      70
      71
      73
      63
      63
      67
      72
      60
      65
      71
      59
      63
      78
      71
      76
      70
      69
      69
      69
      63
      56
      61
      71
      56
      64
      69
      51
      65
      75
      61
      61
      56
      54
      74
      53
      71
      63
      51
      48
      74
      55
      66
      73
      58
      65
      53
      76
      57
      53
      55
      60
      64
      57
      74
      65
      59
      72
      46
      60
      61
      50
      55
      61
      72
      56
      47
      70
      56
      67
      65
      63
      67
      75
      62
      68
      61
      72
      67
      61
      51
      66
      43
      63
      73
      60
      67
      56
      62
      77
      58
      58
      67
      65
      55
      62
      63
      56
      54
      55
      49
      61
      54
      67
      49
      45
      67
      44
      44
      56
      50
      53
      49
      46
      51
      49
      43
      61
      58
      47
      55
      36
      32
      36
      32
      48
      43
      48
      36
      48
      48
      43
      36
      33
      35
      37
      36
      45
      45
      34
      28
      40
      33
      44
      38
      33
      36
      27
      37
      38
      49
      36
      46
      31
      44
      47
      29
      41
      42
      35
      32
      50
      42
      26
      33
      32
      34
      30
      22
      30
      39
      32
      32
      37
      31
      27
      29
      29
      39
      36
      29
      33
      31
      29
      40
      43
      40
      31
      51
      28
      38
      25
      37
      32
      27
      38
      36
      35
      28
      34
      26
      27
      34
      39
      33
      25
      47
      35
      43
      27
      38
      29
      43
      33
      36
      30
      39
      36
      29
      38
      32
      31
      35
      35
      46
      36
      34
      30
      31
      37
      40
      33
      40
      37
      37
      35
      44
      30
      30
      30
      38
      24
      32
      28
      33
      32
      24
      34
      39
      32
      31
      32
      32
      29
      34
      31
      36
      39
      30
      36
      28
      30
      33
      27
      29
      35
      23
      27
      39
      31
      30
      32
      24
      34
      30
      30
      37
      32
      34
      30
      37
      30
      28
      32
      28
      29
      28
      30
      28
      38
      36
      33
      32
      35
      23
      29
      31
      36
      24
      29
      35
      36
      27
      18
      33
      18
      32
      33
      26
      27
      23
      23
      30
      41
      24
      29
      29
      29
      27
      24
      18
      26
      31
      27
      32
      31
      26
      21
      23
      21
      24
      30
      26
      27
      28
      22
      22
      19
      23
      19
      17
      22
      19
      26
      29
      25
      22
      22
      19
      18
      19
      18
      22
      18
      22
      28
      14
      26
      21
      26
      18
      18
       8
      23
      21
      21
      31
      20
      31
      27
      30
      23
      21
      22
      28
      15
      19
      16
      25
      24
      29
      17
      27
      33
      23
      26
      32
      33
      34
      27
      29
      36
      41
      37
      26
      45
      39
      34
      44
      33
      48
      32
      47
      42
      40
      55
      37
      53
      58
      60
      50
      67
      56
      67
      69
      61
      77
      69
      80
      57
      70
      89
      69
      76
      64
      88
      82
      86
      89
      93
     109
      91
      96
     103
      88
     115
     117
     103
      93
     106
     101
     105
      92
     113
     104
      96
     104
     110
     100
     108
     110
     102
     125
      92
     101
      94
     103
      94
      88
     102
      97
     100
      97
     101
     108
      97
     105
      86
      96
      91
      96
      79
      84
      83
      75
      74
      78
      78
      76
      71
      78
      79
      69
      70
      63
      63
      69
      64
      71
      60
      61
      57
      52
      59
      51
      48
      64
      50
      59
      47
      55
      49
      53
      36
      43
      52
      46
      46
      43
      57
      48
      52
      55
      51
      59
      59
      51
      58
      53
      57
      61
      60
      60
      61
      70
      73
      57
      74
      78
      73
      68
      90
      73
      75
      77
      69
      69
      91
      82
      78
      80
      67
      75
      93
      93
      88
      91
     104
      81
      87
      91
     107
      92
      86
     111
      86
      89
     104
      79
      74
     106
      99
      81
      75
      89
      87
      97
      79
      77
      75
      70
      73
      72
      76
      86
      72
      95
      82
      76
      81
      62
      74
      65
      72
      69
      56
      68
      51
      49
      64
      58
      48
      43
      48
      52
      37
      51
      51
      54
      54
      39
      53
      39
      54
      41
      30
      38
      39
      52
      37
      45
      28
      27
      31
      53
      26
      44
      32
      43
      48
      39
      35
      48
      25
      40
      24
      32
      28
      39
      32
      21
      34
      27
      29
      38
      37
      32
      37
      35
      28
      33
      32
      31
      35
      23
      29
      34
      30
      23
      30
      28
      27
      32
      29
      26
      24
      14
      27
      30
      24
      18
      20
      23
      18
      25
      20
      21
      21
      19
      13
      15
      24
      20
      19
      22
      15
      10
      14
      11
      12
      15
       6
      17
      10
      15
      17
       9
       8
       9
      16
       6
       9
       5
       4
      10
       9
       7
       4
       8
       5
       3
       9
       3
       5
       6
       7
       5
       5
       4
       3
       4
       1
       9
       3
       4
       3
       6
       3
       3
       6
       5
       2
       4
       3
       1
$ROI:
1
356 503
$PRESETS:
Live Time
600
0
$ENER_FIT:
3.366946 1.602176
$MCA_CAL:
3
3.366946E+000 1.602176E+000 -1.165550E-005 keV
$SHAPE_CAL:
3
4.916061E+001 0.000000E+000 0.000000E+000
