$SPEC_ID:
No sample description was entered.
$SPEC_REM:
DET# 1
DETDESC# GMX20P4 HPGe
AP# Maestro Version 7.01
$DATE_MEA:
11/23/2018 16:57:56
$MEAS_TIM:
100 100
$DATA:
0 8191
       0
       0
       0
       0
       0
       0
       0
       0
       0
       0
       0
       0
       0
       0
       0
       0
       0
       0
       0
       0
       0
       0
       0
       0
       0
       0
       0
       0
       0
       0
       0
       0
       0
       0
       0
       0
       0
       0
       0
       0
       0
       0
       0
       0
       0
       0
       0
       0
       9
      50
     166
     273
     345
     424
     399
     407
     358
     298
     226
     186
     185
     209
     252
     322
     436
     571
     667
     765
     806
     785
     700
     604
     472
     372
     195
     148
     176
     179
     208
     215
     251
     242
     268
     246
     188
     151
     129
     104
      85
      80
      86
      90
     100
     101
     101
     112
     122
     136
     136
     154
     164
     199
     209
     203
     192
     172
     121
      95
      70
      58
      33
      29
      24
      19
      23
      18
      13
      17
      22
      17
      21
      18
      29
      20
      23
      28
      26
      28
      32
      33
      26
      25
      28
      29
      27
      23
      18
      26
      22
      16
      26
      21
      20
      23
      32
      25
      29
      30
      38
      39
      29
      30
      42
      51
      34
      41
      42
      50
      48
      56
      48
      49
      76
      77
      75
      90
      64
     100
     110
     104
      90
     121
     120
     130
      97
     112
     111
     110
     119
     137
     137
     150
     156
     173
     159
     203
     185
     231
     254
     280
     322
     327
     368
     345
     372
     408
     423
     441
     419
     431
     428
     433
     422
     469
     447
     424
     443
     474
     417
     405
     368
     397
     357
     377
     350
     340
     309
     352
     338
     296
     318
     301
     325
     323
     403
     485
     667
    1150
    1745
    2615
    3643
    4479
    5278
    5642
    5290
    4502
    3438
    2446
    1529
     852
     453
     230
      85
      40
      29
      18
      12
      12
      11
      14
      17
      13
      12
      13
       8
      19
       7
      13
      17
      19
      20
      13
      18
      19
      22
      10
      16
       7
      20
      23
      13
      18
      17
      25
      23
      13
      15
      14
      10
      11
      17
      12
      18
      21
      19
       9
      17
      16
      18
      15
      11
      19
      22
      15
      16
      22
      17
      18
      16
      27
      18
      14
      22
      16
      25
      14
      15
      30
      20
      24
      17
      19
      14
      14
      11
      23
      16
      20
      18
      17
      15
      16
      23
      15
      21
      16
      16
      12
      17
      28
       7
      11
      14
      22
      18
      23
      11
      10
      14
      13
      13
      15
      14
      24
      13
      14
      15
      21
       9
      13
      14
      19
      22
      13
      10
      16
      22
      14
      12
      14
      17
      21
      20
      16
      17
      20
      13
      20
      19
      19
      14
      16
      22
      16
       8
      20
       9
       9
      15
      10
      22
      13
      19
      11
      14
      21
      22
      14
      21
      22
      23
      10
      19
      23
      16
      17
      16
      23
      15
      16
      19
      12
      22
      12
      17
      21
      19
      21
      12
      10
      12
      12
      21
      16
      14
      16
      16
      12
       9
      22
      16
      15
      15
      17
      11
      21
      15
      14
       9
      12
      11
      16
      16
      21
      15
      15
       9
      22
      19
      15
      15
      17
      20
      17
      17
      16
      14
      11
      17
       8
      11
      17
      17
      12
      13
      11
      10
      10
      12
      16
      14
       7
      11
      16
      19
      18
      13
      11
      13
      12
      15
      12
       8
      11
      14
      22
       8
      13
      10
      11
      16
      15
       8
      10
      13
      14
      11
      12
      14
      20
       7
      10
      11
      11
      10
       9
      12
      11
      11
      12
      10
      18
      20
       8
       9
      14
      13
      13
      14
       7
      10
      10
      11
      13
      10
      12
      13
      12
      11
      14
      11
      13
       9
       8
      15
       8
       4
      15
      12
      10
      12
      13
       9
      10
      11
       6
      12
       8
       9
       8
      13
      16
       6
       9
       9
      14
      13
       8
       5
       8
       8
       9
      11
      12
       9
      16
      11
       9
      12
      15
       7
      11
       7
       8
       9
      13
      13
      12
      13
      10
      16
       6
      12
      15
      12
      12
      12
       6
      11
       9
       7
      13
      14
       8
      10
      14
       7
      10
       8
      16
      11
       9
      16
      10
      11
      12
       7
      15
       9
      13
      11
       8
      10
      14
      16
      11
       9
      11
       2
      11
      10
       7
       6
      16
       8
       6
      15
       5
       7
       8
       8
       9
       6
       7
       9
       6
       6
       9
      10
       9
      10
      12
       7
       3
      13
       9
       9
       6
       8
       7
      11
       4
       8
      13
      11
       7
       9
      10
      10
      11
      10
       6
       6
       4
      12
       6
       9
       5
       8
       8
      10
      13
       3
      11
       6
       2
       9
       7
       9
       8
       5
       2
      10
      14
       9
       6
       5
       5
       8
       4
       7
       3
       8
       7
       7
       9
       9
       5
       6
       9
       8
       5
       7
       6
      10
       6
       7
       8
      11
       8
      13
       3
      12
       1
       9
       4
       8
       6
      12
       6
       4
      10
       5
       5
       5
       4
       8
       9
       3
       7
       8
       9
      13
       8
      10
       6
       6
       3
       9
       8
       6
      10
       9
       8
       3
       8
       5
       4
       2
       3
       8
       4
      13
       9
       4
       2
       4
       8
       5
       7
       7
       2
       7
       5
      10
       8
       5
       3
       8
       3
       7
       7
       4
       3
       9
       6
       3
       8
       6
       6
       4
       9
       8
       8
       4
       7
       5
      10
       3
       3
       4
       5
       8
       6
       4
       3
      10
       2
      10
       5
      10
       8
       5
       2
       3
       6
       6
       8
       4
       7
       6
       5
       1
       7
       3
       5
       4
       4
       4
       3
       6
       6
       4
       8
       6
       4
       4
       8
       5
       2
       7
       2
       4
       2
       8
       3
       4
       3
       4
       7
       5
       6
       6
       8
       2
       3
       3
       9
       5
       8
       6
       1
       5
       5
      11
       7
       5
       2
       7
       4
       2
       5
       6
       6
       5
       2
       5
       6
       2
       9
       4
       6
       4
       2
       3
       1
       5
       5
       4
       6
       2
       2
       7
       4
       5
       3
       5
       4
       6
       3
       7
       7
       8
       1
       2
       3
       3
       6
       3
       2
       5
       6
       1
       4
       7
       3
       4
       2
       6
       6
       2
       5
       4
       7
       5
       5
       5
       6
       3
       7
       3
       5
       4
       5
       1
       5
       0
       4
       5
       1
       3
       6
       4
       6
       2
       8
       7
       6
       5
       5
       7
       3
       4
       4
       3
       6
       9
       9
      11
       3
       9
       4
       3
       5
       5
       5
       6
       5
       4
       4
       2
       5
       3
       1
       2
       6
       3
       4
       2
       4
       2
       3
       4
       2
       3
       2
       2
       4
       4
       4
       5
       4
       3
       3
       4
       3
       1
       6
       5
       3
       1
       4
       7
       1
       1
       2
       1
       3
       1
       5
       6
       1
       6
       4
       1
       4
       0
       2
       3
       8
       5
       5
       4
       2
       4
       4
       0
       2
       5
       2
       3
       1
       3
       5
       2
       3
       3
       5
       3
       5
       5
       5
       2
       2
       4
       3
       4
       6
       5
       4
       3
       2
       0
       6
       3
       3
       3
       3
       4
       3
       4
       1
       2
       4
       2
       0
       5
       1
       3
       3
       2
       3
       1
       3
       3
       4
       5
       3
       0
       7
       4
       0
       3
       5
       2
       2
       1
       1
       4
       3
       4
       2
       1
       2
       3
       3
       1
       5
       1
       4
       4
       4
       3
       2
       1
       3
       0
       2
       1
       0
       0
       1
       3
       0
       2
       3
       2
       3
       0
       1
       1
       5
       2
       1
       4
       3
       1
       3
       2
       3
       4
       1
       3
       7
       1
       1
       5
       1
       1
       3
       3
       2
       2
       7
       0
       1
       1
       1
       3
       4
       3
       1
       1
       2
       3
       3
       2
       3
       2
       2
       0
       1
       2
       2
       7
       1
       3
       3
       6
       3
       2
       2
       1
       2
       2
       4
       5
       6
       4
       0
       5
       1
       3
       3
       1
       5
       0
       2
       1
       0
       1
       0
       4
       1
       2
       4
       5
       2
       3
       1
       3
       0
       1
       6
       3
       4
       2
       7
       0
       2
       2
       3
       2
       2
       1
       2
       1
       2
       1
       2
       1
       1
       2
       5
       2
       0
       2
       1
       3
       0
       2
       3
       4
       4
       2
       1
       2
       3
       1
       1
       1
       0
       1
       0
       4
       5
       0
       4
       7
       1
       2
       1
       3
       1
       0
       0
       4
       1
       3
       0
       2
       6
       2
       2
       0
       2
       2
       3
       3
       4
       3
       1
       3
       0
       1
       2
       1
       2
       1
       0
       2
       0
       4
       2
       2
       4
       1
       0
       3
       1
       1
       3
       2
       1
       5
       1
       3
       3
       1
       1
       2
       2
       2
       5
       3
       2
       2
       1
       0
       4
       4
       3
       1
       3
       2
       4
       2
       3
       5
       1
       1
       2
       4
       3
       1
       0
       0
       4
       2
       0
       0
       0
       2
       3
       2
       1
       3
       4
       4
       3
       2
       1
       0
       2
       1
       4
       3
       7
       3
       1
       1
       1
       1
       1
       2
       3
       0
       2
       2
       3
       2
       1
       3
       2
       2
       1
       1
       5
       0
       2
       4
       0
       2
       3
       2
       1
       2
       1
       0
       0
       2
       2
       2
       3
       0
       4
       1
       2
       2
       4
       3
       3
       1
       1
       3
       5
       3
       5
       6
       3
       4
       8
       6
       3
       3
       0
       3
       4
       1
       1
       1
       0
       3
       2
       1
       3
       0
       3
       2
       2
       2
       2
       1
       1
       2
       1
       0
       2
       1
       0
       1
       1
       1
       0
       2
       4
       2
       1
       0
       1
       1
       3
       0
       0
       2
       0
       3
       1
       2
       2
       1
       1
       1
       4
       3
       4
       1
       0
       2
       0
       0
       0
       2
       3
       0
       1
       3
       1
       0
       3
       2
       4
       0
       1
       0
       1
       3
       2
       0
       0
       0
       1
       1
       0
       0
       0
       1
       1
       2
       1
       1
       0
       2
       1
       1
       2
       4
       2
       2
       0
       2
       0
       2
       2
       0
       2
       3
       0
       1
       1
       0
       1
       4
       1
       1
       0
       2
       2
       0
       1
       3
       2
       2
       0
       1
       0
       1
       0
       2
       3
       1
       1
       3
       1
       1
       1
       2
       1
       1
       2
       2
       1
       1
       1
       1
       1
       1
       1
       2
       2
       0
       0
       2
       3
       1
       0
       1
       2
       3
       2
       1
       1
       3
       1
       1
       2
       2
       1
       1
       1
       1
       3
       1
       1
       2
       2
       0
       1
       2
       2
       0
       1
       0
       3
       0
       0
       0
       1
       3
       2
       1
       1
       1
       0
       1
       2
       1
       0
       1
       0
       0
       1
       0
       3
       0
       1
       2
       2
       1
       3
       1
       2
       1
       2
       1
       1
       1
       0
       1
       1
       3
       2
       1
       2
       0
       0
       4
       3
       2
       2
       4
       1
       0
       4
       5
       2
       1
       2
       0
       0
       2
       1
       1
       0
       1
       0
       1
       1
       1
       1
       1
       1
       0
       2
       2
       2
       3
       1
       3
       0
       0
       1
       0
       0
       1
       1
       0
       0
       0
       0
       1
       0
       0
       2
       2
       0
       1
       0
       1
       1
       1
       0
       2
       3
       2
       1
       1
       1
       0
       0
       0
       1
       0
       2
       0
       1
       2
       3
       1
       1
       1
       1
       4
       2
       0
       3
       2
       0
       0
       0
       2
       5
       0
       2
       1
       4
       0
       2
       2
       5
       1
       1
       0
       1
       0
       0
       2
       1
       1
       2
       0
       2
       0
       0
       1
       1
       0
       0
       3
       0
       3
       3
       2
       1
       1
       0
       0
       0
       0
       0
       1
       3
       4
       1
       2
       1
       2
       1
       0
       1
       1
       2
       0
       1
       0
       0
       1
       2
       0
       1
       0
       1
       0
       1
       1
       2
       0
       0
       1
       0
       0
       2
       0
       0
       2
       0
       1
       1
       0
       0
       0
       0
       3
       2
       1
       0
       1
       1
       5
       0
       0
       0
       1
       1
       0
       1
       2
       1
       1
       1
       0
       1
       0
       3
       0
       1
       1
       2
       0
       1
       2
       2
       0
       0
       1
       2
       0
       2
       3
       1
       1
       0
       0
       2
       1
       1
       1
       5
       1
       0
       0
       0
       2
       0
       0
       2
       2
       1
       2
       2
       2
       1
       1
       2
       0
       1
       0
       0
       1
       0
       0
       1
       4
       0
       0
       1
       2
       1
       1
       1
       1
       1
       1
       2
       1
       1
       0
       0
       1
       0
       0
       1
       1
       1
       3
       0
       1
       0
       1
       0
       0
       0
       0
       1
       0
       0
       0
       2
       2
       0
       1
       0
       3
       0
       0
       0
       0
       0
       1
       1
       1
       1
       1
       1
       0
       1
       0
       0
       1
       3
       3
       1
       0
       1
       1
       0
       0
       1
       0
       1
       1
       3
       0
       0
       0
       1
       0
       0
       2
       0
       0
       2
       1
       2
       0
       1
       1
       1
       0
       0
       1
       1
       0
       1
       1
       1
       0
       0
       2
       0
       0
       1
       0
       1
       2
       2
       0
       0
       2
       1
       0
       2
       0
       2
       2
       0
       1
       1
       3
       1
       0
       1
       1
       2
       0
       2
       0
       0
       1
       0
       2
       0
       2
       2
       0
       0
       2
       0
       2
       1
       1
       0
       2
       1
       2
       0
       1
       0
       0
       1
       0
       3
       0
       2
       1
       0
       0
       1
       2
       1
       1
       2
       2
       0
       2
       4
       1
       3
       0
       1
       0
       0
       2
       0
       1
       0
       1
       0
       0
       1
       0
       1
       1
       0
       0
       1
       0
       1
       1
       1
       0
       1
       0
       2
       0
       1
       2
       3
       0
       1
       0
       1
       0
       1
       1
       1
       0
       0
       0
       1
       0
       0
       0
       0
       1
       4
       0
       1
       0
       0
       0
       3
       2
       1
       0
       0
       1
       1
       4
       0
       1
       1
       1
       1
       0
       0
       0
       0
       0
       0
       0
       1
       0
       0
       0
       1
       3
       1
       1
       2
       0
       0
       0
       2
       0
       0
       2
       0
       2
       1
       1
       0
       2
       2
       1
       1
       0
       1
       0
       1
       0
       1
       1
       1
       0
       1
       1
       3
       0
       1
       1
       0
       1
       0
       1
       0
       0
       1
       1
       0
       0
       0
       0
       1
       0
       0
       2
       0
       0
       1
       2
       0
       2
       0
       0
       1
       0
       0
       0
       0
       1
       2
       1
       1
       1
       1
       0
       0
       1
       3
       0
       2
       2
       1
       1
       0
       0
       1
       1
       0
       1
       0
       1
       1
       1
       0
       1
       0
       0
       1
       0
       1
       0
       0
       1
       2
       1
       0
       0
       1
       1
       0
       1
       0
       0
       1
       0
       0
       2
       0
       1
       1
       1
       0
       0
       0
       0
       1
       4
       0
       1
       0
       1
       1
       0
       0
       1
       2
       1
       0
       0
       0
       0
       2
       2
       1
       0
       0
       0
       1
       0
       0
       1
       0
       0
       1
       0
       1
       0
       0
       2
       1
       1
       2
       2
       1
       2
       0
       1
       0
       0
       1
       0
       1
       0
       0
       1
       0
       0
       1
       0
       1
       1
       2
       1
       0
       0
       0
       2
       1
       0
       1
       0
       0
       0
       0
       0
       0
       1
       1
       1
       2
       2
       3
       3
       0
       2
       1
       2
       2
       2
       0
       1
       0
       0
       0
       1
       0
       2
       0
       0
       2
       0
       1
       0
       0
       0
       0
       0
       1
       1
       0
       1
       0
       2
       1
       1
       2
       2
       0
       0
       1
       0
       0
       0
       1
       0
       0
       1
       0
       1
       2
       0
       0
       1
       0
       0
       1
       2
       0
       1
       0
       0
       2
       0
       0
       1
       3
       2
       0
       0
       1
       1
       1
       1
       1
       0
       0
       1
       1
       1
       1
       0
       2
       0
       0
       0
       0
       1
       0
       0
       1
       3
       1
       0
       0
       1
       0
       1
       0
       1
       2
       3
       3
       1
       5
       5
       4
       4
       8
       2
       1
       2
       3
       1
       2
       0
       0
       0
       0
       0
       0
       1
       0
       2
       0
       0
       0
       0
       0
       2
       2
       0
       1
       0
       2
       0
       2
       0
       1
       0
       0
       0
       0
       1
       0
       0
       1
       1
       1
       0
       0
       0
       1
       0
       0
       0
       1
       0
       0
       1
       0
       0
       0
       1
       0
       1
       1
       0
       0
       0
       0
       1
       0
       1
       1
       0
       0
       1
       0
       0
       0
       0
       0
       0
       0
       1
       2
       0
       0
       1
       0
       0
       0
       0
       1
       0
       1
       0
       1
       0
       0
       0
       0
       0
       1
       1
       0
       0
       0
       0
       1
       0
       0
       0
       0
       0
       0
       1
       0
       1
       0
       1
       3
       0
       0
       0
       0
       0
       1
       0
       0
       0
       1
       0
       2
       1
       1
       0
       0
       0
       0
       2
       1
       0
       1
       0
       2
       1
       0
       1
       0
       0
       0
       1
       1
       0
       0
       0
       1
       1
       0
       0
       0
       0
       1
       0
       0
       1
       3
       0
       0
       0
       0
       2
       2
       0
       0
       2
       1
       0
       1
       2
       0
       0
       0
       1
       0
       1
       2
       1
       0
       2
       0
       1
       1
       0
       0
       0
       0
       1
       1
       0
       1
       1
       1
       0
       0
       1
       1
       1
       4
       0
       0
       0
       0
       1
       0
       1
       0
       1
       0
       1
       0
       2
       0
       1
       1
       0
       1
       0
       0
       0
       0
       0
       0
       1
       0
       0
       1
       0
       0
       0
       1
       1
       2
       1
       0
       0
       2
       1
       2
       0
       1
       0
       0
       0
       0
       0
       0
       0
       0
       1
       0
       0
       0
       2
       0
       0
       0
       1
       0
       1
       0
       1
       0
       0
       3
       0
       0
       1
       0
       1
       0
       0
       0
       1
       0
       0
       1
       1
       0
       0
       0
       2
       0
       0
       1
       0
       0
       2
       0
       1
       2
       1
       1
       0
       0
       0
       0
       0
       2
       1
       0
       0
       1
       1
       0
       0
       0
       0
       0
       1
       2
       0
       0
       1
       0
       1
       2
       2
       0
       0
       0
       1
       0
       0
       0
       0
       0
       0
       1
       0
       0
       0
       1
       1
       0
       0
       0
       1
       1
       1
       0
       0
       2
       2
       1
       0
       0
       1
       0
       0
       0
       0
       0
       0
       1
       1
       1
       0
       0
       0
       0
       0
       1
       1
       1
       0
       0
       0
       1
       1
       0
       1
       0
       1
       0
       0
       1
       0
       0
       0
       0
       0
       1
       0
       0
       0
       1
       1
       0
       0
       0
       0
       0
       0
       1
       0
       0
       1
       1
       0
       0
       0
       2
       0
       1
       0
       0
       0
       0
       0
       0
       0
       1
       0
       0
       1
       0
       1
       0
       0
       2
       1
       0
       0
       0
       0
       0
       0
       0
       0
       0
       0
       1
       1
       0
       0
       1
       0
       1
       1
       0
       0
       0
       0
       1
       0
       0
       0
       1
       0
       0
       1
       1
       0
       0
       0
       1
       0
       0
       2
       1
       1
       0
       0
       1
       1
       1
       0
       1
       1
       0
       0
       1
       1
       1
       0
       0
       0
       0
       0
       0
       2
       0
       0
       1
       1
       0
       0
       0
       0
       0
       0
       0
       1
       0
       1
       1
       2
       0
       0
       1
       1
       1
       2
       1
       1
       1
       0
       1
       0
       1
       0
       2
       0
       1
       0
       0
       1
       0
       1
       0
       1
       1
       0
       0
       0
       0
       1
       0
       0
       0
       0
       0
       2
       0
       1
       0
       0
       0
       1
       0
       0
       0
       0
       1
       1
       0
       0
       0
       0
       0
       2
       0
       0
       0
       1
       1
       0
       0
       0
       0
       1
       0
       0
       0
       1
       0
       0
       2
       0
       1
       0
       0
       0
       0
       0
       0
       0
       2
       0
       0
       1
       1
       0
       0
       0
       1
       0
       0
       0
       1
       0
       0
       1
       2
       0
       0
       0
       1
       1
       0
       3
       0
       2
       0
       0
       1
       2
       0
       0
       1
       0
       0
       0
       1
       1
       0
       1
       2
       1
       0
       2
       3
       0
       0
       0
       0
       0
       0
       1
       0
       1
       0
       0
       0
       0
       0
       1
       0
       0
       1
       0
       0
       0
       1
       1
       0
       0
       1
       0
       0
       0
       0
       0
       1
       0
       0
       0
       0
       0
       0
       1
       0
       0
       1
       0
       2
       1
       1
       0
       0
       0
       0
       0
       0
       1
       0
       1
       0
       1
       1
       0
       1
       0
       0
       0
       1
       1
       0
       1
       2
       1
       1
       1
       0
       0
       1
       1
       0
       1
       0
       0
       0
       1
       0
       0
       0
       0
       0
       0
       0
       3
       0
       0
       0
       0
       1
       0
       0
       0
       1
       0
       0
       0
       2
       2
       1
       1
       0
       0
       0
       3
       1
       0
       0
       0
       1
       0
       0
       1
       0
       1
       0
       1
       0
       1
       1
       0
       2
       0
       2
       0
       0
       1
       0
       0
       0
       0
       0
       1
       1
       0
       1
       0
       0
       1
       0
       2
       0
       0
       0
       1
       0
       0
       0
       1
       1
       1
       0
       0
       1
       0
       0
       3
       0
       0
       0
       0
       0
       0
       0
       1
       0
       1
       0
       1
       0
       0
       1
       1
       1
       2
       0
       0
       0
       1
       2
       0
       0
       0
       1
       1
       0
       0
       1
       1
       0
       0
       0
       1
       1
       1
       0
       0
       0
       0
       0
       0
       0
       0
       1
       0
       0
       0
       0
       1
       1
       2
       2
       0
       1
       0
       0
       1
       0
       0
       0
       1
       1
       0
       0
       0
       0
       0
       0
       1
       0
       0
       0
       1
       0
       0
       0
       1
       1
       0
       0
       0
       1
       0
       0
       0
       0
       0
       2
       0
       0
       0
       0
       0
       0
       0
       0
       0
       0
       0
       1
       1
       0
       0
       0
       0
       1
       0
       0
       0
       2
       0
       1
       1
       0
       0
       0
       1
       0
       0
       0
       0
       1
       0
       0
       0
       0
       0
       0
       0
       0
       1
       0
       1
       0
       0
       1
       0
       1
       0
       0
       0
       0
       1
       1
       0
       0
       0
       0
       0
       1
       1
       2
       0
       0
       0
       0
       0
       0
       0
       0
       1
       0
       0
       0
       1
       0
       0
       1
       1
       1
       0
       0
       2
       0
       0
       0
       0
       1
       2
       0
       0
       0
       0
       2
       0
       0
       0
       1
       0
       1
       0
       0
       0
       0
       1
       2
       1
       0
       0
       0
       0
       0
       0
       2
       1
       2
       0
       0
       0
       0
       1
       1
       0
       0
       0
       0
       0
       0
       1
       1
       0
       1
       0
       1
       1
       0
       0
       0
       0
       0
       0
       0
       0
       0
       1
       0
       0
       0
       0
       0
       0
       1
       0
       1
       1
       0
       0
       0
       0
       0
       1
       0
       0
       2
       0
       0
       2
       0
       1
       1
       0
       0
       0
       0
       0
       0
       0
       0
       0
       1
       0
       2
       0
       1
       2
       0
       0
       1
       0
       1
       1
       0
       0
       1
       0
       1
       0
       0
       0
       0
       1
       0
       0
       1
       0
       0
       0
       1
       1
       0
       0
       0
       0
       0
       0
       0
       0
       0
       1
       0
       1
       0
       1
       1
       1
       0
       1
       0
       0
       0
       0
       0
       0
       0
       0
       0
       1
       0
       1
       0
       0
       0
       0
       0
       0
       0
       1
       0
       0
       0
       1
       1
       0
       0
       0
       0
       0
       1
       0
       0
       0
       0
       3
       0
       0
       0
       2
       0
       0
       0
       1
       0
       0
       0
       1
       1
       0
       0
       0
       1
       2
       0
       0
       1
       1
       0
       2
       0
       0
       0
       1
       0
       0
       1
       1
       0
       0
       0
       4
       1
       0
       0
       2
       0
       0
       0
       0
       0
       2
       0
       1
       0
       0
       0
       0
       0
       0
       1
       0
       0
       0
       0
       0
       1
       0
       0
       0
       0
       1
       0
       0
       0
       0
       0
       0
       0
       2
       0
       0
       1
       2
       1
       0
       0
       1
       1
       0
       0
       0
       0
       0
       0
       0
       1
       0
       0
       0
       1
       0
       1
       0
       1
       0
       0
       1
       0
       0
       0
       1
       1
       0
       1
       0
       1
       0
       0
       1
       1
       1
       0
       0
       1
       0
       1
       0
       1
       1
       0
       0
       0
       0
       1
       2
       1
       0
       1
       1
       1
       1
       1
       1
       0
       0
       0
       0
       1
       1
       0
       0
       1
       0
       0
       2
       0
       0
       0
       0
       1
       0
       0
       0
       0
       0
       0
       0
       1
       0
       1
       0
       0
       0
       1
       1
       1
       0
       2
       0
       1
       1
       1
       0
       0
       0
       0
       1
       0
       0
       1
       0
       0
       0
       0
       1
       1
       1
       1
       0
       0
       1
       0
       0
       1
       0
       0
       0
       0
       0
       1
       0
       0
       0
       0
       0
       0
       0
       1
       0
       1
       0
       1
       0
       0
       1
       1
       1
       1
       0
       0
       0
       2
       1
       1
       0
       0
       0
       0
       1
       1
       0
       0
       0
       0
       0
       1
       1
       0
       0
       0
       1
       0
       1
       0
       1
       0
       1
       0
       1
       0
       1
       0
       0
       0
       0
       2
       0
       0
       1
       0
       0
       2
       1
       0
       0
       1
       0
       0
       0
       0
       1
       0
       0
       1
       0
       0
       1
       1
       0
       0
       0
       0
       1
       0
       1
       0
       0
       1
       0
       0
       0
       0
       2
       0
       0
       0
       0
       0
       0
       1
       0
       0
       0
       1
       0
       0
       0
       0
       0
       0
       1
       0
       0
       0
       1
       0
       0
       0
       0
       0
       1
       0
       0
       0
       0
       0
       0
       1
       1
       1
       0
       0
       0
       1
       0
       0
       0
       0
       0
       0
       0
       1
       0
       0
       0
       0
       1
       0
       0
       0
       0
       0
       0
       0
       0
       0
       0
       0
       0
       0
       0
       0
       1
       0
       0
       0
       0
       0
       0
       0
       1
       0
       1
       0
       0
       0
       0
       0
       0
       1
       1
       0
       1
       1
       0
       0
       0
       0
       0
       1
       0
       1
       0
       0
       1
       1
       0
       1
       0
       0
       1
       1
       1
       0
       1
       1
       1
       0
       0
       0
       1
       0
       0
       0
       0
       1
       0
       1
       0
       0
       1
       0
       1
       0
       0
       0
       1
       0
       0
       0
       0
       2
       0
       0
       0
       0
       0
       0
       0
       0
       0
       0
       0
       0
       1
       1
       1
       0
       1
       0
       0
       0
       0
       2
       0
       0
       0
       0
       1
       1
       0
       0
       0
       1
       1
       0
       0
       0
       1
       0
       0
       0
       0
       0
       0
       0
       0
       1
       0
       0
       0
       0
       1
       2
       0
       0
       1
       0
       0
       0
       1
       0
       0
       0
       1
       0
       0
       1
       1
       0
       1
       0
       0
       1
       0
       0
       1
       0
       0
       2
       0
       0
       2
       0
       0
       0
       1
       1
       1
       0
       1
       1
       0
       0
       1
       0
       0
       1
       0
       1
       0
       0
       0
       0
       0
       0
       1
       0
       0
       0
       2
       0
       1
       0
       0
       0
       0
       1
       0
       0
       0
       0
       0
       1
       0
       0
       0
       1
       0
       0
       1
       0
       0
       0
       2
       0
       0
       0
       0
       0
       0
       0
       2
       0
       1
       0
       0
       1
       1
       1
       1
       0
       1
       0
       0
       1
       0
       0
       1
       0
       0
       0
       1
       1
       0
       0
       0
       0
       0
       0
       0
       0
       1
       0
       0
       1
       0
       0
       0
       0
       0
       0
       0
       1
       0
       0
       0
       0
       0
       1
       1
       0
       2
       0
       0
       0
       0
       1
       0
       0
       0
       0
       0
       1
       0
       0
       0
       0
       0
       0
       0
       1
       0
       0
       0
       0
       2
       1
       0
       0
       0
       2
       0
       0
       0
       0
       0
       0
       0
       0
       0
       1
       0
       0
       1
       1
       1
       0
       0
       0
       0
       1
       1
       1
       0
       1
       0
       0
       0
       0
       0
       2
       0
       0
       1
       0
       0
       1
       0
       0
       1
       0
       1
       0
       0
       0
       0
       1
       0
       0
       0
       0
       0
       0
       0
       1
       1
       0
       0
       0
       0
       0
       0
       0
       0
       1
       0
       0
       0
       0
       1
       0
       0
       1
       0
       1
       0
       0
       0
       0
       0
       0
       0
       0
       0
       1
       0
       1
       0
       0
       1
       0
       0
       0
       1
       0
       0
       1
       0
       0
       1
       1
       0
       0
       0
       0
       0
       0
       0
       0
       0
       0
       1
       0
       1
       0
       0
       1
       0
       0
       0
       0
       0
       0
       0
       0
       0
       0
       1
       0
       0
       0
       0
       0
       0
       0
       1
       1
       0
       1
       0
       0
       0
       0
       0
       0
       1
       0
       0
       0
       1
       0
       0
       0
       0
       0
       0
       0
       0
       1
       2
       0
       0
       0
       0
       0
       0
       0
       1
       0
       0
       0
       1
       0
       1
       0
       1
       0
       2
       0
       0
       0
       0
       0
       0
       0
       0
       0
       1
       0
       0
       0
       1
       0
       1
       1
       0
       0
       3
       0
       1
       1
       2
       1
       1
       1
       0
       0
       1
       0
       0
       0
       2
       0
       0
       0
       0
       0
       0
       1
       1
       0
       0
       0
       0
       0
       0
       1
       0
       0
       0
       0
       0
       0
       0
       0
       1
       0
       0
       1
       0
       0
       0
       1
       0
       0
       1
       0
       0
       0
       0
       0
       1
       0
       1
       1
       0
       0
       1
       0
       0
       1
       0
       0
       1
       0
       0
       0
       1
       0
       0
       0
       0
       0
       0
       1
       2
       1
       1
       1
       1
       0
       0
       1
       0
       0
       0
       1
       0
       0
       1
       1
       0
       0
       0
       0
       0
       1
       0
       0
       1
       1
       2
       0
       0
       0
       0
       0
       0
       2
       0
       0
       0
       0
       0
       0
       0
       0
       0
       2
       0
       0
       1
       2
       0
       0
       0
       0
       1
       0
       1
       0
       1
       0
       0
       0
       0
       1
       1
       2
       0
       0
       3
       0
       0
       0
       0
       0
       1
       2
       1
       0
       0
       0
       0
       0
       0
       0
       0
       0
       0
       0
       0
       0
       1
       0
       0
       0
       0
       1
       0
       0
       1
       0
       0
       1
       0
       0
       0
       1
       0
       1
       2
       0
       0
       1
       0
       0
       0
       1
       0
       0
       0
       0
       1
       0
       2
       0
       0
       0
       0
       0
       1
       0
       0
       0
       0
       0
       0
       0
       0
       1
       1
       0
       0
       1
       0
       0
       0
       0
       0
       2
       1
       0
       0
       1
       0
       0
       0
       0
       2
       0
       1
       1
       0
       2
       0
       0
       1
       0
       0
       0
       0
       1
       0
       0
       0
       0
       0
       1
       0
       0
       0
       0
       1
       0
       1
       1
       0
       1
       0
       0
       1
       2
       1
       0
       0
       0
       0
       0
       0
       0
       0
       0
       0
       1
       1
       1
       1
       0
       0
       0
       0
       0
       0
       0
       1
       1
       0
       0
       0
       0
       0
       0
       1
       0
       1
       0
       0
       0
       0
       0
       0
       0
       0
       0
       1
       0
       0
       0
       1
       0
       0
       1
       0
       0
       0
       0
       0
       0
       0
       0
       0
       1
       0
       0
       1
       0
       0
       0
       1
       0
       2
       0
       0
       0
       0
       2
       0
       0
       0
       0
       0
       0
       0
       1
       1
       1
       0
       1
       1
       0
       1
       0
       1
       0
       0
       0
       0
       1
       0
       1
       0
       1
       0
       1
       1
       0
       1
       0
       0
       0
       0
       0
       0
       0
       0
       1
       0
       0
       0
       0
       1
       0
       0
       1
       0
       0
       0
       0
       1
       0
       1
       0
       1
       0
       0
       0
       0
       1
       1
       0
       0
       0
       1
       0
       1
       0
       0
       0
       1
       0
       0
       1
       0
       0
       0
       0
       1
       1
       0
       0
       1
       0
       0
       0
       0
       0
       0
       1
       0
       0
       0
       1
       0
       0
       1
       1
       1
       0
       1
       0
       1
       0
       0
       0
       3
       1
       0
       0
       0
       0
       1
       1
       2
       1
       0
       0
       1
       0
       1
       0
       2
       2
       1
       0
       0
       1
       1
       0
       1
       0
       1
       0
       0
       1
       0
       0
       0
       0
       0
       0
       1
       0
       0
       1
       0
       1
       0
       0
       1
       0
       0
       0
       1
       0
       1
       0
       0
       0
       0
       0
       0
       0
       0
       0
       0
       1
       1
       0
       0
       0
       0
       0
       0
       0
       1
       0
       0
       0
       0
       0
       0
       0
       0
       0
       0
       0
       0
       1
       0
       1
       0
       0
       1
       0
       1
       0
       1
       0
       0
       1
       1
       0
       0
       1
       0
       0
       0
       0
       0
       0
       0
       1
       1
       0
       0
       0
       0
       0
       0
       0
       0
       0
       0
       1
       0
       0
       0
       0
       0
       0
       0
       0
       0
       0
       0
       0
       0
       0
       0
       0
       0
       2
       1
       0
       0
       0
       0
       0
       0
       0
       0
       0
       0
       0
       0
       0
       0
       0
       0
       0
       0
       0
       0
       0
       0
       0
       0
       0
       0
       0
       0
       0
       0
       0
       0
       0
       0
       0
       1
       0
       1
       0
       0
       0
       0
       0
       0
       0
       0
       1
       0
       0
       2
       0
       0
       0
       0
       0
       0
       1
       1
       0
       0
       0
       0
       0
       0
       1
       1
       2
       0
       0
       0
       0
       0
       0
       0
       0
       0
       1
       0
       0
       0
       0
       0
       0
       1
       1
       1
       1
       0
       0
       0
       0
       0
       2
       0
       0
       1
       0
       0
       0
       1
       1
       0
       0
       1
       1
       0
       0
       0
       0
       0
       1
       0
       0
       1
       0
       0
       0
       0
       0
       1
       0
       0
       0
       0
       0
       0
       0
       0
       0
       0
       1
       0
       1
       0
       0
       1
       0
       0
       0
       0
       0
       0
       3
       1
       0
       0
       0
       0
       0
       0
       0
       1
       0
       0
       0
       0
       0
       0
       0
       0
       0
       0
       0
       0
       0
       0
       0
       0
       0
       0
       0
       0
       0
       1
       0
       1
       0
       0
       0
       1
       0
       0
       1
       0
       0
       0
       1
       1
       0
       0
       0
       1
       0
       0
       0
       0
       0
       0
       0
       1
       0
       0
       0
       0
       0
       0
       0
       0
       0
       0
       0
       0
       0
       0
       0
       0
       1
       0
       0
       0
       0
       0
       0
       0
       1
       0
       1
       0
       0
       0
       0
       0
       0
       0
       0
       1
       0
       1
       0
       0
       0
       0
       0
       0
       0
       0
       0
       0
       0
       0
       1
       0
       1
       0
       0
       0
       0
       1
       0
       0
       0
       1
       0
       0
       0
       1
       0
       0
       0
       0
       0
       0
       0
       0
       0
       1
       0
       0
       0
       0
       1
       0
       0
       0
       0
       0
       0
       0
       0
       0
       0
       0
       0
       1
       1
       0
       0
       0
       0
       0
       0
       0
       0
       0
       0
       0
       0
       0
       0
       0
       0
       0
       0
       0
       0
       0
       0
       0
       0
       0
       0
       0
       0
       1
       0
       0
       0
       0
       0
       1
       0
       0
       0
       0
       0
       0
       0
       0
       0
       0
       1
       0
       0
       0
       0
       0
       0
       0
       1
       0
       1
       0
       0
       0
       0
       0
       0
       1
       0
       0
       0
       0
       1
       0
       0
       1
       0
       2
       0
       0
       0
       0
       0
       0
       1
       0
       1
       0
       0
       0
       0
       0
       0
       0
       0
       1
       0
       0
       0
       0
       0
       0
       0
       1
       0
       0
       2
       1
       0
       0
       0
       0
       0
       0
       0
       0
       1
       0
       0
       0
       0
       0
       1
       0
       0
       0
       0
       0
       0
       0
       1
       0
       1
       0
       0
       1
       0
       0
       0
       0
       0
       0
       0
       0
       0
       0
       0
       0
       0
       0
       0
       0
       1
       0
       0
       0
       0
       0
       0
       0
       0
       0
       0
       0
       0
       0
       1
       1
       1
       0
       0
       0
       0
       1
       1
       0
       0
       0
       0
       0
       1
       0
       0
       0
       0
       0
       0
       0
       0
       0
       0
       0
       0
       0
       0
       0
       0
       0
       0
       0
       0
       0
       0
       0
       0
       0
       0
       0
       0
       0
       1
       0
       0
       0
       0
       0
       0
       0
       0
       0
       0
       0
       0
       0
       0
       0
       0
       0
       0
       0
       0
       0
       0
       0
       0
       0
       0
       0
       0
       0
       0
       0
       1
       0
       1
       0
       0
       0
       0
       0
       0
       0
       0
       1
       0
       0
       0
       0
       0
       0
       0
       0
       0
       0
       0
       0
       0
       1
       0
       0
       0
       0
       0
       0
       2
       0
       1
       0
       0
       0
       0
       0
       0
       0
       0
       0
       0
       0
       0
       0
       0
       0
       0
       0
       0
       0
       0
       0
       0
       0
       0
       0
       0
       0
       0
       0
       0
       0
       1
       0
       0
       0
       0
       0
       0
       0
       0
       0
       0
       0
       0
       0
       0
       0
       0
       0
       0
       0
       0
       0
       0
       0
       0
       0
       0
       0
       0
       0
       0
       0
       0
       0
       0
       0
       0
       0
       0
       0
       0
       0
       0
       0
       0
       0
       0
       0
       0
       0
       0
       0
       0
       0
       0
       0
       0
       0
       0
       1
       0
       0
       0
       0
       0
       0
       0
       0
       0
       0
       0
       0
       0
       0
       0
       0
       0
       0
       0
       0
       0
       0
       0
       0
       0
       0
       0
       0
       0
       0
       0
       0
       0
       0
       0
       0
       0
       0
       0
       0
       0
       0
       0
       0
       1
       0
       0
       0
       0
       0
       0
       0
       0
       0
       0
       0
       0
       0
       0
       0
       0
       0
       0
       0
       0
       1
       0
       0
       1
       0
       0
       0
       0
       0
       0
       0
       0
       0
       0
       0
       0
       0
       0
       0
       1
       1
       0
       3
       2
       3
      10
       9
       8
       8
       7
       9
       4
       6
       4
       1
       5
       3
       5
       3
       0
       0
       0
       0
       0
       0
       0
       0
       0
       0
       0
       0
       0
       0
       0
       1
       0
       0
       0
       0
       0
       0
       0
       0
       1
       0
       0
       0
       0
       0
       1
       0
       0
       0
       0
       0
       0
       0
       0
       0
       0
       0
       1
       0
       0
       0
       0
       0
       0
       0
       0
       1
       0
       0
       0
       0
       0
       0
       0
       0
       0
       0
       0
       0
       0
       0
       0
       0
       0
       0
       0
       0
       0
       1
       0
       0
       0
       0
       0
       0
       0
       0
       0
       0
       0
       0
       0
       0
       0
       0
       0
       0
       0
       0
       0
       0
       0
       0
       0
       0
       0
       0
       0
       0
       1
       0
       0
       0
       0
       0
       0
       0
       0
       0
       0
       0
       0
       0
       0
       1
       1
       0
       1
       0
       0
       1
       0
       0
       0
       0
       0
       0
       0
       1
       0
       0
       1
       0
       0
       0
       0
       0
       0
       1
       0
       0
       0
       0
       0
       0
       0
       0
       0
       0
       0
       0
       0
       0
       0
       0
       0
       0
       0
       0
       0
       0
       0
       0
       0
       0
       1
       0
       0
       1
       0
       0
       0
       0
       0
       0
       0
       0
       1
       0
       1
       0
       0
       0
       0
       0
       0
       0
       0
       1
       0
       0
       0
       0
       0
       0
       1
       0
       0
       0
       0
       0
       0
       1
       0
       0
       0
       0
       0
       0
       0
       0
       0
       0
       0
       0
       0
       0
       0
       0
       0
       0
       0
       0
       0
       0
       0
       0
       0
       0
       0
       0
       0
       0
       0
       0
       0
       0
       1
       0
       0
       0
       0
       0
       0
       0
       0
       0
       0
       1
       0
       0
       0
       0
       0
       0
       0
       0
       0
       0
       0
       0
       0
       0
       0
       0
       0
       0
       0
       0
       0
       0
       0
       0
       0
       0
       0
       0
       0
       0
       0
       0
       0
       0
       0
       0
       0
       0
       0
       0
       0
       0
       0
       0
       0
       0
       0
       0
       0
       0
       0
       0
       0
       0
       0
       0
       0
       0
       1
       0
       0
       0
       0
       0
       0
       0
       0
       0
       0
       1
       0
       0
       0
       0
       0
       0
       0
       0
       0
       0
       0
       0
       0
       0
       0
       0
       0
       0
       0
       0
       0
       0
       0
       0
       1
       0
       0
       0
       0
       0
       0
       0
       0
       0
       0
       0
       0
       0
       0
       1
       0
       0
       0
       0
       0
       0
       1
       0
       0
       0
       0
       0
       0
       0
       0
       0
       0
       0
       0
       0
       0
       0
       0
       0
       0
       0
       0
       0
       0
       0
       0
       0
       0
       0
       0
       0
       0
       0
       0
       0
       0
       0
       0
       0
       0
       0
       0
       0
       0
       0
       0
       0
       0
       0
       0
       0
       0
       0
       0
       0
       0
       0
       0
       0
       0
       0
       0
       0
       0
       0
       0
       0
       0
       0
       0
       0
       0
       0
       0
       0
       0
       0
       0
       0
       0
       0
       0
       2
       1
       0
       0
       0
       1
       0
       0
       0
       0
       0
       0
       0
       0
       0
       0
       0
       0
       0
       0
       0
       0
       0
       0
       0
       0
       0
       0
       0
       0
       0
       0
       0
       0
       0
       0
       0
       0
       0
       0
       0
       0
       0
       0
       0
       0
       0
       0
       0
       0
       0
       0
       0
       0
       1
       0
       0
       0
       0
       0
       0
       0
       0
       0
       0
       0
       1
       0
       0
       0
       0
       0
       0
       0
       0
       0
       1
       0
       0
       0
       0
       1
       0
       1
       0
       0
       0
       0
       0
       0
       0
       0
       0
       0
       0
       0
       0
       0
       0
       0
       0
       0
       0
       0
       0
       0
       0
       1
       0
       0
       0
       0
       0
       0
       0
       0
       0
       0
       0
       0
       1
       0
       0
       0
       0
       0
       0
       0
       0
       0
       0
       0
       0
       0
       0
       0
       0
       0
       0
       0
       0
       0
       0
       0
       0
       0
       0
       0
       0
       0
       0
       0
       0
       0
       0
       0
       0
       0
       0
       0
       0
       0
       0
       0
       0
       0
       0
       1
       0
       1
       0
       0
       0
       0
       0
       0
       0
       0
       0
       0
       0
       0
       0
       0
       0
       0
       0
       0
       0
       0
       0
       0
       0
       0
       0
       0
       0
       0
       0
       0
       0
       0
       0
       0
       0
       0
       0
       0
       0
       0
       0
       0
       0
       0
       0
       0
       0
       0
       0
       0
       0
       0
       0
       0
       0
       0
       0
       0
       0
       0
       0
       0
       0
       0
       0
       0
       0
       0
       0
       0
       0
       0
       0
       0
       0
       0
       0
       0
       0
       0
       0
       0
       0
       0
       0
       0
       0
       0
       0
       0
       0
       0
       0
       0
       0
       0
       0
       0
       0
       0
       0
       0
       1
       0
       0
       0
       0
       0
       0
       0
       0
       0
       0
       0
       1
       0
       0
       0
       0
       0
       1
       0
       1
       0
       0
       0
       0
       0
       0
       0
       0
       0
       0
       0
       0
       0
       0
       0
       0
       0
       0
       0
       0
       0
       0
       0
       0
       0
       0
       0
       0
       0
       1
       0
       0
       0
       1
       0
       0
       0
       1
       0
       0
       0
       0
       0
       0
       0
       0
       0
       0
       0
       0
       0
       0
       0
       0
       0
       0
       0
       0
       0
       0
       0
       0
       0
       0
       0
       0
       0
       0
       0
       0
       0
       0
       0
       0
       0
       0
       0
       0
       0
       0
       0
       0
       0
       0
       0
       0
       0
       0
       0
       0
       0
       0
       0
       0
       0
       0
       0
       0
       0
       0
       0
       0
       1
       0
       0
       0
       0
       0
       0
       0
       0
       1
       0
       0
       0
       0
       0
       0
       0
       0
       0
       0
       0
       0
       0
       0
       0
       0
       1
       0
       0
       0
       0
       0
       0
       0
       0
       0
       0
       0
       0
       0
       0
       0
       0
       0
       0
       0
       0
       0
       1
       0
       0
       0
       0
       0
       0
       0
       0
       0
       0
       0
       0
       0
       0
       0
       0
       0
       0
       0
       0
       0
       0
       0
       0
       0
       0
       0
       0
       0
       1
       0
       0
       0
       0
       0
       0
       0
       0
       0
       0
       0
       0
       0
       0
       0
       0
       0
       0
       0
       0
       0
       0
       0
       0
       0
       0
       0
       0
       0
       0
       0
       0
       0
       0
       0
       0
       0
       0
       0
       0
       0
       0
       0
       0
       0
       0
       0
       0
       1
       0
       0
       0
       0
       0
       0
       0
       0
       0
       0
       0
       0
       0
       0
       0
       0
       0
       0
       0
       0
       0
       0
       0
       0
       0
       0
       0
       0
       0
       0
       0
       0
       0
       0
       0
       0
       0
       1
       1
       0
       0
       0
       0
       0
       0
       0
       0
       0
       0
       0
       0
       0
       0
       0
       0
       0
       0
       0
       0
       0
       0
       0
       1
       0
       0
       0
       0
       0
       0
       0
       0
       0
       1
       0
       0
       0
       0
       0
       0
       0
       0
       0
       0
       0
       0
       0
       0
       0
       0
       0
       0
       0
       0
       0
       0
       0
       0
       0
       0
       0
       0
       0
       0
       0
       0
       0
       0
       0
       1
       0
       0
       0
       0
       0
       0
       0
       0
       0
       0
       0
       0
       0
       0
       0
       0
       0
       0
       0
       0
       0
       0
       0
       0
       0
       0
       0
       0
       0
       0
       0
       0
       0
       0
       0
       0
       0
       0
       1
       0
       0
       0
       0
       0
       0
       0
       0
       0
       0
       0
       0
       0
       0
       0
       0
       0
       0
       0
       0
       0
       0
       0
       0
       0
       0
       0
       0
       0
       0
       0
       1
       0
       0
       0
       0
       0
       0
       1
       0
       0
       0
       0
       0
       0
       0
       0
       1
       0
       1
       0
       0
       0
       0
       0
       2
       2
       0
       1
       0
       2
       0
       0
       0
       0
       1
       0
       0
       0
       0
       0
       0
       0
       0
       0
       0
       0
       0
       0
       0
       0
       0
       0
       0
       0
       0
       0
       0
       0
       0
       0
       0
       0
       0
       0
       0
       0
       0
       0
       0
       0
       0
       0
       0
       0
       0
       0
       0
       0
       0
       0
       0
       0
       0
       0
       0
       0
       0
       0
       0
       0
       0
       0
       0
       0
       0
       0
       0
       0
       0
       0
       0
       0
       0
       0
       0
       0
       0
       0
       0
       0
       0
       0
       0
       0
       0
       0
       0
       0
       0
       0
       0
       0
       0
       0
       0
       0
       0
       0
       0
       0
       0
       0
       0
       0
       0
       0
       0
       0
       0
       0
       0
       0
       0
       0
       0
       0
       0
       0
       0
       0
       0
       0
       0
       0
       0
       0
       0
       0
       0
       1
       0
       0
       0
       0
       0
       0
       0
       0
       0
       0
       0
       0
       0
       0
       0
       0
       0
       0
       0
       0
       0
       0
       0
       0
       0
       0
       0
       0
       0
       0
       0
       0
       0
       0
       0
       0
       1
       0
       0
       0
       0
       0
       0
       0
       0
       0
       0
       0
       0
       0
       0
       0
       0
       0
       0
       0
       0
       0
       0
       0
       0
       0
       0
       0
       0
       0
       0
       0
       0
       0
       0
       0
       0
       0
       0
       0
       0
       0
       0
       0
       0
       1
       0
       0
       0
       0
       0
       0
       0
       0
       0
       0
       0
       0
       0
       0
       1
       0
       0
       0
       0
       0
       0
       0
       0
       0
       0
       0
       0
       0
       0
       0
       0
       0
       0
       0
       0
       0
       0
       0
       0
       0
       0
       0
       0
       0
       0
       0
       0
       0
       0
       0
       0
       0
       0
       0
       0
       0
       0
       0
       0
       0
       1
       0
       0
       0
       1
       0
       0
       0
       0
       0
       0
       0
       0
       0
       0
       0
       0
       0
       0
       0
       0
       0
       0
       0
       0
       0
       0
       0
       0
       0
       0
       0
       0
       0
       0
       1
       0
       0
       0
       0
       0
       0
       0
       0
       0
       0
       0
       0
       0
       0
       0
       1
       0
       0
       0
       0
       0
       0
       0
       1
       0
       0
       0
       0
       0
       0
       0
       0
       0
       0
       0
       0
       0
       0
       0
       0
       0
       0
       0
       0
       0
       0
       0
       0
       0
       0
       0
       0
       0
       0
       0
       0
       0
       0
       0
       0
       0
       0
       0
       0
       0
       0
       0
       0
       0
       0
       0
       0
       0
       0
       0
       0
       0
       0
       0
       0
       0
       0
       0
       0
       0
       0
       0
       0
       0
       0
       0
       0
       0
       0
       0
       1
       0
       0
       0
       0
       0
       0
       0
       0
       0
       0
       0
       0
       0
       0
       0
       0
       0
       0
       0
       0
       0
       0
       0
       0
       0
       0
       0
       0
       0
       0
       0
       0
       0
       0
       0
       0
       0
       0
       0
       0
       0
       0
       0
       0
       0
       0
       0
       0
       0
       0
       0
       0
       0
       0
       0
       0
       0
       0
       0
       0
       0
       0
       0
       0
       0
       0
       0
       0
       0
       0
       0
       0
       0
       0
       0
       0
       0
       0
       0
       0
       0
       0
       0
       0
       0
       0
       0
       0
       0
       0
       0
       0
       0
       0
       0
       0
       0
       0
       0
       0
       0
       0
       0
       0
       0
       0
       0
       0
       0
       0
       0
       0
       0
       0
       0
       0
       0
       0
       0
       0
       0
       0
       0
       0
       0
       0
       0
       0
       0
       0
       0
       0
       0
       0
       0
       0
       0
       0
       0
       0
       0
       0
       0
       0
       0
       0
       0
       0
       0
       0
       0
       0
       0
       0
       0
       0
       0
       0
       0
       0
       0
       0
       0
       0
       0
       0
       0
       0
       0
       1
       0
       0
       0
       0
       0
       0
       0
       0
       0
       0
       0
       0
       0
       0
       0
       0
       0
       0
       0
       0
       0
       0
       0
       0
       0
       0
       0
       0
       0
       0
       0
       0
       0
       0
       0
       0
       0
       0
       0
       0
       0
       0
       0
       0
       1
       0
       0
       0
       0
       1
       0
       0
       0
       0
       0
       0
       0
       0
       0
       0
       0
       0
       0
       0
       0
       0
       0
       0
       0
       0
       0
       0
       0
       0
       0
       0
       0
       1
       0
       0
       0
       0
       0
       0
       0
       0
       0
       0
       0
       0
       0
       0
       0
       0
       0
       0
       0
       0
       0
       1
       0
       0
       0
       0
       0
       0
       0
       0
       0
       0
       0
       0
       0
       0
       0
       0
       0
       0
       0
       0
       0
       0
       1
       0
       0
       0
       0
       0
       0
       0
       0
       0
       0
       0
       0
       0
       0
       0
       0
       0
       0
       0
       0
       0
       0
       0
       0
       0
       0
       0
       0
       0
       0
       0
       0
       0
       0
       0
       0
       1
       0
       0
       0
       1
       0
       0
       0
       0
       0
       0
       0
       0
       0
       0
       0
       0
       0
       0
       0
       0
       0
       0
       0
       0
       0
       1
       0
       0
       0
       0
       0
       0
       0
       0
       0
       0
       0
       0
       0
       0
       0
       0
       0
       0
       0
       0
       0
       0
       0
       0
       0
       1
       0
       0
       0
       0
       0
       0
       0
       0
       0
       0
       0
       0
       0
       0
       1
       0
       0
       0
       0
       1
       0
       0
       0
       0
       0
       0
       0
       0
       0
       0
       0
       1
       0
       0
       0
       0
       0
       0
       0
       0
       0
       0
       0
       0
       0
       0
       0
       0
       0
       0
       0
       0
       0
       0
       0
       0
       0
       0
       0
       0
       0
       0
       0
       0
       0
       0
       0
       0
       0
       0
       0
       0
       0
       0
       0
       0
       0
       0
       0
       0
       0
       0
       0
       0
       0
       0
       0
       0
       0
       0
       0
       0
       0
       0
       0
       0
       0
       0
       0
       0
       0
       0
       0
       0
       0
       0
       0
       0
       0
       0
       0
       0
       0
       0
       0
       0
       0
       0
       0
       0
       0
       0
       0
       0
       0
       0
       0
       0
       0
       0
       1
       0
       0
       0
       0
       0
       0
       1
       0
       0
       0
       0
       0
       1
       0
       0
       1
       0
       0
       0
       0
       0
       0
       0
       0
       0
       0
       0
       0
       0
       0
       0
       0
       0
       0
       0
       0
       0
       0
       0
       1
       0
       0
       1
       0
       0
       0
       0
       0
       0
       0
       0
       0
       0
       0
       0
       0
       0
       0
       0
       0
       0
       0
       0
       0
       0
       0
       0
       0
       0
       0
       0
       0
       0
       0
       0
       1
       0
       0
       0
       0
       0
       0
       0
       0
       1
       0
       0
       0
       0
       0
       0
       0
       0
       0
       1
       0
       0
       0
       0
       0
       0
       0
       0
       0
       0
       0
       0
       0
       0
       0
       0
       0
       0
       0
       0
       0
       0
       0
       0
       0
       0
       0
       0
       0
       0
       0
       0
       0
       0
       0
       0
       0
       0
       0
       0
       0
       0
       0
       0
       0
       0
       0
       0
       0
       0
       0
       0
       0
       0
       0
       0
       0
       0
       0
       0
       0
       0
       0
       0
       0
       0
       0
       0
       0
       0
       0
       0
       0
       0
       0
       0
       0
       0
       0
       0
       0
       0
       0
       0
       0
       0
       0
       0
       0
       0
       0
       0
       0
       0
       0
       0
       0
       0
       0
       0
       0
       0
       0
       0
       0
       1
       0
       0
       0
       0
       0
       0
       0
       0
       0
       0
       0
       0
       0
       0
       0
       0
       0
       0
       0
       0
       0
       0
       0
       0
       0
       0
       0
       0
       0
       0
       0
       0
       0
       0
       0
       0
       0
       0
       0
       0
       0
       0
       0
       0
       0
       0
       0
       0
       0
       0
       0
       0
       0
       0
       0
       0
       0
       0
       0
       0
       0
       0
       0
       0
       0
       0
       0
       0
       0
       0
       0
       0
       0
       0
       0
       0
       0
       0
       0
       0
       0
       0
       0
       0
       0
       0
       0
       0
       0
       0
       0
       0
       0
       0
       0
       0
       0
       0
       0
       0
       0
       0
       0
       0
       0
       0
       0
       0
       0
       0
       0
       0
       0
       0
       0
       0
       0
       0
       0
       0
       0
       0
       0
       0
       0
       0
       0
       0
       0
       0
       0
       0
       0
       0
       0
       0
       0
       0
       0
       0
       0
       0
       0
       0
       0
       1
       0
       0
       0
       1
       0
       0
       0
       0
       0
       1
$ROI:
11
224 244
765 907
1350 1411
1828 1908
2525 2667
2716 2799
3716 3817
4331 4427
4564 4622
5085 5259
5690 5768
$PRESETS:
Live Time
100
0
$ENER_FIT:
0.053689 0.255148
$MCA_CAL:
3
5.368913E-002 2.551478E-001 -1.853380E-009 keV
$SHAPE_CAL:
3
6.992400E+000 7.812671E-004 -3.508660E-008
