$SPEC_ID:
No sample description was entered.
$SPEC_REM:
DET# 1
DETDESC# GMX20P4 HPGe
AP# Maestro Version 7.01
$DATE_MEA:
11/23/2018 17:12:11
$MEAS_TIM:
100 100
$DATA:
0 8191
       0
       0
       0
       0
       0
       0
       0
       0
       0
       0
       0
       0
       0
       0
       0
       0
       0
       0
       0
       0
       0
       0
       0
       0
       0
       0
       0
       0
       0
       0
       0
       0
       0
       0
       0
       0
       0
       0
       0
       0
       0
       0
       0
       0
       0
       0
       0
       0
      12
     131
     375
     697
     886
    1004
    1120
    1060
     910
     744
     551
     432
     393
     455
     560
     769
    1019
    1245
    1529
    1789
    1847
    1788
    1700
    1299
    1085
     713
     520
     360
     354
     338
     383
     488
     502
     553
     488
     483
     405
     338
     237
     191
     135
      92
      69
      70
      83
      87
      97
      73
     116
     127
     184
     211
     267
     303
     329
     325
     298
     233
     198
     120
      65
      63
      40
      18
      12
      26
      16
      14
      13
      12
      13
      16
      17
      18
      12
      30
      25
      33
      28
      24
      35
      34
      27
      28
      32
      27
      20
      17
      28
      21
      26
      14
      17
      24
      20
      24
      24
      27
      21
      42
      31
      30
      45
      30
      39
      40
      39
      51
      48
      44
      37
      59
      66
      52
      71
      88
      56
      82
      90
      99
     100
     101
     106
     110
     110
      98
     108
     105
     119
     112
     111
     132
     115
     139
     157
     124
     175
     188
     204
     211
     258
     249
     268
     333
     328
     349
     376
     394
     409
     400
     409
     423
     452
     450
     442
     467
     475
     450
     476
     478
     435
     446
     432
     404
     398
     381
     379
     413
     365
     373
     353
     346
     334
     355
     335
     366
     390
     486
     738
    1211
    1824
    2669
    3745
    4720
    5395
    5454
    5202
    4359
    3479
    2377
    1488
     846
     464
     206
      84
      36
      35
      25
      17
      20
      15
      17
      15
      18
      17
      19
      17
       9
      17
      15
      15
      14
      26
      16
       9
      17
      14
      18
      12
      26
      16
      12
      13
      11
      14
      16
      14
      15
      18
      19
      17
      16
      22
      15
      19
      20
      23
      18
      16
      23
      25
      18
      18
      14
      15
      13
      17
      12
      20
      15
      17
      25
      14
      24
      22
      20
      19
      11
      23
      21
      20
      18
      23
      13
      17
      23
      19
      13
      18
      10
      21
      20
      17
      10
      23
      18
      19
      28
      15
      18
      18
      18
      15
      12
      16
      13
      21
      17
      17
      14
      19
      19
      17
      18
      13
      11
      17
      18
      24
      19
      20
      21
      15
      13
      18
      11
      15
      15
      14
      18
      19
      12
       9
      16
      21
      19
      11
      15
      11
      18
      16
      14
      15
      10
      12
      14
      13
      13
      14
      18
      18
      12
      11
      17
      19
      18
      20
      16
      22
      21
      14
      19
      13
      17
      16
      17
      22
      21
      18
      18
      16
      14
      15
      20
      11
      12
      16
      17
      24
      19
      11
      11
      24
      10
      12
      16
       9
      17
      12
      15
      16
      17
      18
      14
      13
      16
       9
      16
      16
      15
      21
      14
      14
      18
      12
      12
      14
      17
      10
      14
      14
      15
      13
      11
      16
      10
      12
      18
      11
      16
      14
      17
      12
      16
      17
      11
       9
      12
      11
       9
      14
      16
       6
      14
      12
      16
      14
      19
      18
      17
      17
      17
      20
      16
      18
       9
      15
      19
      13
       8
       8
       8
      15
       6
      13
      20
      15
       8
      10
       7
       9
      16
      12
      22
      23
      12
      12
      11
      14
       9
       8
      13
      15
      14
      11
      16
      13
      13
      11
      11
       9
      11
       8
      19
      18
      13
      12
      12
       9
      11
      15
      11
      11
      12
      12
       8
      13
       7
       9
       8
      13
      16
      10
       9
      17
      14
       9
      11
      13
      17
      13
      12
      13
      10
      13
      10
      11
       8
       6
       5
       9
      11
      12
      10
       7
       9
       9
      12
       8
      11
      10
       4
      12
      12
       5
      14
      13
       7
      14
      10
      10
      15
       9
       7
       9
      18
      12
       5
       7
       5
       9
      10
       9
       5
      16
       9
       6
       9
       7
       8
      14
      11
      11
      20
       6
      12
      14
      11
      12
       6
      13
      13
       9
      15
      11
      11
       6
      12
       6
      10
      10
       7
      11
      14
       8
      10
       5
      14
       7
      10
       8
      12
       5
       3
       6
      10
       7
       8
       9
      10
       6
      11
       6
       8
      12
      10
       9
       7
       7
       3
      10
      10
       6
       6
      10
       7
      11
       6
       5
       7
       6
       9
       9
      11
       5
      13
       8
       8
       4
       3
      14
      14
      11
       8
       3
       5
       6
      17
       3
      10
       9
      10
       3
       8
       5
       7
      12
       3
       9
      10
       9
      11
       7
       8
      10
       6
       8
       6
       6
       7
       6
       9
       6
       4
       4
       6
       8
       7
       5
       1
       5
       8
       6
       6
       9
       6
       7
       4
       8
       5
       7
       8
       5
       2
       5
       3
       4
       8
       3
      10
       7
      12
       9
       4
       4
       4
      10
      12
       5
      11
       9
       4
      10
      10
      10
       4
       5
       7
      12
       5
       6
       4
       4
       2
       8
       3
       6
      12
       9
      13
       6
       1
       5
      11
       4
       7
       7
       7
       5
       6
       5
       5
       2
       7
       4
       4
       8
       5
       5
       8
       3
       6
      11
       6
       7
      11
       2
       6
       9
       7
       4
       5
       8
       3
       2
       7
       6
       5
       6
       8
       4
       5
       5
       4
       6
       8
      11
       5
       7
       7
       4
       1
       7
       7
       4
       3
      10
       5
       2
       3
       7
       3
       4
       6
       7
       6
       4
       7
       5
       4
       8
       1
       4
       5
       6
       6
       6
       9
       3
       9
       2
       6
       6
       7
       4
       6
       4
       7
       6
       5
       1
       8
       3
       6
       5
       4
       4
       5
       6
       3
       4
       3
       8
       7
       7
       5
       7
       3
       2
       8
       2
       4
       8
       6
       4
       3
       5
       4
       2
       5
       1
       7
       6
       0
       8
       3
       2
       4
       2
       5
       4
       4
       3
       2
       2
       5
       4
       5
       9
       2
       3
       6
       0
       7
       3
       8
       8
       3
       2
       4
       3
       3
       4
       4
       3
       3
       9
       4
       3
       3
       4
      10
       5
       5
       3
       8
       3
       3
       6
       4
       5
       1
       5
       3
       1
       3
       5
       7
       6
       3
       2
       3
       3
       7
       2
       9
       5
       9
       6
       8
       3
       2
       7
       6
       5
       3
       2
       5
       6
       2
       8
       0
       3
       4
       4
       2
       8
       1
       4
       3
       8
       4
       3
       3
       5
       3
       2
       3
       8
       3
       2
       4
       0
       1
       6
       4
       6
       1
       3
       0
       5
       4
       5
       5
       2
       5
       3
       3
       4
       6
       6
       3
       3
       3
       9
       6
       5
       3
       2
       3
       4
       7
       2
       3
       6
       5
       2
       4
       5
       0
       6
       3
       3
       3
       5
       4
       2
       2
       6
       2
       4
       0
       4
       6
       3
       3
       5
       3
       2
       3
       8
       1
       2
       2
       1
       1
       1
       6
       4
       2
       5
       2
       3
       4
       3
       6
       2
       2
       4
       3
       3
       1
       0
       3
       3
       4
       0
       6
       6
       2
       1
       4
       3
       7
       2
       3
       6
       3
       5
       0
       3
       1
       4
       2
       2
       6
       0
       2
       0
       1
       4
       4
       2
       5
       6
       0
       1
       1
       3
       4
       2
       1
       0
       5
       2
       3
       2
       3
       2
       5
       4
       2
       3
       3
       0
       5
       4
       1
       4
       4
       6
       5
       3
       2
       4
       1
       1
       3
       2
       1
       1
       1
       4
       1
       3
       0
       2
       5
       5
       5
       5
       2
       3
       1
       3
       2
       2
       4
       2
       2
       0
       1
       3
       2
       1
       1
       2
       2
       1
       4
       2
       3
       6
       6
       2
       2
       5
       2
       2
       4
       4
       4
       6
       6
       4
       1
       4
       4
       4
       2
       1
       0
       2
       2
       6
       4
       3
       1
       2
       1
       6
       3
       1
       0
       0
       1
       3
       1
       2
       4
       5
       1
       0
       2
       5
       2
       4
       2
       3
       1
       3
       4
       1
       4
       4
       1
       1
       1
       4
       0
       0
       3
       2
       3
       1
       2
       3
       1
       0
       2
       1
       2
       2
       3
       1
       2
       2
       3
       4
       1
       5
       3
       2
       1
       4
       0
       0
       2
       4
       1
       4
       1
       1
       1
       1
       4
       1
       3
       1
       2
       4
       1
       1
       0
       5
       1
       2
       3
       4
       1
       2
       1
       2
       2
       2
       2
       1
       5
       2
       0
       2
       1
       2
       0
       1
       1
       3
       3
       2
       4
       2
       2
       1
       3
       2
       1
       2
       1
       2
       1
       2
       2
       4
       5
       2
       0
       4
       0
       0
       0
       1
       2
       1
       2
       4
       5
       4
       3
       0
       1
       1
       2
       3
       3
       2
       2
       1
       3
       3
       2
       3
       0
       2
       1
       3
       4
       4
       0
       3
       1
       1
       4
       4
       1
       3
       2
       5
       1
       3
       3
       0
       2
       4
       0
       0
       2
       2
       4
       0
       0
       1
       1
       1
       2
       2
       0
       0
       2
       2
       2
       1
       2
       2
       1
       2
       1
       4
       4
       3
       2
       3
       1
       4
       1
       1
       1
       2
       7
       2
       2
       5
      13
       1
       6
       2
       6
       3
       2
       2
       2
       3
       1
       1
       2
       2
       1
       1
       4
       1
       1
       2
       1
       0
       1
       3
       2
       0
       0
       1
       2
       0
       2
       1
       2
       1
       1
       1
       2
       2
       2
       1
       1
       1
       1
       0
       1
       0
       0
       0
       1
       2
       1
       1
       1
       0
       1
       0
       0
       2
       6
       0
       0
       2
       0
       0
       2
       0
       1
       3
       1
       0
       1
       1
       0
       1
       2
       1
       0
       0
       1
       0
       1
       0
       2
       2
       2
       2
       0
       0
       1
       1
       3
       0
       1
       2
       1
       2
       2
       2
       0
       0
       3
       1
       2
       0
       0
       1
       1
       0
       2
       1
       0
       0
       0
       0
       0
       4
       2
       1
       1
       4
       2
       1
       4
       1
       0
       1
       4
       2
       0
       1
       3
       2
       2
       2
       2
       3
       2
       1
       0
       0
       1
       1
       1
       1
       2
       0
       0
       1
       0
       1
       2
       0
       3
       0
       0
       1
       3
       3
       1
       1
       1
       1
       1
       1
       0
       1
       0
       0
       1
       1
       1
       1
       2
       0
       2
       2
       1
       0
       1
       1
       5
       3
       2
       0
       2
       1
       3
       1
       2
       1
       0
       2
       2
       0
       1
       1
       2
       2
       2
       2
       0
       1
       1
       4
       2
       1
       1
       0
       0
       1
       0
       1
       2
       0
       0
       0
       4
       0
       0
       1
       4
       1
       3
       4
       1
       1
       0
       1
       2
       0
       1
       2
       0
       0
       1
       2
       1
       0
       1
       1
       2
       1
       0
       1
       2
       1
       1
       0
       0
       0
       3
       1
       3
       2
       1
       2
       0
       1
       1
       3
       1
       2
       1
       2
       0
       1
       1
       0
       0
       1
       1
       1
       0
       1
       4
       1
       1
       1
       0
       0
       2
       1
       0
       1
       2
       2
       1
       2
       0
       0
       0
       0
       4
       0
       1
       0
       0
       1
       0
       1
       2
       2
       1
       2
       0
       1
       2
       1
       0
       0
       0
       1
       1
       0
       0
       0
       0
       3
       0
       1
       2
       2
       1
       0
       1
       1
       2
       0
       0
       1
       3
       1
       1
       0
       0
       0
       2
       2
       2
       1
       0
       2
       1
       1
       2
       1
       1
       0
       1
       1
       2
       1
       0
       2
       1
       1
       2
       1
       0
       1
       0
       1
       1
       1
       1
       1
       0
       2
       0
       2
       2
       1
       0
       0
       1
       0
       2
       3
       3
       1
       2
       2
       1
       1
       1
       0
       0
       1
       0
       0
       2
       3
       1
       0
       1
       2
       1
       1
       2
       1
       0
       2
       1
       0
       2
       1
       3
       1
       0
       0
       2
       2
       1
       0
       1
       0
       0
       0
       1
       0
       1
       0
       0
       0
       0
       1
       0
       5
       1
       1
       0
       1
       0
       2
       2
       1
       0
       0
       2
       1
       1
       1
       1
       1
       1
       3
       1
       0
       0
       1
       3
       2
       2
       1
       0
       1
       0
       1
       1
       0
       0
       0
       1
       2
       1
       2
       2
       0
       0
       2
       0
       0
       0
       1
       1
       0
       1
       1
       0
       1
       1
       0
       0
       1
       0
       0
       2
       0
       0
       2
       2
       0
       0
       0
       0
       1
       1
       0
       1
       2
       0
       1
       0
       2
       0
       1
       0
       0
       3
       2
       0
       0
       1
       1
       0
       1
       0
       2
       3
       0
       3
       2
       3
       1
       0
       2
       1
       1
       2
       1
       1
       1
       1
       1
       0
       0
       0
       0
       1
       0
       1
       1
       2
       0
       3
       0
       2
       0
       1
       3
       0
       0
       0
       2
       1
       0
       0
       1
       0
       1
       2
       1
       1
       1
       1
       1
       1
       0
       0
       1
       0
       1
       0
       1
       0
       2
       0
       0
       1
       0
       0
       0
       2
       0
       1
       2
       0
       1
       1
       2
       0
       1
       2
       3
       0
       1
       2
       1
       1
       2
       0
       1
       1
       0
       0
       0
       0
       2
       0
       1
       3
       0
       2
       1
       1
       0
       2
       0
       4
       2
       4
       3
       0
       4
       1
       0
       0
       1
       2
       0
       2
       1
       1
       1
       1
       1
       1
       0
       0
       0
       1
       0
       1
       0
       0
       1
       1
       1
       2
       1
       1
       1
       0
       0
       0
       3
       0
       1
       1
       0
       1
       0
       2
       0
       2
       2
       0
       2
       1
       0
       1
       0
       0
       2
       2
       0
       0
       2
       0
       0
       0
       2
       1
       1
       0
       0
       1
       1
       0
       1
       1
       3
       0
       2
       2
       0
       0
       1
       0
       1
       0
       0
       0
       2
       0
       1
       2
       2
       0
       1
       0
       1
       1
       0
       0
       1
       1
       0
       1
       0
       1
       0
       0
       0
       0
       0
       1
       0
       0
       0
       3
       0
       2
       1
       1
       1
       0
       0
       1
       0
       1
       2
       1
       0
       0
       0
       2
       0
       0
       0
       0
       0
       1
       1
       0
       1
       0
       1
       2
       0
       1
       1
       1
       0
       0
       1
       0
       4
       0
       1
       0
       2
       1
       1
       0
       2
       2
       0
       0
       0
       0
       0
       1
       1
       1
       2
       1
       1
       0
       1
       0
       0
       3
       2
       0
       2
       0
       1
       0
       1
       3
       2
       1
       0
       2
       1
       1
       0
       0
       0
       0
       1
       3
       0
       1
       0
       1
       0
       0
       0
       1
       0
       0
       0
       1
       0
       1
       1
       2
       1
       1
       0
       1
       0
       1
       1
       0
       1
       1
       0
       0
       0
       2
       1
       0
       1
       1
       0
       0
       2
       0
       0
       1
       0
       2
       0
       1
       1
       0
       1
       0
       2
       3
       0
       1
       1
       0
       1
       2
       2
       2
       0
       2
       1
       1
       0
       1
       1
       1
       1
       3
       1
       0
       0
       0
       1
       1
       1
       1
       0
       0
       0
       0
       2
       0
       1
       0
       0
       2
       0
       0
       0
       2
       1
       3
       3
       2
       0
       1
       2
       2
       2
       1
       1
       1
       1
       1
       0
       0
       2
       0
       0
       0
       2
       0
       0
       1
       0
       1
       1
       1
       0
       1
       0
       1
       0
       0
       0
       0
       0
       1
       0
       0
       0
       2
       0
       0
       0
       0
       1
       1
       1
       1
       0
       0
       0
       1
       0
       0
       0
       1
       1
       1
       3
       0
       0
       2
       1
       2
       0
       0
       0
       0
       0
       1
       0
       2
       0
       1
       0
       0
       0
       0
       1
       0
       0
       0
       0
       1
       0
       1
       0
       0
       1
       0
       1
       2
       1
       0
       0
       1
       0
       2
       1
       5
       4
       2
       2
       4
       3
       3
       4
       2
       6
       2
       2
       0
       0
       0
       0
       1
       1
       1
       1
       2
       1
       0
       1
       1
       0
       1
       1
       0
       0
       0
       0
       0
       0
       2
       0
       1
       1
       0
       0
       0
       0
       0
       0
       0
       0
       0
       0
       0
       0
       1
       1
       0
       0
       0
       0
       1
       0
       0
       0
       1
       0
       1
       1
       0
       0
       0
       1
       1
       0
       1
       1
       0
       1
       0
       1
       2
       0
       0
       2
       0
       0
       2
       1
       0
       0
       0
       0
       2
       0
       2
       0
       0
       2
       0
       1
       1
       0
       2
       0
       0
       1
       0
       0
       0
       1
       0
       1
       0
       0
       0
       1
       0
       1
       0
       1
       0
       0
       0
       1
       1
       0
       0
       3
       0
       0
       0
       1
       3
       0
       0
       1
       0
       0
       1
       0
       0
       0
       1
       1
       0
       0
       0
       0
       0
       0
       0
       0
       2
       1
       0
       0
       1
       2
       1
       0
       1
       0
       1
       0
       0
       1
       1
       0
       2
       1
       1
       1
       0
       0
       0
       0
       1
       0
       0
       0
       1
       0
       1
       1
       0
       0
       0
       2
       1
       0
       1
       0
       1
       0
       0
       0
       1
       1
       1
       0
       0
       1
       0
       1
       1
       0
       0
       0
       1
       0
       1
       1
       0
       2
       1
       0
       0
       0
       0
       0
       0
       0
       0
       0
       1
       1
       1
       1
       0
       0
       0
       0
       0
       1
       0
       2
       2
       1
       1
       2
       0
       1
       1
       0
       0
       1
       0
       1
       0
       1
       2
       0
       0
       0
       0
       1
       0
       0
       0
       1
       0
       2
       0
       1
       1
       2
       2
       0
       0
       0
       0
       2
       1
       0
       0
       0
       0
       0
       1
       0
       0
       1
       0
       1
       1
       0
       0
       0
       0
       0
       3
       0
       0
       1
       0
       0
       0
       0
       1
       1
       0
       1
       0
       0
       0
       0
       0
       0
       1
       0
       0
       0
       2
       2
       1
       0
       0
       1
       0
       0
       1
       1
       0
       0
       0
       1
       0
       0
       0
       1
       1
       2
       0
       1
       0
       1
       0
       0
       3
       0
       0
       0
       0
       2
       1
       0
       0
       0
       0
       0
       0
       0
       0
       2
       1
       0
       0
       0
       0
       0
       2
       1
       0
       1
       2
       0
       1
       1
       1
       1
       0
       1
       1
       0
       0
       0
       1
       0
       0
       1
       2
       1
       0
       0
       0
       1
       1
       0
       0
       0
       0
       0
       0
       2
       2
       0
       0
       0
       1
       0
       0
       0
       1
       0
       1
       0
       2
       0
       0
       0
       0
       1
       1
       2
       0
       0
       0
       0
       0
       0
       1
       0
       1
       0
       1
       1
       0
       0
       0
       0
       1
       1
       0
       0
       0
       1
       0
       2
       1
       0
       0
       0
       1
       0
       0
       0
       1
       0
       0
       0
       0
       0
       0
       0
       2
       2
       0
       0
       2
       1
       0
       0
       0
       0
       0
       0
       0
       0
       2
       0
       1
       3
       0
       0
       0
       0
       0
       0
       0
       0
       1
       0
       1
       1
       0
       0
       0
       0
       0
       0
       0
       0
       1
       0
       1
       0
       0
       1
       0
       0
       0
       0
       0
       1
       0
       0
       0
       1
       0
       1
       0
       0
       0
       0
       0
       0
       1
       0
       0
       0
       0
       1
       1
       0
       0
       0
       0
       0
       1
       1
       0
       0
       1
       0
       0
       1
       1
       0
       0
       0
       0
       0
       0
       1
       1
       0
       0
       0
       0
       3
       0
       0
       0
       1
       0
       0
       0
       2
       1
       0
       0
       0
       1
       0
       0
       1
       0
       0
       1
       1
       1
       1
       0
       1
       0
       0
       0
       0
       1
       0
       0
       0
       1
       0
       0
       2
       0
       0
       0
       1
       0
       2
       0
       0
       0
       1
       2
       1
       1
       0
       1
       0
       1
       0
       1
       1
       0
       0
       1
       0
       0
       0
       0
       0
       0
       0
       1
       1
       0
       1
       0
       0
       0
       0
       0
       2
       0
       1
       0
       0
       0
       1
       0
       1
       1
       0
       0
       0
       1
       2
       1
       0
       1
       1
       0
       0
       2
       1
       0
       2
       0
       0
       0
       0
       0
       0
       0
       1
       0
       0
       0
       0
       1
       0
       0
       0
       0
       0
       0
       0
       1
       2
       3
       0
       0
       0
       1
       2
       1
       0
       1
       0
       0
       0
       0
       0
       0
       0
       0
       1
       2
       0
       0
       0
       0
       0
       0
       0
       0
       1
       0
       2
       0
       0
       1
       0
       1
       0
       2
       0
       0
       0
       0
       0
       0
       1
       0
       0
       1
       1
       1
       2
       0
       0
       1
       0
       0
       0
       0
       0
       0
       0
       0
       0
       2
       0
       0
       0
       1
       0
       1
       1
       0
       1
       0
       0
       0
       0
       0
       1
       2
       2
       0
       0
       0
       0
       1
       0
       0
       0
       0
       1
       0
       0
       0
       0
       0
       0
       1
       0
       0
       0
       0
       0
       1
       1
       0
       0
       2
       0
       0
       0
       1
       0
       0
       0
       0
       4
       0
       1
       0
       0
       1
       0
       1
       0
       0
       1
       1
       0
       0
       0
       1
       0
       1
       0
       0
       0
       0
       0
       1
       0
       0
       0
       0
       0
       0
       0
       0
       0
       0
       1
       0
       0
       0
       0
       0
       2
       0
       0
       0
       1
       0
       0
       0
       0
       0
       0
       0
       0
       0
       0
       0
       1
       1
       2
       0
       0
       1
       0
       0
       1
       0
       0
       1
       1
       0
       0
       0
       0
       0
       1
       1
       3
       1
       0
       0
       0
       1
       2
       3
       2
       0
       0
       1
       1
       0
       0
       0
       0
       1
       1
       0
       0
       0
       0
       0
       0
       1
       0
       0
       0
       0
       0
       0
       1
       1
       1
       1
       0
       0
       1
       1
       0
       1
       1
       1
       0
       0
       0
       0
       0
       0
       1
       2
       0
       1
       0
       1
       0
       0
       1
       0
       0
       0
       0
       0
       0
       0
       0
       0
       1
       1
       0
       2
       1
       0
       0
       0
       0
       0
       0
       0
       0
       0
       0
       0
       0
       0
       1
       1
       1
       1
       0
       1
       0
       0
       0
       1
       0
       0
       0
       1
       2
       1
       1
       0
       1
       2
       0
       0
       0
       0
       0
       1
       0
       0
       0
       0
       0
       0
       0
       1
       0
       1
       0
       0
       0
       1
       0
       0
       0
       1
       2
       0
       0
       0
       1
       0
       0
       0
       0
       1
       1
       0
       1
       0
       0
       0
       0
       0
       0
       0
       0
       0
       3
       1
       1
       0
       0
       0
       1
       0
       0
       0
       0
       0
       1
       2
       0
       0
       0
       0
       1
       0
       0
       0
       1
       0
       1
       1
       0
       0
       0
       0
       0
       0
       0
       1
       1
       0
       1
       1
       1
       1
       0
       0
       0
       0
       1
       0
       0
       0
       1
       1
       1
       0
       0
       1
       0
       0
       0
       0
       0
       0
       1
       0
       1
       0
       0
       1
       0
       0
       1
       1
       1
       0
       0
       1
       1
       0
       0
       0
       0
       0
       0
       0
       0
       0
       0
       0
       0
       1
       0
       0
       0
       0
       1
       0
       0
       0
       0
       1
       0
       1
       1
       0
       0
       0
       0
       1
       0
       0
       0
       0
       1
       0
       0
       0
       1
       0
       1
       0
       1
       0
       0
       0
       0
       0
       0
       1
       2
       0
       0
       0
       0
       2
       0
       0
       0
       0
       1
       0
       1
       0
       0
       0
       0
       1
       0
       0
       0
       0
       1
       1
       0
       2
       0
       0
       1
       1
       1
       0
       0
       0
       0
       0
       0
       0
       1
       0
       0
       0
       0
       0
       1
       0
       2
       1
       0
       1
       3
       0
       2
       0
       1
       1
       2
       2
       0
       1
       0
       1
       0
       1
       0
       0
       0
       1
       0
       1
       1
       0
       0
       0
       0
       2
       0
       0
       0
       0
       0
       0
       0
       0
       0
       0
       1
       0
       1
       0
       0
       0
       0
       0
       0
       0
       0
       0
       0
       2
       1
       1
       0
       0
       0
       0
       0
       0
       1
       0
       1
       0
       0
       0
       0
       0
       3
       0
       0
       0
       0
       0
       0
       0
       0
       2
       1
       0
       0
       0
       0
       0
       0
       0
       0
       0
       0
       0
       0
       1
       0
       1
       0
       1
       0
       0
       0
       0
       0
       0
       1
       0
       0
       0
       1
       0
       1
       0
       0
       1
       0
       0
       0
       1
       0
       0
       0
       0
       1
       0
       0
       0
       1
       0
       0
       0
       0
       0
       0
       0
       1
       0
       0
       0
       0
       1
       2
       0
       0
       0
       0
       0
       0
       0
       1
       2
       0
       0
       2
       1
       0
       0
       1
       0
       0
       0
       0
       0
       1
       0
       1
       0
       1
       0
       0
       0
       0
       2
       1
       1
       0
       1
       0
       0
       0
       1
       1
       0
       1
       0
       0
       0
       0
       1
       0
       0
       0
       0
       1
       0
       1
       0
       0
       0
       0
       0
       0
       0
       0
       0
       0
       1
       0
       1
       0
       0
       0
       0
       0
       0
       1
       2
       0
       2
       0
       2
       0
       0
       1
       2
       0
       1
       2
       1
       0
       1
       0
       2
       2
       1
       0
       1
       1
       0
       1
       0
       0
       0
       0
       0
       0
       0
       1
       0
       0
       0
       0
       0
       0
       0
       1
       0
       0
       0
       0
       0
       1
       0
       0
       0
       0
       0
       0
       0
       1
       0
       0
       0
       0
       2
       0
       0
       0
       0
       1
       0
       0
       1
       0
       1
       2
       0
       0
       1
       0
       0
       1
       0
       0
       0
       0
       0
       0
       0
       0
       0
       0
       0
       2
       0
       0
       0
       0
       0
       0
       0
       0
       0
       0
       0
       0
       0
       1
       0
       1
       0
       0
       1
       0
       0
       1
       1
       0
       0
       0
       0
       1
       0
       0
       0
       0
       1
       1
       0
       0
       1
       0
       0
       2
       0
       1
       0
       0
       0
       0
       1
       0
       1
       0
       2
       1
       0
       0
       1
       0
       0
       1
       0
       1
       0
       0
       0
       0
       2
       0
       0
       0
       0
       0
       1
       1
       0
       0
       0
       0
       1
       0
       1
       0
       1
       0
       0
       1
       0
       0
       0
       1
       0
       0
       0
       2
       0
       0
       0
       0
       0
       0
       0
       1
       0
       0
       0
       1
       0
       1
       0
       0
       2
       1
       1
       0
       0
       0
       2
       2
       0
       0
       0
       1
       0
       0
       1
       0
       0
       1
       0
       0
       0
       1
       0
       0
       0
       0
       1
       0
       0
       0
       0
       1
       0
       0
       0
       0
       0
       0
       0
       0
       0
       0
       0
       0
       0
       0
       0
       1
       0
       0
       0
       0
       0
       1
       0
       1
       0
       1
       0
       0
       0
       1
       0
       0
       1
       1
       0
       0
       0
       1
       1
       0
       0
       0
       0
       0
       0
       1
       0
       0
       0
       0
       0
       2
       1
       0
       0
       0
       0
       0
       0
       0
       0
       2
       0
       0
       0
       0
       0
       0
       0
       1
       0
       1
       1
       0
       0
       1
       0
       0
       0
       0
       1
       0
       1
       0
       0
       0
       0
       0
       0
       0
       1
       1
       0
       1
       0
       1
       0
       0
       0
       0
       1
       0
       0
       0
       0
       1
       0
       0
       0
       0
       0
       0
       0
       0
       0
       0
       0
       0
       0
       1
       0
       0
       0
       0
       0
       0
       0
       1
       0
       0
       0
       1
       0
       0
       0
       0
       0
       0
       1
       0
       1
       0
       0
       0
       0
       0
       0
       1
       2
       0
       1
       0
       0
       0
       0
       0
       0
       0
       1
       0
       0
       1
       0
       0
       0
       0
       0
       0
       1
       1
       0
       0
       0
       0
       1
       0
       2
       0
       2
       1
       0
       0
       0
       0
       0
       0
       0
       2
       0
       1
       0
       1
       0
       0
       1
       1
       0
       0
       0
       0
       0
       1
       0
       0
       0
       1
       0
       2
       0
       0
       0
       0
       0
       0
       0
       0
       0
       0
       0
       0
       0
       1
       0
       0
       0
       0
       0
       0
       1
       0
       0
       0
       0
       0
       0
       0
       0
       2
       0
       1
       0
       0
       0
       0
       0
       0
       0
       0
       0
       0
       0
       0
       1
       0
       0
       0
       2
       0
       1
       2
       0
       0
       1
       0
       1
       0
       0
       0
       0
       0
       0
       1
       1
       0
       0
       0
       0
       0
       0
       1
       0
       0
       0
       0
       1
       0
       0
       0
       0
       0
       0
       1
       0
       1
       1
       0
       0
       0
       0
       1
       0
       0
       0
       0
       0
       0
       1
       1
       1
       0
       0
       0
       1
       0
       0
       2
       2
       1
       1
       0
       2
       0
       0
       1
       1
       1
       0
       1
       0
       0
       0
       0
       0
       0
       0
       1
       0
       1
       0
       0
       0
       0
       0
       0
       0
       0
       0
       1
       2
       0
       0
       0
       0
       0
       1
       0
       1
       0
       0
       0
       0
       0
       0
       0
       0
       1
       2
       0
       1
       0
       0
       1
       1
       1
       2
       0
       1
       1
       2
       3
       0
       0
       2
       0
       1
       2
       0
       1
       1
       0
       0
       0
       0
       3
       0
       0
       1
       0
       0
       0
       0
       0
       0
       0
       0
       0
       1
       0
       1
       0
       1
       0
       0
       0
       0
       0
       0
       1
       1
       2
       0
       1
       0
       1
       0
       0
       0
       0
       0
       0
       0
       0
       0
       0
       0
       0
       0
       1
       0
       1
       0
       0
       0
       0
       0
       1
       0
       0
       0
       0
       0
       0
       0
       2
       1
       0
       1
       0
       0
       1
       1
       0
       0
       1
       0
       1
       0
       1
       0
       0
       0
       0
       0
       0
       2
       0
       1
       0
       0
       0
       0
       0
       0
       0
       0
       1
       0
       0
       0
       0
       1
       0
       0
       0
       0
       0
       1
       0
       0
       0
       0
       0
       0
       0
       0
       0
       0
       0
       0
       0
       1
       0
       1
       1
       0
       0
       0
       1
       0
       0
       0
       0
       0
       0
       0
       0
       0
       0
       1
       0
       0
       0
       0
       2
       0
       0
       0
       1
       1
       0
       0
       0
       0
       0
       0
       0
       1
       0
       0
       0
       1
       2
       0
       0
       0
       0
       1
       0
       0
       0
       0
       0
       0
       0
       0
       0
       0
       1
       0
       0
       1
       0
       0
       1
       0
       0
       1
       0
       0
       0
       0
       0
       0
       0
       1
       0
       0
       0
       0
       0
       0
       0
       1
       0
       0
       0
       0
       0
       0
       0
       1
       1
       0
       1
       0
       0
       1
       1
       1
       0
       1
       0
       0
       2
       1
       0
       0
       1
       0
       0
       0
       0
       0
       0
       0
       1
       1
       1
       1
       1
       0
       2
       1
       0
       0
       0
       0
       0
       2
       0
       0
       0
       1
       0
       0
       0
       0
       1
       0
       1
       0
       1
       0
       0
       1
       0
       0
       1
       0
       2
       0
       0
       0
       1
       1
       2
       1
       1
       0
       0
       0
       0
       0
       0
       1
       0
       0
       0
       1
       0
       0
       0
       0
       2
       0
       0
       0
       1
       1
       0
       1
       0
       1
       0
       0
       1
       0
       0
       0
       0
       1
       0
       0
       0
       0
       1
       0
       1
       0
       1
       0
       0
       0
       1
       0
       0
       1
       0
       0
       0
       0
       0
       0
       0
       0
       2
       0
       0
       0
       0
       1
       0
       1
       0
       0
       1
       0
       0
       1
       1
       1
       0
       0
       0
       0
       0
       0
       0
       1
       1
       0
       0
       0
       2
       1
       0
       0
       0
       1
       0
       0
       0
       0
       1
       0
       0
       0
       1
       0
       0
       0
       1
       1
       0
       0
       1
       1
       0
       0
       0
       2
       0
       0
       0
       1
       0
       0
       0
       0
       0
       0
       0
       0
       1
       0
       0
       1
       0
       0
       0
       0
       0
       0
       0
       0
       0
       0
       1
       0
       0
       0
       1
       1
       0
       0
       0
       0
       0
       0
       1
       1
       1
       1
       1
       0
       0
       0
       0
       0
       0
       0
       0
       0
       0
       0
       0
       0
       0
       0
       0
       0
       1
       1
       2
       0
       0
       3
       1
       0
       0
       1
       1
       0
       0
       0
       0
       0
       0
       1
       1
       0
       0
       1
       0
       0
       1
       0
       0
       0
       0
       0
       0
       0
       1
       0
       0
       0
       1
       0
       0
       0
       0
       2
       0
       1
       0
       0
       0
       0
       0
       0
       0
       0
       1
       0
       0
       0
       0
       0
       0
       0
       0
       1
       0
       0
       0
       0
       1
       0
       1
       0
       0
       0
       1
       1
       0
       0
       0
       0
       0
       0
       0
       1
       0
       0
       0
       0
       0
       0
       0
       0
       1
       0
       1
       1
       0
       0
       2
       0
       0
       0
       0
       0
       0
       0
       0
       0
       0
       0
       0
       0
       0
       0
       0
       0
       1
       0
       0
       1
       0
       0
       1
       0
       1
       1
       0
       0
       0
       0
       1
       0
       0
       0
       0
       0
       0
       1
       0
       0
       0
       0
       0
       0
       0
       0
       0
       0
       0
       0
       1
       0
       0
       1
       0
       1
       0
       0
       0
       0
       0
       0
       0
       0
       0
       0
       0
       1
       0
       0
       0
       0
       2
       2
       1
       0
       0
       0
       0
       0
       0
       0
       0
       0
       0
       0
       0
       0
       0
       0
       1
       0
       0
       0
       0
       0
       0
       0
       0
       0
       0
       0
       1
       1
       0
       0
       0
       0
       0
       0
       0
       0
       0
       1
       2
       1
       0
       1
       0
       0
       0
       0
       0
       0
       0
       0
       0
       0
       0
       0
       1
       0
       0
       0
       0
       0
       0
       0
       0
       0
       0
       0
       0
       0
       0
       0
       0
       1
       0
       0
       0
       0
       0
       0
       0
       2
       0
       0
       0
       0
       0
       1
       0
       0
       0
       0
       0
       0
       1
       0
       0
       1
       0
       0
       0
       0
       0
       1
       0
       0
       0
       0
       0
       0
       0
       0
       0
       0
       0
       0
       0
       0
       1
       0
       0
       0
       0
       0
       0
       1
       0
       0
       0
       0
       0
       1
       0
       0
       0
       0
       0
       0
       0
       1
       0
       0
       0
       0
       0
       0
       0
       0
       0
       0
       0
       0
       0
       0
       0
       0
       0
       0
       0
       1
       0
       0
       1
       0
       0
       0
       0
       0
       0
       0
       1
       0
       0
       0
       0
       0
       0
       0
       0
       0
       0
       0
       0
       0
       0
       0
       0
       1
       0
       0
       0
       0
       0
       0
       1
       1
       0
       0
       0
       1
       0
       0
       1
       0
       0
       0
       0
       0
       0
       1
       0
       1
       1
       0
       0
       0
       0
       0
       0
       0
       0
       0
       0
       0
       0
       0
       0
       0
       0
       0
       0
       0
       1
       0
       0
       0
       0
       2
       0
       0
       0
       0
       0
       0
       0
       0
       1
       0
       0
       0
       0
       0
       0
       0
       0
       0
       0
       0
       0
       0
       0
       0
       0
       0
       1
       0
       0
       0
       0
       0
       0
       1
       0
       1
       0
       0
       1
       0
       0
       0
       0
       0
       0
       1
       0
       0
       0
       0
       0
       0
       0
       0
       0
       0
       0
       1
       0
       0
       0
       0
       0
       0
       0
       0
       0
       0
       0
       0
       1
       0
       0
       0
       0
       0
       0
       0
       0
       0
       0
       0
       0
       0
       0
       0
       0
       1
       0
       0
       0
       0
       0
       0
       0
       0
       1
       0
       0
       0
       0
       0
       0
       0
       0
       1
       1
       0
       0
       0
       0
       0
       0
       0
       0
       0
       0
       0
       1
       0
       0
       0
       0
       0
       0
       0
       0
       1
       0
       0
       0
       0
       0
       0
       0
       0
       1
       0
       0
       2
       1
       0
       0
       0
       0
       0
       0
       0
       0
       0
       1
       0
       0
       0
       0
       0
       0
       0
       0
       0
       0
       0
       0
       0
       3
       0
       0
       0
       0
       0
       0
       0
       0
       0
       0
       0
       0
       0
       0
       0
       0
       0
       0
       0
       0
       0
       0
       1
       0
       0
       0
       0
       0
       0
       0
       0
       0
       0
       0
       0
       0
       0
       0
       0
       0
       0
       1
       0
       0
       0
       0
       0
       0
       1
       0
       0
       0
       0
       0
       0
       0
       0
       0
       0
       0
       0
       0
       0
       0
       0
       0
       1
       0
       0
       0
       0
       0
       1
       0
       0
       0
       0
       0
       0
       0
       0
       0
       0
       0
       0
       0
       0
       1
       0
       0
       1
       0
       0
       0
       0
       0
       0
       0
       0
       0
       0
       0
       0
       0
       0
       0
       0
       0
       1
       0
       0
       0
       0
       0
       0
       0
       0
       0
       0
       0
       0
       0
       0
       0
       1
       0
       0
       0
       0
       1
       0
       0
       0
       1
       0
       0
       1
       0
       0
       0
       0
       0
       0
       0
       0
       0
       0
       0
       0
       0
       0
       0
       0
       0
       0
       0
       0
       0
       0
       0
       0
       0
       0
       1
       0
       1
       0
       0
       0
       0
       0
       0
       0
       0
       0
       0
       0
       0
       0
       0
       0
       0
       0
       0
       0
       0
       2
       0
       0
       0
       0
       2
       0
       0
       0
       0
       0
       0
       0
       0
       0
       0
       0
       0
       0
       0
       1
       0
       0
       0
       0
       0
       0
       0
       0
       0
       0
       0
       0
       0
       0
       0
       0
       0
       0
       0
       0
       0
       0
       0
       0
       0
       0
       0
       0
       0
       0
       0
       0
       0
       0
       0
       0
       0
       1
       0
       0
       0
       0
       1
       0
       0
       0
       1
       0
       0
       0
       0
       0
       0
       0
       1
       0
       0
       0
       0
       0
       0
       0
       0
       0
       0
       0
       0
       0
       0
       0
       0
       0
       0
       0
       0
       0
       0
       0
       1
       0
       0
       0
       0
       0
       1
       2
       6
       2
       9
       5
       6
       4
      13
       9
       8
       8
      13
       9
       4
       5
       0
       2
       0
       0
       1
       0
       1
       0
       0
       0
       0
       0
       0
       0
       0
       0
       0
       0
       0
       0
       0
       0
       0
       0
       0
       0
       0
       0
       0
       0
       0
       0
       0
       0
       0
       0
       0
       0
       0
       0
       0
       0
       0
       2
       0
       0
       0
       0
       0
       0
       0
       1
       0
       0
       0
       0
       0
       0
       0
       0
       0
       0
       0
       0
       0
       0
       0
       0
       0
       0
       0
       1
       0
       0
       0
       0
       0
       0
       0
       0
       0
       0
       0
       0
       0
       0
       0
       0
       0
       0
       0
       0
       0
       0
       0
       0
       0
       0
       0
       0
       0
       0
       0
       0
       0
       0
       0
       0
       0
       0
       0
       0
       0
       0
       0
       0
       0
       0
       0
       0
       0
       0
       0
       0
       0
       0
       0
       0
       0
       1
       0
       0
       0
       0
       0
       0
       0
       0
       0
       0
       0
       0
       0
       0
       0
       0
       0
       0
       0
       0
       0
       0
       0
       0
       0
       0
       0
       0
       0
       0
       0
       0
       0
       0
       0
       0
       0
       0
       0
       0
       0
       0
       0
       0
       0
       0
       0
       0
       0
       0
       0
       1
       0
       0
       0
       0
       0
       0
       0
       0
       1
       0
       0
       0
       0
       0
       0
       0
       0
       0
       0
       0
       0
       0
       0
       0
       0
       0
       0
       0
       0
       0
       0
       0
       0
       0
       0
       0
       0
       0
       0
       0
       0
       1
       0
       0
       0
       0
       0
       0
       0
       0
       0
       0
       1
       0
       1
       0
       0
       0
       0
       0
       0
       0
       0
       1
       0
       0
       0
       0
       0
       0
       0
       0
       0
       0
       0
       1
       1
       1
       0
       0
       0
       0
       0
       0
       0
       0
       0
       0
       0
       0
       0
       0
       0
       0
       0
       0
       1
       0
       0
       0
       0
       0
       0
       0
       0
       0
       0
       0
       0
       0
       0
       0
       0
       0
       0
       0
       0
       0
       0
       0
       0
       0
       0
       0
       0
       0
       0
       0
       0
       0
       0
       0
       0
       0
       0
       0
       0
       0
       0
       0
       0
       0
       0
       0
       1
       1
       0
       0
       0
       0
       0
       1
       0
       0
       1
       0
       0
       0
       0
       0
       0
       0
       0
       0
       0
       0
       1
       0
       0
       0
       0
       0
       0
       0
       0
       0
       0
       0
       0
       0
       0
       0
       0
       0
       0
       0
       0
       0
       0
       0
       0
       0
       0
       0
       0
       0
       0
       0
       1
       0
       0
       0
       0
       0
       0
       0
       0
       0
       0
       0
       0
       0
       0
       0
       0
       0
       0
       0
       0
       0
       0
       0
       0
       0
       0
       0
       0
       0
       0
       0
       0
       0
       0
       1
       0
       0
       0
       0
       0
       0
       0
       0
       0
       0
       0
       0
       0
       0
       0
       0
       0
       0
       0
       0
       0
       0
       0
       0
       0
       0
       0
       0
       0
       0
       0
       0
       0
       0
       0
       0
       0
       0
       0
       0
       0
       0
       0
       0
       0
       1
       0
       0
       0
       1
       0
       1
       1
       0
       0
       0
       0
       0
       0
       0
       0
       0
       0
       0
       0
       0
       0
       0
       0
       0
       0
       0
       1
       0
       0
       1
       0
       0
       0
       0
       0
       0
       0
       0
       0
       0
       0
       0
       0
       0
       0
       0
       0
       0
       0
       0
       0
       0
       0
       0
       0
       0
       0
       0
       0
       0
       1
       0
       0
       0
       0
       0
       0
       0
       0
       1
       0
       0
       0
       0
       0
       0
       0
       0
       0
       1
       0
       0
       0
       1
       0
       0
       0
       0
       0
       0
       0
       0
       0
       0
       0
       0
       0
       0
       0
       0
       0
       0
       0
       0
       0
       0
       0
       0
       0
       0
       0
       0
       0
       0
       0
       0
       0
       0
       0
       0
       0
       0
       0
       0
       0
       0
       1
       0
       0
       0
       0
       0
       0
       1
       0
       0
       0
       0
       1
       0
       1
       0
       0
       0
       0
       0
       0
       0
       0
       0
       0
       0
       0
       0
       0
       0
       0
       1
       0
       0
       0
       0
       0
       0
       0
       0
       0
       0
       1
       0
       0
       0
       0
       0
       0
       0
       0
       0
       0
       0
       0
       0
       0
       0
       0
       0
       0
       0
       0
       0
       0
       0
       0
       0
       0
       0
       0
       0
       0
       0
       0
       0
       0
       0
       0
       0
       0
       0
       0
       0
       1
       0
       0
       0
       0
       0
       0
       0
       0
       0
       0
       0
       0
       0
       0
       0
       0
       0
       0
       0
       0
       0
       0
       0
       0
       0
       0
       0
       0
       0
       0
       0
       0
       0
       0
       0
       0
       0
       0
       0
       0
       0
       0
       0
       1
       0
       0
       0
       0
       0
       0
       2
       0
       0
       0
       0
       0
       0
       0
       0
       0
       0
       0
       0
       0
       1
       0
       0
       0
       0
       0
       0
       0
       0
       0
       0
       0
       0
       0
       0
       0
       0
       0
       0
       0
       0
       0
       0
       0
       0
       0
       0
       0
       0
       0
       0
       0
       0
       0
       0
       0
       0
       0
       0
       0
       0
       0
       0
       0
       0
       0
       1
       0
       0
       0
       0
       0
       0
       0
       0
       0
       0
       0
       0
       0
       0
       1
       0
       0
       0
       0
       0
       0
       0
       0
       0
       0
       0
       0
       0
       0
       0
       0
       0
       0
       0
       0
       0
       0
       0
       0
       0
       0
       0
       0
       0
       0
       0
       0
       0
       0
       0
       0
       0
       0
       0
       0
       0
       0
       0
       0
       0
       0
       0
       0
       0
       0
       0
       0
       0
       0
       0
       0
       0
       0
       0
       0
       0
       0
       0
       0
       0
       0
       0
       0
       0
       0
       0
       0
       0
       0
       0
       0
       0
       0
       0
       0
       0
       0
       1
       0
       0
       0
       0
       0
       1
       0
       0
       0
       0
       0
       0
       0
       0
       0
       0
       0
       0
       0
       0
       0
       0
       0
       0
       0
       0
       0
       0
       0
       0
       0
       0
       0
       0
       0
       0
       0
       0
       0
       0
       0
       0
       0
       0
       0
       0
       0
       0
       0
       0
       0
       0
       0
       0
       0
       0
       0
       0
       0
       0
       0
       0
       0
       0
       0
       0
       0
       0
       0
       0
       1
       0
       0
       0
       0
       0
       0
       0
       1
       0
       0
       0
       0
       0
       0
       0
       0
       0
       0
       0
       0
       0
       0
       0
       0
       0
       0
       0
       0
       0
       0
       0
       0
       0
       0
       0
       0
       0
       0
       0
       0
       0
       0
       0
       0
       0
       0
       0
       0
       0
       0
       0
       0
       0
       0
       0
       0
       0
       0
       0
       0
       0
       0
       0
       0
       0
       0
       0
       1
       0
       0
       0
       1
       0
       0
       0
       0
       0
       0
       0
       0
       0
       0
       0
       0
       0
       0
       0
       0
       0
       0
       2
       0
       0
       0
       0
       0
       0
       0
       0
       0
       0
       0
       0
       0
       0
       0
       0
       0
       0
       0
       0
       0
       0
       0
       0
       0
       0
       0
       0
       0
       0
       0
       0
       0
       0
       0
       0
       0
       0
       0
       0
       0
       0
       0
       0
       0
       0
       0
       0
       0
       0
       0
       0
       0
       0
       0
       0
       0
       0
       0
       0
       0
       0
       0
       0
       0
       0
       0
       0
       0
       0
       0
       0
       0
       0
       0
       0
       0
       0
       0
       0
       0
       0
       0
       0
       0
       0
       0
       0
       0
       0
       0
       0
       0
       0
       0
       0
       0
       0
       0
       0
       0
       0
       0
       0
       0
       0
       0
       0
       0
       0
       0
       0
       0
       0
       0
       0
       0
       0
       0
       0
       0
       0
       0
       1
       0
       0
       0
       0
       0
       0
       0
       0
       0
       0
       0
       0
       0
       0
       1
       0
       0
       1
       0
       0
       1
       1
       0
       1
       0
       0
       0
       0
       0
       0
       0
       0
       0
       0
       1
       0
       0
       0
       0
       0
       0
       0
       0
       0
       0
       0
       0
       0
       0
       1
       0
       0
       0
       0
       0
       0
       0
       1
       0
       0
       0
       0
       0
       0
       0
       0
       0
       0
       0
       0
       0
       0
       0
       0
       0
       0
       0
       0
       0
       0
       0
       0
       0
       0
       0
       0
       0
       0
       0
       0
       0
       0
       0
       0
       0
       0
       0
       0
       0
       0
       0
       0
       0
       0
       0
       0
       0
       0
       0
       0
       0
       0
       0
       0
       0
       0
       0
       0
       0
       0
       0
       0
       0
       0
       0
       0
       0
       0
       0
       0
       0
       0
       0
       0
       0
       0
       0
       0
       0
       0
       0
       0
       0
       0
       0
       0
       0
       0
       0
       0
       0
       0
       0
       0
       0
       0
       0
       0
       0
       0
       0
       0
       0
       0
       0
       0
       0
       0
       0
       0
       0
       0
       0
       0
       0
       0
       0
       0
       0
       0
       0
       0
       0
       0
       0
       0
       0
       0
       0
       0
       0
       0
       0
       0
       0
       0
       0
       0
       0
       0
       0
       0
       0
       0
       0
       0
       0
       0
       0
       1
       0
       0
       0
       0
       0
       0
       0
       0
       0
       0
       0
       0
       0
       0
       0
       0
       0
       0
       0
       0
       0
       0
       0
       0
       0
       0
       0
       0
       0
       0
       0
       0
       0
       0
       0
       0
       0
       0
       0
       0
       0
       0
       0
       0
       0
       0
       0
       0
       0
       0
       0
       0
       0
       0
       0
       0
       0
       0
       0
       0
       0
       0
       0
       0
       0
       0
       0
       0
       0
       0
       0
       0
       0
       0
       0
       0
       0
       0
       0
       0
       0
       0
       0
       0
       0
       0
       0
       0
       0
       0
       0
       0
       0
       0
       0
       0
       0
       0
       0
       0
       0
       0
       0
       0
       0
       0
       0
       0
       0
       0
       0
       1
       0
       0
       0
       0
       0
       0
       0
       0
       0
       0
       0
       0
       0
       0
       1
       1
       0
       0
       0
       0
       0
       0
       0
       0
       0
       0
       0
       0
       0
       0
       0
       0
       0
       0
       0
       0
       0
       0
       0
       0
       0
       0
       0
       0
       0
       0
       0
       0
       1
       0
       0
       0
       0
       0
       0
       0
       0
       1
       0
       0
       0
       0
       0
       0
       0
       0
       0
       0
       0
       0
       0
       0
       0
       0
       1
       0
       0
       0
       0
       0
       0
       0
       0
       0
       0
       0
       0
       0
       0
       0
       0
       0
       0
       0
       0
       1
       0
       0
       1
       0
       0
       0
       0
       0
       0
       0
       0
       0
       0
       0
       0
       0
       0
       1
       0
       0
       0
       0
       0
       0
       0
       1
       0
       0
       0
       0
       0
       0
       0
       0
       0
       0
       0
       0
       0
       0
       0
       0
       0
       0
       0
       0
       0
       0
       0
       0
       0
       0
       0
       0
       0
       0
       0
       0
       0
       0
       0
       0
       0
       0
       0
       0
       0
       0
       0
       0
       0
       0
       0
       0
       0
       0
       0
       0
       0
       0
       0
       0
       0
       0
       0
       0
       0
       1
       0
       0
       0
       0
       0
       0
       0
       0
       0
       0
       0
       0
       0
       0
       0
       0
       0
       0
       0
       0
       0
       0
       0
       0
       0
       0
       0
       0
       0
       0
       0
       0
       0
       0
       1
       0
       0
       0
       0
       0
       0
       0
       0
       0
       0
       0
       0
       0
       0
       0
       0
       0
       0
       0
       0
       0
       0
       0
       0
       0
       0
       0
       0
       0
       0
       0
       0
       0
       0
       0
       0
       0
       0
       0
       0
       0
       0
       0
       0
       0
       0
       0
       0
       0
       0
       0
       0
       0
       0
       0
       0
       0
       0
       0
       0
       0
       0
       0
       0
       0
       0
       0
       0
       0
       0
       0
       0
       0
       0
       0
       0
       0
       0
       0
       1
       0
       0
       0
       0
       0
       0
       0
       1
       0
       0
       0
       0
       0
       0
       0
       0
       0
       0
       0
       0
       0
       0
       0
       0
       0
       0
       0
       0
       0
       0
       0
       0
       0
       0
       0
       0
       0
       0
       0
       0
       0
       0
       0
       0
       0
       0
       0
       0
       0
       0
       0
       0
       0
       0
       0
       0
       0
       0
       0
       0
       0
       0
       0
       0
       0
       0
       0
       0
       0
       0
       0
       0
       0
       0
       0
       0
       0
       0
       0
       0
       0
       0
       0
       0
       0
       0
       0
       0
       0
       0
       0
       0
       0
       0
       0
       0
       0
       0
       0
       0
       0
       0
       0
       0
       0
       0
       0
       0
       0
       0
       0
       0
       0
       0
       0
       0
       0
       0
       0
       0
       0
       0
       0
       1
       1
       0
       0
       0
       0
       0
       0
       0
       0
       0
       0
       0
       0
       0
       0
       0
       0
       0
       0
       0
       0
       1
       0
       0
       0
       0
       0
       0
       0
       0
       0
       0
       0
       0
       0
       0
       0
       0
       0
       0
       0
       0
       0
       1
       0
       0
       0
       0
       0
       0
       0
       0
       0
       0
       0
       0
       0
       0
       0
       0
       0
       0
       0
       0
       0
       0
       0
       0
       0
       0
       0
       0
       0
       0
       0
       0
       0
       0
       0
       0
       0
       0
       0
       0
       0
       0
       0
       0
       0
       0
       0
       0
       0
       0
       0
       0
       0
       0
       0
       0
       0
       0
       0
       0
       0
       0
       0
       0
       0
       1
       0
       0
       0
       0
       0
       0
       0
       0
       0
       0
       0
       0
       0
       0
       0
       0
       0
       0
       0
       0
       0
       0
       0
       0
       0
       0
       0
       0
       0
       0
       0
       0
       0
       0
       0
       0
       0
       0
       0
       0
       0
       0
       0
       0
       0
       0
       0
       0
       0
       0
       0
       0
       0
       0
       0
       0
       0
       0
       0
       0
       0
       0
       0
       0
       0
       0
       0
       0
       0
       0
       0
       0
       0
       0
       1
       0
       0
       0
       0
       0
       0
       0
       0
       0
       0
       0
       0
       0
       0
       0
       0
       0
       0
       0
       0
       0
       0
       0
       0
       0
       0
       0
       0
       0
       0
       0
       0
       0
       0
       0
       0
       0
       0
       0
       0
       0
       1
       0
       0
       0
       0
       0
       0
       0
       0
       0
       0
       0
       0
       0
       0
       0
       0
       0
       0
       0
       1
       0
       0
       0
       1
       0
       0
       0
       0
       0
       0
       0
       0
       0
       0
       0
       0
       0
       0
       0
       0
       0
       0
       0
       0
       0
       0
       0
       0
       0
       0
       0
       0
       0
       0
       1
       0
       0
       0
       0
       0
       0
       0
       0
       0
       0
       0
       0
       0
       0
       0
       0
       0
       0
       0
       0
       0
       0
       0
       0
       0
       0
       0
       0
       0
       0
       0
       0
       0
       0
       0
       0
       0
       0
       0
       0
       0
       0
       0
       0
       0
       0
       0
       0
       0
       0
       0
       0
       0
       0
       0
       0
       1
       0
       0
       0
       0
       0
       0
       0
       0
       0
       0
       0
       0
       0
       0
       0
       0
       0
       0
       0
       0
       0
       0
       0
       0
       0
       0
       0
       0
       0
       0
       0
       0
       0
       0
       0
       0
       0
       0
       0
       0
       0
       0
       0
       0
       0
       0
       0
       0
       0
       0
       0
       0
       0
       0
       0
       0
       0
       0
       0
       0
       0
       0
       0
       0
       0
       0
       0
       0
       0
       0
       0
       0
       0
       0
       0
       0
       0
       0
       0
       0
       0
       0
       1
       0
       0
       0
       0
       0
       0
       0
       0
       0
       0
       0
       0
       0
       1
       0
       0
       0
       0
       0
       0
       0
       0
       0
       0
       0
       0
       0
       0
       0
       0
       0
       0
       0
       0
       0
       0
       0
       0
       0
       0
       0
       0
       0
       0
       0
       0
       0
       0
       0
       0
       0
       0
       0
       0
       0
       0
       0
       0
       0
       0
       0
       0
       0
       0
       0
       0
       0
       0
       1
       0
       0
       0
       0
       0
       0
       0
       0
       0
       0
       0
       0
       0
       0
       0
       0
       0
       0
       0
       0
       0
       0
       0
       0
       0
       0
       0
       0
       0
       0
       0
       0
       0
       0
       0
       0
       0
       0
       0
       0
       0
       0
       0
       0
       1
       0
       0
       0
       0
       0
       0
       0
       0
       0
       0
       0
$ROI:
11
224 244
765 907
1350 1411
1828 1908
2525 2667
2716 2799
3716 3817
4331 4427
4564 4622
5085 5259
5690 5768
$PRESETS:
Live Time
100
0
$ENER_FIT:
0.053689 0.255148
$MCA_CAL:
3
5.368913E-002 2.551478E-001 -1.853380E-009 keV
$SHAPE_CAL:
3
6.992400E+000 7.812671E-004 -3.508660E-008
