$SPEC_ID:
No sample description was entered.
$SPEC_REM:
DET# 1
DETDESC# GMX20P4 HPGe
AP# Maestro Version 7.01
$DATE_MEA:
11/23/2018 17:16:46
$MEAS_TIM:
100 100
$DATA:
0 8191
       0
       0
       0
       0
       0
       0
       0
       0
       0
       0
       0
       0
       0
       0
       0
       0
       0
       0
       0
       0
       0
       0
       0
       0
       0
       0
       0
       0
       0
       0
       0
       0
       0
       0
       0
       0
       0
       0
       0
       0
       0
       0
       0
       0
       0
       0
       0
       0
      12
      62
     161
     312
     377
     447
     455
     410
     402
     312
     290
     245
     188
     223
     271
     384
     480
     578
     757
     806
     864
     774
     763
     653
     484
     354
     268
     208
     179
     172
     200
     255
     262
     259
     287
     270
     234
     182
     144
     114
      69
      71
      66
      72
      70
      63
      89
      88
      98
     108
     112
     150
     161
     188
     245
     201
     235
     156
     129
     119
      74
      48
      27
      24
      22
      18
      14
      20
      16
      22
      24
      21
      24
      17
      20
      34
      25
      44
      26
      36
      27
      27
      23
      27
      24
      27
      30
      13
      28
      18
      27
      22
      31
      28
      26
      25
      34
      40
      41
      42
      45
      54
      42
      45
      43
      51
      53
      51
      53
      57
      70
      73
      73
      67
      66
      87
      77
      81
      95
     100
     108
     103
     121
     111
     119
     125
     127
     112
     124
     122
     129
     135
     135
     157
     156
     133
     180
     197
     182
     216
     242
     303
     286
     370
     349
     392
     388
     409
     424
     428
     431
     419
     479
     452
     449
     466
     493
     489
     485
     488
     479
     401
     402
     447
     391
     344
     348
     341
     336
     361
     367
     320
     325
     348
     337
     361
     444
     571
     823
    1244
    1939
    2810
    3790
    4930
    5617
    5659
    5511
    4688
    3659
    2602
    1645
    1033
     548
     266
     123
      57
      30
      23
       9
      15
      18
      16
      21
      18
      23
      13
      11
      19
      18
      12
      15
      15
      11
      14
      16
      12
      15
      16
      19
      17
       8
      16
      13
      11
      19
      13
      22
      18
      14
       5
      12
      13
      19
       9
      10
      12
      13
       9
      17
      17
      22
      20
      21
      17
      19
       9
      17
      18
      17
      18
      20
      18
      25
      16
      12
      15
      15
      18
      17
      15
      13
      13
      14
      18
      17
      15
      16
      16
      16
      25
      23
      15
      15
      11
      18
      18
      19
      16
      26
      17
      14
      18
      13
      17
      21
      25
      16
      16
      15
      19
      16
      23
       8
      16
      20
      11
      17
      13
      19
      18
      15
      16
      23
      14
      12
      16
      22
      21
      15
      11
      19
      17
      16
      19
      19
      15
      12
       9
      18
      16
      20
      20
      16
      15
      18
      16
      15
      23
      14
      17
      17
      19
      20
      14
      16
      12
      14
      15
      20
      23
      20
      24
      16
      18
      18
      14
      20
      20
      10
      21
      13
      14
      14
      21
      25
      19
      20
      16
      13
      15
      16
      17
      19
      21
      11
      13
      15
      11
      16
      15
      18
      19
      12
      16
      11
      12
      14
      18
       9
       9
      15
      17
      15
      14
      11
      17
      15
       8
      11
      15
      15
      13
      13
      12
       9
      12
      16
      13
      15
      18
      19
      14
      11
      21
      12
      11
      16
      17
      16
      15
       8
      17
      17
      11
      14
      15
      18
      13
      12
      16
      13
       9
      13
      11
      14
       9
      12
      12
      14
      11
      14
       3
      22
      12
      23
      15
      11
      18
      11
       9
      13
      17
      15
      12
       9
      15
      10
       8
      16
      16
      13
      12
      16
      12
      10
      14
       9
      12
      13
      10
       9
       8
       8
       5
      15
       9
       9
      11
      11
      14
      13
      14
      11
      12
      10
      12
       8
       8
       6
      12
      14
      10
      12
      12
      11
      14
       7
       8
       5
      16
      14
      12
       9
      15
      12
      11
      10
       8
      10
       5
      15
       3
       9
       8
      13
      12
      10
      17
       7
      15
       9
      15
      12
      13
      13
      14
       8
      10
      10
      16
       9
       6
      12
      10
      12
       8
      12
       8
      12
      12
      13
       7
      12
      12
      13
       8
      15
      11
       9
      14
      12
      10
      10
      12
      13
       7
       9
       8
       8
       6
       7
       9
       7
      14
      11
      10
      13
       7
       5
       9
       7
      10
      10
       8
       8
       8
       8
       6
       6
      12
       8
      10
       5
       7
       8
       6
       8
       4
      10
       8
       3
       8
       7
       6
       7
       8
      11
       9
       6
       9
       7
       9
      10
      11
       5
       8
       6
      14
       6
      14
       5
      11
       7
       8
       8
      14
       5
       2
       5
       7
      10
       8
      14
       7
       7
       7
       8
      11
       4
       6
       5
       8
       6
       8
       8
       5
       8
       5
       5
       6
       7
       5
       7
       9
       8
       9
       8
      11
       5
       5
       8
       2
       5
      10
      11
       6
      12
       9
      14
       7
       5
       7
       9
       7
       5
       4
       2
      11
       6
       9
       7
      10
       6
       5
       2
       8
       7
      10
       5
       8
      10
      11
       5
      13
       4
      12
       9
       4
       2
       8
      10
      14
       7
       4
       9
      10
       9
       8
       7
       6
       5
       8
      14
       2
       7
       5
       7
      11
       8
       9
       6
       1
       6
       4
       8
       4
       6
       5
       5
       6
       9
       8
       7
       8
       2
       6
       4
       1
       5
       4
       3
       5
       6
       8
       7
       4
       3
       4
       8
       5
       9
       7
       5
       3
      10
       4
       5
       5
       4
       8
       8
       3
       5
       7
       6
       5
       6
       5
       6
       3
       2
       4
       7
       4
       3
       2
       5
       4
       5
       6
       5
       3
       4
       5
       7
       2
       6
       8
       8
       4
       5
       4
       5
       6
       8
       4
       6
       3
       4
       1
       4
       5
       5
       6
       5
       3
       6
       3
       7
       2
       9
       5
       6
       6
       5
       4
       4
       0
       3
       3
       7
       4
       7
       4
       8
       8
       5
       5
       5
       4
       5
       4
       9
       6
       3
       3
       5
       4
       5
       7
       7
       4
       7
       3
       2
       5
       5
       7
       6
       4
       4
       5
       3
       5
       6
       5
       8
       6
       2
       5
       2
       2
       4
       4
       6
       4
       6
       6
       8
       3
       4
       4
       3
       2
      12
       5
       5
       3
       9
       5
       7
       5
       4
       5
       1
       5
       4
       4
       6
       5
       5
       2
       4
       2
       5
       5
       3
       4
       2
       2
       8
       2
       9
       5
       1
      13
       4
       8
       6
       9
       5
       3
       6
       3
       5
       4
       5
       4
       5
       8
       4
       3
      10
       7
       6
       2
       4
       4
       3
       2
       2
       5
       7
       6
       2
       6
       4
       5
       3
       7
       2
       3
       4
       2
       4
       1
       5
       3
       2
       4
       1
       0
       4
       3
       3
       3
       7
       4
       2
       4
       3
       4
       5
       6
       2
       3
       5
       3
       1
       3
       2
       3
       5
       2
       4
       2
       3
       3
       7
       0
       3
       5
       5
       2
       3
       3
       3
       6
       3
       4
       6
       3
       5
       2
       5
       1
       5
       2
       3
       3
       6
       6
       4
       4
       2
       1
       2
       3
       2
       4
       1
       4
       2
       1
       2
       2
       5
       2
       3
       2
       6
       5
       2
       0
       4
       4
       2
       2
       5
       6
       3
       3
       2
       3
       2
       1
       2
       2
       3
       5
       5
       3
       5
       0
       3
       3
       4
       1
       4
       1
       1
       2
       5
       3
       1
       1
       3
       2
       2
       4
       1
       2
       0
       6
       2
       5
       2
       1
       2
       4
       2
       4
       4
       2
       5
       4
       5
       5
       2
       0
       3
       5
       4
       3
       2
       1
       2
       3
       1
       4
       0
       4
       5
       2
       2
       0
       4
       2
       1
       2
       1
       1
       2
       4
       2
       3
       4
       1
       4
       1
       2
       4
       1
       2
       2
       0
       4
       4
       1
       1
       7
       4
       2
       1
       1
       2
       4
       3
       9
       3
      10
       2
       3
       4
       2
       1
       2
       3
       4
       6
       2
       2
       1
       1
       1
       3
       1
       2
       2
       3
       3
       3
       1
       5
       3
       3
       1
       3
       4
       2
       1
       4
       5
       2
       4
       4
       2
       2
       5
       3
       3
       5
       4
       2
       0
       4
       2
       2
       2
       2
       1
       2
       4
       3
       2
       2
       4
       3
       4
       1
       2
       0
       1
       1
       2
       2
       1
       2
       2
       3
       4
       1
       1
       1
       2
       2
       0
       1
       4
       1
       1
       2
       5
       2
       0
       2
       3
       2
       1
       1
       2
       4
       0
       4
       0
       2
       0
       0
       3
       0
       5
       1
       0
       6
       6
       4
       5
       2
       5
       2
       2
       3
       3
       2
       0
       2
       4
       0
       1
       3
       1
       1
       5
       0
       4
       0
       2
       3
       1
       1
       5
       1
       2
       7
       3
       0
       1
       4
       3
       4
       1
       3
       1
       3
       3
       1
       2
       4
       1
       0
       0
       2
       5
       5
       1
       4
       1
       1
       4
       2
       3
       3
       0
       3
       4
       1
       3
       3
       1
       2
       4
       4
       1
       4
       4
       2
       2
       1
       1
       1
       0
       3
       4
       1
       1
       2
       1
       0
       0
       3
       1
       2
       1
       2
       2
       0
       0
       2
       2
       4
       1
       1
       3
       1
       1
       1
       2
       1
       1
       2
       0
       2
       4
       0
       4
       2
       6
       3
       7
       8
       4
       5
       6
       2
       2
       5
       5
       3
       4
       4
       2
       1
       0
       1
       2
       0
       1
       1
       1
       1
       2
       4
       2
       0
       0
       1
       2
       1
       0
       2
       1
       1
       2
       0
       1
       1
       2
       2
       1
       0
       2
       2
       0
       2
       3
       0
       0
       1
       3
       3
       3
       1
       1
       0
       0
       2
       1
       0
       4
       2
       0
       1
       3
       2
       1
       0
       2
       2
       1
       1
       0
       3
       1
       1
       1
       2
       1
       2
       1
       2
       4
       3
       1
       0
       1
       0
       1
       2
       2
       2
       1
       0
       3
       5
       3
       4
       2
       1
       1
       2
       1
       1
       2
       2
       0
       0
       0
       0
       2
       2
       1
       1
       2
       2
       2
       0
       1
       2
       1
       1
       0
       3
       1
       0
       2
       1
       0
       0
       2
       1
       2
       1
       2
       1
       0
       1
       1
       3
       0
       2
       2
       3
       3
       0
       1
       2
       0
       0
       0
       1
       1
       1
       2
       2
       1
       2
       1
       1
       1
       0
       3
       0
       0
       1
       0
       1
       2
       1
       0
       1
       1
       2
       4
       0
       1
       3
       1
       0
       1
       3
       0
       2
       1
       1
       1
       1
       0
       1
       1
       1
       1
       3
       1
       2
       3
       1
       1
       2
       2
       0
       0
       1
       1
       1
       3
       2
       0
       1
       2
       0
       4
       1
       1
       0
       1
       1
       0
       2
       1
       0
       2
       3
       6
       1
       1
       2
       0
       2
       0
       1
       2
       0
       2
       1
       1
       1
       1
       3
       1
       1
       0
       1
       0
       1
       1
       1
       2
       2
       2
       0
       1
       1
       2
       0
       2
       1
       0
       0
       2
       3
       1
       2
       0
       1
       1
       0
       0
       0
       1
       1
       1
       3
       2
       0
       2
       0
       0
       0
       1
       0
       0
       0
       1
       2
       0
       1
       3
       0
       3
       2
       0
       2
       0
       2
       2
       0
       1
       1
       3
       2
       1
       0
       2
       3
       3
       1
       1
       0
       0
       1
       1
       3
       0
       0
       1
       2
       0
       2
       1
       4
       0
       0
       0
       1
       1
       0
       0
       1
       1
       0
       0
       0
       0
       1
       0
       3
       0
       1
       3
       2
       0
       2
       2
       0
       1
       1
       1
       2
       1
       2
       2
       1
       1
       1
       1
       1
       0
       2
       0
       1
       0
       1
       0
       2
       2
       1
       0
       0
       1
       0
       0
       1
       0
       1
       3
       0
       1
       1
       0
       2
       1
       2
       1
       0
       0
       1
       0
       1
       0
       2
       0
       0
       2
       1
       0
       4
       0
       0
       1
       2
       0
       2
       0
       2
       1
       0
       2
       0
       0
       1
       3
       0
       3
       1
       0
       0
       2
       0
       1
       0
       0
       1
       1
       3
       1
       1
       0
       0
       0
       1
       2
       2
       0
       1
       1
       3
       1
       2
       0
       1
       1
       4
       1
       0
       1
       0
       0
       1
       0
       0
       0
       0
       0
       1
       1
       1
       1
       1
       0
       2
       0
       1
       1
       1
       1
       1
       0
       0
       0
       0
       2
       2
       0
       2
       0
       3
       1
       1
       0
       0
       1
       0
       1
       0
       3
       3
       2
       1
       2
       1
       1
       1
       0
       0
       1
       0
       1
       1
       2
       0
       1
       0
       0
       1
       2
       1
       1
       2
       1
       0
       0
       0
       0
       0
       1
       0
       2
       3
       2
       0
       0
       1
       1
       0
       1
       3
       0
       0
       1
       0
       0
       0
       0
       1
       1
       1
       1
       1
       1
       0
       0
       0
       2
       0
       0
       1
       0
       2
       2
       1
       2
       0
       1
       0
       0
       0
       1
       3
       0
       2
       1
       1
       0
       1
       0
       2
       0
       0
       2
       1
       0
       3
       3
       1
       0
       5
       3
       0
       0
       3
       0
       0
       1
       2
       1
       2
       0
       1
       1
       2
       0
       1
       0
       1
       0
       1
       0
       2
       1
       2
       2
       2
       0
       0
       0
       0
       2
       4
       1
       2
       1
       1
       2
       1
       2
       1
       3
       0
       0
       3
       0
       2
       2
       0
       2
       4
       1
       3
       1
       1
       1
       0
       1
       2
       0
       1
       2
       2
       0
       1
       1
       1
       0
       0
       0
       0
       1
       0
       0
       0
       3
       2
       2
       2
       1
       0
       0
       0
       2
       1
       3
       0
       3
       0
       0
       0
       0
       0
       1
       1
       1
       0
       1
       1
       0
       1
       0
       2
       0
       0
       0
       0
       0
       2
       0
       1
       0
       0
       2
       0
       3
       0
       0
       1
       0
       2
       1
       0
       1
       1
       1
       2
       1
       1
       1
       0
       0
       0
       0
       1
       1
       0
       3
       1
       0
       1
       0
       4
       1
       2
       1
       0
       0
       1
       0
       2
       0
       1
       1
       0
       0
       1
       0
       2
       0
       1
       2
       0
       0
       2
       1
       0
       0
       0
       0
       1
       1
       0
       0
       1
       0
       0
       1
       1
       1
       1
       0
       1
       0
       0
       0
       0
       1
       0
       0
       1
       1
       0
       2
       2
       1
       0
       1
       0
       1
       0
       1
       0
       2
       0
       0
       1
       1
       1
       1
       0
       0
       0
       0
       0
       3
       2
       2
       1
       0
       0
       1
       2
       1
       3
       0
       2
       0
       0
       0
       0
       2
       1
       0
       1
       0
       1
       0
       0
       0
       1
       1
       2
       0
       2
       1
       0
       2
       2
       0
       2
       0
       2
       0
       1
       2
       0
       0
       1
       0
       0
       0
       0
       0
       1
       0
       2
       1
       0
       0
       0
       0
       0
       0
       0
       1
       1
       0
       0
       1
       1
       1
       0
       2
       0
       2
       0
       2
       1
       1
       0
       0
       0
       2
       0
       0
       0
       1
       0
       1
       1
       2
       2
       2
       0
       0
       0
       0
       0
       1
       0
       1
       1
       1
       0
       1
       0
       0
       0
       0
       1
       0
       0
       2
       0
       3
       0
       0
       0
       2
       3
       2
       2
       3
       1
       2
       2
       0
       0
       0
       1
       0
       0
       1
       1
       1
       0
       0
       0
       0
       1
       2
       2
       0
       1
       0
       0
       0
       0
       0
       2
       0
       0
       0
       0
       0
       0
       1
       0
       0
       0
       0
       0
       0
       0
       2
       0
       0
       0
       0
       1
       0
       0
       1
       0
       0
       0
       0
       0
       0
       0
       0
       1
       0
       1
       1
       1
       1
       0
       0
       1
       1
       0
       0
       0
       0
       0
       1
       2
       0
       0
       0
       1
       0
       1
       0
       1
       0
       1
       1
       0
       1
       1
       1
       1
       1
       1
       0
       2
       2
       1
       1
       8
       5
       4
       3
       4
       4
       3
       3
       1
       1
       0
       1
       1
       1
       0
       2
       0
       0
       0
       2
       1
       2
       3
       1
       2
       2
       1
       2
       0
       0
       0
       0
       0
       0
       0
       0
       1
       2
       0
       1
       2
       0
       0
       0
       0
       0
       0
       0
       1
       0
       0
       2
       0
       1
       0
       2
       1
       0
       0
       0
       1
       2
       0
       0
       0
       1
       1
       3
       0
       0
       0
       0
       0
       0
       0
       0
       0
       0
       1
       0
       0
       0
       0
       1
       0
       1
       2
       1
       0
       1
       0
       1
       2
       0
       0
       0
       0
       1
       0
       0
       1
       0
       1
       0
       0
       0
       0
       0
       0
       0
       1
       0
       0
       0
       0
       1
       0
       0
       0
       1
       2
       0
       0
       1
       0
       1
       2
       1
       0
       0
       0
       0
       0
       4
       1
       0
       0
       1
       0
       1
       0
       1
       1
       0
       2
       2
       0
       1
       0
       0
       0
       1
       1
       0
       0
       2
       0
       1
       2
       2
       1
       0
       0
       0
       1
       2
       0
       0
       1
       0
       0
       2
       0
       1
       0
       0
       0
       0
       1
       0
       1
       1
       0
       0
       0
       0
       2
       0
       0
       1
       1
       1
       1
       1
       0
       1
       1
       4
       0
       0
       0
       0
       1
       1
       0
       0
       2
       0
       1
       2
       0
       2
       0
       0
       1
       0
       0
       2
       0
       2
       1
       1
       1
       1
       0
       0
       0
       0
       0
       0
       1
       0
       0
       1
       0
       0
       0
       0
       0
       0
       0
       4
       0
       0
       0
       0
       2
       1
       0
       0
       0
       0
       2
       4
       1
       0
       0
       0
       0
       3
       2
       2
       1
       1
       0
       0
       1
       1
       0
       2
       0
       0
       1
       0
       0
       0
       0
       2
       0
       1
       1
       2
       0
       1
       0
       0
       0
       0
       0
       0
       0
       0
       0
       0
       0
       0
       1
       1
       2
       0
       1
       0
       0
       1
       0
       0
       2
       0
       0
       0
       0
       1
       2
       1
       1
       0
       1
       0
       0
       2
       1
       1
       1
       0
       1
       0
       0
       0
       0
       1
       4
       1
       0
       1
       0
       0
       0
       1
       0
       0
       3
       0
       0
       0
       0
       0
       0
       1
       0
       0
       1
       0
       0
       1
       0
       0
       1
       0
       0
       1
       2
       1
       1
       0
       0
       0
       0
       1
       0
       3
       0
       1
       1
       1
       2
       1
       0
       0
       0
       0
       0
       1
       2
       0
       0
       0
       0
       1
       0
       0
       1
       0
       0
       1
       3
       1
       0
       0
       0
       0
       0
       0
       0
       1
       0
       1
       0
       0
       1
       0
       0
       0
       0
       1
       1
       1
       1
       0
       0
       0
       1
       0
       0
       1
       0
       0
       1
       0
       0
       0
       0
       0
       0
       0
       0
       0
       1
       0
       0
       0
       0
       0
       1
       0
       0
       0
       1
       0
       1
       0
       0
       1
       3
       0
       0
       0
       0
       0
       0
       1
       2
       2
       1
       0
       0
       1
       0
       0
       1
       0
       0
       0
       0
       0
       0
       1
       1
       0
       0
       0
       0
       0
       1
       1
       0
       0
       2
       0
       0
       1
       0
       0
       1
       0
       0
       0
       0
       2
       0
       0
       1
       0
       0
       1
       1
       2
       1
       0
       1
       1
       0
       0
       0
       0
       1
       1
       1
       0
       0
       0
       0
       0
       0
       0
       1
       0
       0
       0
       1
       1
       1
       0
       1
       0
       0
       2
       0
       1
       0
       0
       0
       1
       0
       0
       1
       0
       0
       0
       0
       0
       0
       2
       1
       1
       0
       0
       0
       0
       0
       0
       0
       2
       0
       0
       1
       1
       0
       0
       0
       0
       0
       1
       0
       1
       1
       1
       0
       0
       0
       0
       0
       1
       2
       0
       1
       0
       0
       0
       1
       0
       0
       1
       0
       0
       0
       0
       0
       0
       0
       0
       0
       2
       0
       2
       1
       0
       0
       1
       1
       1
       1
       0
       1
       0
       1
       0
       0
       0
       0
       0
       0
       1
       1
       1
       0
       2
       1
       1
       1
       0
       1
       0
       0
       2
       1
       0
       2
       0
       0
       0
       1
       2
       1
       0
       0
       0
       0
       1
       0
       2
       1
       1
       0
       0
       0
       0
       0
       1
       1
       0
       0
       0
       0
       1
       0
       0
       0
       0
       0
       0
       0
       0
       0
       0
       1
       0
       0
       1
       1
       1
       0
       0
       0
       0
       1
       1
       0
       0
       0
       1
       0
       1
       0
       0
       0
       0
       0
       2
       1
       0
       0
       0
       1
       0
       0
       1
       1
       0
       0
       2
       1
       0
       0
       0
       0
       0
       0
       0
       1
       1
       0
       0
       0
       0
       1
       0
       0
       0
       0
       1
       1
       1
       0
       0
       1
       1
       1
       1
       2
       2
       0
       0
       0
       0
       0
       0
       1
       1
       0
       0
       0
       0
       2
       1
       0
       1
       0
       0
       2
       0
       0
       0
       1
       0
       1
       1
       0
       2
       0
       0
       1
       0
       1
       0
       0
       0
       0
       0
       0
       1
       0
       1
       0
       2
       0
       1
       0
       1
       1
       0
       0
       0
       1
       0
       0
       1
       0
       1
       1
       0
       1
       0
       0
       0
       0
       0
       1
       0
       0
       0
       0
       0
       0
       0
       0
       0
       0
       0
       2
       0
       0
       1
       0
       1
       0
       0
       0
       2
       0
       0
       0
       1
       2
       1
       1
       1
       1
       0
       0
       2
       0
       1
       0
       0
       0
       0
       2
       0
       1
       0
       0
       4
       0
       0
       1
       1
       0
       0
       0
       0
       0
       2
       0
       2
       0
       0
       1
       0
       0
       0
       0
       0
       0
       0
       0
       1
       1
       0
       0
       0
       0
       1
       0
       0
       1
       1
       0
       0
       0
       1
       0
       0
       1
       0
       0
       0
       0
       0
       0
       0
       1
       0
       0
       0
       0
       0
       0
       1
       3
       0
       0
       1
       0
       1
       0
       0
       1
       0
       0
       0
       1
       0
       1
       0
       0
       0
       0
       0
       0
       0
       1
       0
       1
       0
       0
       0
       1
       0
       0
       0
       0
       0
       0
       2
       0
       3
       0
       1
       0
       0
       1
       0
       2
       0
       0
       0
       0
       0
       0
       0
       0
       0
       0
       0
       0
       0
       0
       0
       0
       0
       1
       1
       0
       1
       1
       0
       0
       2
       0
       1
       0
       0
       0
       1
       0
       0
       0
       1
       0
       0
       0
       1
       0
       0
       0
       0
       0
       0
       0
       1
       1
       0
       0
       0
       0
       0
       0
       1
       1
       0
       0
       1
       1
       0
       1
       0
       1
       1
       1
       0
       0
       0
       0
       1
       1
       0
       0
       0
       0
       1
       1
       0
       0
       1
       1
       0
       0
       1
       0
       0
       0
       0
       0
       0
       0
       1
       0
       0
       0
       0
       1
       0
       0
       0
       0
       0
       0
       1
       0
       0
       0
       0
       0
       0
       0
       0
       2
       0
       0
       0
       0
       0
       0
       1
       0
       0
       1
       0
       0
       0
       1
       0
       0
       0
       0
       0
       0
       0
       0
       0
       1
       0
       0
       0
       0
       1
       0
       1
       0
       0
       0
       0
       0
       1
       1
       0
       0
       0
       1
       1
       0
       0
       0
       0
       0
       1
       1
       1
       0
       0
       1
       0
       0
       0
       0
       0
       1
       1
       0
       0
       1
       0
       0
       1
       1
       1
       0
       0
       0
       1
       0
       0
       0
       0
       0
       1
       0
       0
       0
       1
       0
       0
       0
       0
       0
       1
       0
       0
       1
       0
       1
       0
       0
       0
       0
       0
       0
       1
       0
       0
       0
       0
       0
       0
       0
       0
       0
       4
       0
       0
       1
       4
       2
       0
       2
       1
       2
       4
       1
       1
       1
       0
       0
       0
       1
       2
       1
       0
       1
       0
       0
       0
       1
       0
       0
       0
       1
       0
       0
       1
       0
       0
       0
       1
       1
       1
       0
       0
       0
       2
       0
       0
       0
       0
       0
       0
       1
       1
       0
       0
       0
       0
       0
       0
       0
       1
       0
       0
       0
       0
       1
       0
       1
       1
       0
       0
       0
       0
       0
       0
       0
       0
       0
       0
       0
       0
       0
       0
       0
       0
       0
       1
       1
       1
       1
       0
       1
       0
       0
       0
       1
       1
       1
       0
       0
       2
       0
       0
       0
       0
       1
       0
       0
       0
       1
       1
       1
       1
       0
       0
       0
       2
       1
       0
       1
       0
       0
       0
       0
       0
       1
       1
       0
       0
       0
       0
       1
       1
       0
       0
       1
       2
       0
       0
       0
       0
       0
       1
       0
       1
       0
       0
       0
       0
       0
       0
       0
       0
       1
       0
       1
       1
       2
       0
       2
       0
       0
       0
       1
       0
       0
       1
       0
       0
       0
       0
       0
       2
       0
       0
       0
       0
       0
       0
       0
       1
       3
       0
       0
       0
       0
       0
       1
       0
       0
       1
       0
       0
       0
       0
       0
       1
       2
       0
       0
       1
       0
       0
       0
       0
       0
       0
       0
       0
       1
       1
       0
       0
       2
       0
       0
       1
       1
       2
       0
       0
       0
       1
       0
       0
       0
       0
       0
       0
       1
       1
       0
       1
       0
       2
       0
       0
       1
       0
       0
       0
       0
       1
       0
       0
       0
       0
       0
       0
       0
       0
       0
       0
       0
       0
       0
       1
       0
       1
       0
       0
       0
       0
       1
       0
       0
       0
       0
       0
       0
       0
       0
       1
       0
       0
       0
       0
       1
       0
       1
       0
       0
       0
       0
       1
       0
       0
       0
       0
       0
       0
       0
       1
       0
       0
       0
       0
       1
       0
       0
       0
       0
       0
       1
       1
       0
       1
       1
       0
       0
       0
       0
       0
       0
       1
       0
       0
       2
       0
       0
       1
       0
       0
       0
       0
       0
       0
       0
       0
       0
       0
       0
       2
       0
       0
       0
       0
       0
       0
       0
       0
       0
       0
       1
       0
       0
       0
       0
       0
       0
       0
       1
       0
       0
       1
       0
       0
       1
       0
       0
       1
       0
       0
       0
       1
       0
       0
       1
       0
       0
       1
       0
       0
       1
       0
       0
       0
       0
       0
       0
       0
       0
       1
       0
       0
       1
       0
       0
       0
       1
       0
       0
       0
       0
       1
       1
       0
       0
       0
       1
       0
       0
       1
       0
       0
       0
       0
       0
       0
       0
       1
       0
       0
       0
       0
       0
       0
       0
       0
       0
       0
       1
       0
       0
       0
       0
       1
       0
       0
       0
       0
       0
       1
       0
       0
       0
       0
       0
       0
       0
       0
       0
       1
       0
       1
       0
       0
       1
       0
       2
       1
       0
       0
       0
       0
       0
       0
       0
       0
       0
       0
       0
       0
       0
       0
       0
       0
       1
       1
       0
       0
       0
       0
       0
       0
       1
       2
       1
       0
       0
       0
       0
       0
       0
       0
       0
       0
       0
       0
       0
       1
       1
       0
       0
       0
       0
       0
       0
       0
       0
       0
       1
       1
       1
       0
       0
       0
       0
       0
       0
       0
       0
       0
       0
       1
       1
       1
       0
       0
       2
       0
       0
       0
       0
       0
       0
       0
       0
       1
       0
       0
       0
       0
       0
       0
       1
       0
       1
       2
       0
       0
       0
       0
       1
       0
       0
       0
       0
       0
       0
       0
       0
       0
       0
       1
       1
       1
       0
       0
       1
       0
       1
       0
       0
       0
       0
       1
       0
       1
       0
       0
       0
       0
       2
       1
       0
       0
       0
       0
       0
       0
       0
       0
       0
       0
       0
       0
       0
       0
       0
       0
       0
       0
       0
       0
       0
       1
       0
       1
       0
       0
       1
       1
       0
       0
       1
       0
       0
       0
       0
       1
       0
       0
       0
       1
       0
       0
       0
       0
       0
       0
       0
       0
       2
       1
       0
       0
       0
       0
       0
       0
       0
       0
       0
       0
       0
       0
       1
       2
       1
       0
       0
       0
       0
       0
       0
       1
       0
       0
       0
       0
       1
       1
       1
       0
       0
       0
       1
       0
       1
       0
       0
       2
       0
       0
       0
       0
       1
       0
       0
       0
       1
       0
       0
       0
       0
       0
       0
       1
       0
       0
       1
       0
       1
       0
       0
       1
       0
       0
       1
       1
       1
       0
       0
       0
       0
       0
       0
       0
       0
       0
       0
       0
       0
       1
       1
       0
       1
       1
       0
       0
       0
       0
       0
       0
       0
       0
       0
       0
       1
       0
       0
       1
       0
       0
       0
       0
       0
       0
       0
       0
       0
       0
       1
       0
       0
       0
       0
       0
       0
       1
       0
       0
       0
       0
       0
       0
       0
       2
       0
       0
       0
       0
       0
       0
       0
       2
       0
       0
       1
       0
       0
       0
       0
       0
       2
       0
       1
       0
       0
       0
       1
       0
       0
       1
       0
       1
       0
       0
       0
       0
       0
       0
       0
       0
       1
       0
       1
       0
       0
       0
       0
       0
       0
       0
       0
       0
       0
       0
       0
       0
       0
       1
       0
       1
       0
       1
       0
       0
       0
       1
       0
       0
       1
       0
       0
       0
       0
       1
       0
       0
       0
       0
       0
       1
       0
       1
       0
       1
       2
       1
       1
       0
       1
       2
       2
       0
       2
       1
       1
       0
       0
       0
       0
       0
       0
       0
       1
       1
       2
       0
       0
       0
       1
       0
       0
       0
       0
       0
       1
       0
       1
       0
       0
       0
       1
       0
       0
       0
       0
       0
       0
       0
       0
       0
       0
       1
       0
       0
       0
       1
       0
       0
       0
       0
       0
       0
       1
       0
       1
       0
       0
       0
       0
       0
       0
       0
       1
       0
       0
       0
       0
       0
       1
       0
       0
       0
       0
       3
       0
       0
       0
       0
       0
       0
       0
       0
       0
       1
       1
       0
       0
       0
       1
       0
       1
       0
       0
       0
       0
       0
       0
       0
       0
       1
       0
       0
       1
       0
       1
       0
       0
       0
       0
       0
       0
       0
       0
       0
       0
       2
       0
       0
       3
       3
       1
       0
       0
       1
       0
       0
       0
       0
       0
       0
       2
       0
       1
       0
       0
       0
       0
       1
       0
       1
       0
       0
       0
       0
       0
       0
       1
       0
       0
       1
       0
       1
       0
       0
       0
       1
       0
       0
       0
       0
       0
       0
       0
       1
       0
       0
       0
       0
       0
       0
       1
       1
       0
       0
       0
       0
       0
       0
       0
       0
       0
       0
       2
       0
       0
       0
       0
       0
       0
       0
       0
       0
       0
       0
       0
       1
       1
       0
       0
       0
       1
       1
       0
       0
       0
       0
       0
       0
       0
       0
       1
       0
       0
       0
       2
       0
       0
       0
       0
       0
       0
       0
       1
       1
       1
       0
       0
       0
       0
       0
       0
       0
       0
       0
       2
       0
       0
       0
       0
       0
       1
       1
       0
       0
       0
       0
       1
       0
       0
       0
       0
       0
       0
       0
       0
       0
       1
       0
       0
       0
       0
       0
       1
       1
       0
       0
       0
       1
       1
       0
       1
       0
       0
       0
       0
       0
       0
       0
       0
       1
       0
       1
       1
       0
       1
       2
       0
       2
       0
       1
       1
       1
       0
       0
       0
       0
       0
       0
       0
       0
       0
       0
       0
       1
       0
       0
       0
       2
       0
       0
       0
       0
       0
       0
       0
       0
       0
       0
       0
       0
       1
       1
       0
       0
       0
       1
       0
       1
       1
       1
       0
       0
       1
       0
       0
       2
       0
       0
       0
       1
       1
       0
       0
       1
       2
       0
       0
       1
       0
       1
       0
       0
       0
       0
       0
       1
       0
       0
       0
       0
       2
       0
       0
       0
       0
       0
       0
       0
       0
       0
       1
       0
       0
       1
       1
       0
       0
       0
       1
       0
       0
       0
       0
       0
       0
       0
       0
       0
       0
       0
       0
       1
       0
       0
       0
       0
       0
       0
       1
       0
       1
       0
       0
       2
       1
       0
       0
       0
       0
       0
       0
       2
       0
       2
       0
       0
       0
       1
       1
       0
       1
       0
       1
       0
       0
       0
       1
       0
       0
       0
       0
       0
       0
       0
       0
       1
       0
       1
       0
       0
       0
       0
       0
       0
       0
       0
       2
       1
       0
       0
       0
       0
       1
       0
       0
       0
       1
       1
       1
       0
       1
       1
       0
       0
       0
       1
       2
       0
       0
       0
       0
       0
       1
       0
       0
       1
       0
       0
       0
       0
       0
       1
       0
       0
       0
       0
       0
       1
       0
       1
       0
       0
       0
       0
       0
       1
       1
       0
       0
       0
       0
       1
       0
       0
       1
       1
       0
       0
       1
       0
       0
       0
       0
       0
       0
       1
       1
       0
       0
       0
       0
       0
       0
       0
       0
       0
       0
       0
       0
       0
       0
       0
       2
       1
       0
       0
       0
       1
       1
       0
       1
       2
       1
       0
       0
       0
       0
       0
       0
       0
       1
       1
       1
       0
       0
       0
       0
       0
       0
       0
       0
       1
       0
       0
       1
       0
       0
       0
       0
       0
       0
       0
       1
       0
       1
       0
       0
       1
       0
       0
       0
       0
       0
       0
       0
       0
       0
       1
       0
       0
       0
       0
       1
       0
       0
       0
       0
       0
       0
       0
       0
       0
       0
       0
       0
       0
       1
       0
       0
       0
       0
       1
       0
       1
       0
       1
       1
       0
       0
       0
       0
       1
       1
       1
       0
       0
       0
       0
       1
       0
       0
       1
       0
       0
       1
       0
       0
       0
       0
       1
       0
       0
       0
       0
       1
       0
       0
       0
       0
       0
       1
       0
       0
       0
       0
       0
       0
       0
       0
       0
       0
       0
       0
       0
       0
       0
       0
       0
       0
       0
       0
       0
       0
       0
       0
       0
       0
       0
       0
       0
       0
       0
       1
       0
       0
       0
       0
       0
       0
       1
       0
       0
       0
       0
       0
       0
       0
       0
       1
       0
       0
       0
       0
       0
       0
       0
       0
       1
       0
       0
       0
       0
       1
       0
       0
       0
       2
       0
       0
       0
       0
       1
       0
       0
       0
       0
       0
       1
       0
       0
       1
       0
       0
       0
       0
       0
       0
       0
       0
       0
       2
       1
       0
       1
       0
       1
       0
       0
       0
       0
       0
       0
       0
       0
       1
       0
       0
       0
       0
       0
       0
       0
       0
       0
       1
       0
       0
       0
       0
       0
       0
       0
       0
       0
       0
       0
       0
       0
       0
       0
       0
       1
       0
       0
       0
       0
       0
       0
       0
       0
       1
       0
       0
       0
       1
       0
       0
       0
       0
       0
       2
       0
       0
       0
       0
       0
       0
       0
       0
       0
       0
       0
       1
       0
       0
       0
       0
       0
       1
       0
       0
       0
       0
       0
       0
       0
       0
       0
       1
       0
       1
       0
       0
       0
       0
       0
       0
       0
       0
       0
       0
       0
       0
       0
       0
       0
       0
       1
       0
       1
       0
       0
       0
       0
       0
       0
       0
       0
       1
       0
       1
       0
       0
       0
       0
       0
       0
       0
       0
       0
       1
       0
       0
       0
       0
       0
       0
       0
       0
       1
       1
       0
       0
       0
       0
       0
       1
       0
       0
       0
       0
       0
       0
       0
       0
       0
       0
       0
       0
       0
       0
       0
       0
       0
       0
       0
       0
       0
       0
       2
       0
       0
       0
       0
       0
       0
       0
       1
       0
       0
       0
       0
       0
       0
       0
       0
       0
       0
       0
       0
       0
       0
       1
       0
       0
       0
       0
       0
       0
       0
       0
       0
       0
       0
       0
       0
       0
       0
       0
       1
       1
       1
       0
       0
       1
       1
       0
       0
       0
       0
       0
       0
       0
       1
       0
       0
       1
       0
       0
       0
       0
       0
       0
       0
       1
       0
       0
       0
       0
       0
       0
       0
       0
       0
       0
       0
       0
       0
       2
       2
       0
       0
       0
       1
       0
       0
       0
       0
       1
       0
       0
       0
       1
       0
       0
       0
       0
       0
       0
       0
       0
       0
       1
       0
       0
       0
       0
       0
       0
       0
       2
       0
       0
       0
       0
       0
       0
       1
       0
       0
       0
       1
       0
       1
       1
       1
       0
       0
       2
       0
       0
       0
       0
       0
       0
       1
       0
       0
       0
       1
       0
       0
       0
       0
       0
       0
       0
       1
       0
       0
       0
       0
       0
       1
       0
       0
       0
       0
       0
       0
       0
       0
       0
       0
       0
       0
       0
       0
       0
       1
       0
       0
       2
       0
       0
       0
       0
       0
       0
       0
       0
       1
       0
       0
       0
       1
       0
       0
       0
       0
       0
       0
       0
       0
       0
       0
       0
       0
       0
       0
       1
       0
       0
       0
       0
       0
       0
       0
       0
       0
       0
       0
       0
       0
       0
       0
       0
       2
       1
       0
       0
       0
       1
       0
       0
       0
       0
       0
       0
       0
       1
       0
       0
       0
       0
       0
       0
       0
       0
       0
       0
       0
       0
       0
       0
       0
       0
       1
       0
       0
       1
       1
       0
       0
       0
       0
       2
       0
       0
       0
       0
       0
       0
       0
       0
       1
       0
       0
       0
       0
       1
       0
       0
       0
       0
       0
       0
       0
       1
       0
       0
       0
       0
       0
       0
       0
       0
       0
       0
       0
       0
       0
       0
       0
       0
       0
       0
       1
       1
       1
       0
       0
       0
       0
       0
       0
       0
       0
       1
       0
       0
       0
       0
       0
       1
       0
       0
       0
       0
       0
       0
       0
       1
       0
       0
       0
       0
       1
       0
       0
       0
       0
       0
       0
       0
       0
       0
       0
       0
       0
       0
       0
       0
       0
       0
       0
       0
       0
       0
       0
       0
       0
       0
       0
       0
       0
       0
       0
       0
       0
       0
       0
       0
       0
       0
       0
       0
       0
       0
       0
       0
       0
       0
       0
       0
       0
       0
       1
       0
       0
       0
       0
       0
       0
       0
       0
       0
       0
       0
       0
       0
       0
       0
       1
       0
       0
       1
       0
       0
       0
       0
       0
       0
       0
       0
       0
       1
       1
       2
       0
       1
       0
       0
       3
       4
       4
       6
       8
      12
      14
      10
       8
       9
       6
       7
       2
       5
       2
       4
       3
       0
       1
       0
       0
       1
       1
       0
       0
       0
       0
       0
       0
       0
       0
       0
       0
       0
       0
       0
       0
       0
       0
       0
       0
       0
       0
       0
       0
       0
       0
       0
       0
       0
       0
       0
       0
       0
       0
       0
       0
       0
       0
       0
       0
       0
       0
       0
       0
       0
       1
       0
       0
       1
       0
       0
       0
       0
       0
       0
       0
       0
       0
       0
       0
       0
       0
       0
       0
       0
       0
       0
       0
       0
       0
       0
       0
       0
       0
       0
       0
       0
       1
       0
       0
       0
       0
       0
       0
       1
       0
       0
       0
       0
       0
       0
       0
       0
       0
       0
       0
       0
       0
       0
       0
       0
       0
       0
       0
       0
       0
       0
       0
       0
       0
       0
       0
       0
       0
       0
       0
       0
       0
       0
       0
       0
       0
       0
       0
       0
       0
       0
       0
       0
       0
       0
       0
       0
       0
       1
       0
       0
       0
       0
       0
       0
       0
       0
       0
       0
       0
       0
       1
       0
       0
       0
       0
       0
       1
       0
       0
       0
       0
       0
       0
       0
       0
       0
       0
       0
       0
       0
       0
       0
       0
       0
       0
       0
       0
       0
       1
       0
       0
       1
       0
       0
       0
       0
       0
       0
       0
       0
       0
       0
       0
       0
       0
       0
       0
       0
       0
       0
       0
       0
       0
       0
       0
       0
       0
       0
       0
       0
       0
       0
       0
       1
       0
       0
       0
       0
       0
       0
       0
       1
       0
       0
       0
       0
       1
       0
       0
       0
       0
       0
       0
       0
       0
       0
       0
       0
       1
       0
       0
       0
       0
       0
       0
       0
       0
       0
       0
       0
       0
       0
       0
       0
       0
       0
       0
       0
       0
       0
       0
       0
       0
       1
       0
       0
       0
       0
       0
       0
       0
       0
       0
       0
       0
       0
       0
       0
       0
       0
       0
       0
       0
       0
       0
       0
       0
       0
       0
       0
       0
       1
       0
       0
       0
       0
       0
       0
       0
       0
       0
       0
       0
       0
       0
       0
       0
       1
       0
       0
       1
       0
       0
       0
       0
       0
       0
       0
       0
       0
       0
       0
       0
       1
       0
       0
       0
       0
       0
       0
       0
       0
       1
       0
       0
       0
       0
       0
       0
       0
       0
       0
       0
       0
       0
       0
       1
       0
       0
       0
       0
       0
       0
       0
       0
       0
       0
       0
       0
       0
       1
       0
       1
       0
       0
       0
       0
       0
       0
       0
       0
       0
       0
       0
       0
       0
       1
       0
       0
       0
       0
       0
       0
       0
       0
       0
       0
       0
       0
       0
       0
       0
       0
       0
       0
       0
       0
       0
       0
       0
       0
       0
       0
       0
       0
       0
       0
       0
       0
       0
       0
       0
       0
       0
       0
       0
       0
       0
       0
       0
       0
       0
       0
       0
       0
       0
       0
       0
       0
       0
       0
       0
       0
       0
       0
       0
       0
       0
       0
       0
       0
       0
       0
       0
       0
       0
       1
       1
       0
       0
       0
       0
       0
       0
       0
       0
       0
       1
       0
       0
       0
       0
       0
       0
       0
       0
       0
       1
       0
       0
       0
       0
       0
       0
       0
       0
       0
       0
       0
       0
       0
       0
       0
       0
       0
       0
       0
       1
       0
       0
       0
       1
       0
       0
       0
       1
       0
       0
       0
       0
       0
       0
       0
       0
       0
       0
       0
       0
       0
       0
       0
       0
       0
       0
       0
       0
       0
       0
       0
       0
       0
       0
       0
       0
       0
       0
       0
       0
       0
       0
       0
       0
       0
       0
       0
       0
       0
       0
       0
       0
       0
       0
       0
       0
       0
       0
       0
       0
       0
       0
       0
       0
       0
       0
       0
       0
       0
       0
       0
       0
       0
       0
       0
       0
       0
       0
       0
       0
       1
       0
       1
       0
       0
       0
       0
       0
       0
       0
       0
       1
       0
       0
       0
       0
       0
       0
       0
       0
       0
       0
       0
       0
       0
       0
       0
       0
       0
       1
       0
       0
       0
       0
       0
       0
       0
       0
       1
       0
       0
       0
       0
       0
       0
       0
       0
       0
       0
       0
       1
       0
       0
       0
       0
       0
       0
       0
       0
       0
       0
       0
       1
       0
       0
       1
       0
       0
       0
       0
       0
       0
       0
       1
       0
       0
       0
       0
       0
       0
       0
       0
       0
       0
       1
       0
       0
       0
       0
       0
       0
       0
       0
       0
       0
       0
       0
       0
       0
       0
       0
       0
       0
       0
       0
       0
       0
       0
       0
       0
       0
       0
       0
       0
       0
       0
       0
       1
       0
       0
       0
       0
       0
       0
       0
       0
       0
       0
       0
       0
       0
       0
       0
       0
       0
       0
       0
       0
       0
       1
       0
       0
       0
       0
       0
       0
       0
       0
       0
       0
       0
       0
       0
       0
       0
       0
       0
       0
       0
       0
       0
       0
       0
       0
       0
       0
       0
       0
       0
       0
       0
       0
       0
       0
       0
       0
       0
       0
       0
       0
       0
       0
       0
       0
       0
       0
       0
       0
       0
       0
       0
       0
       0
       0
       0
       0
       0
       0
       0
       0
       0
       1
       0
       0
       1
       0
       0
       0
       0
       1
       0
       0
       0
       0
       0
       0
       0
       0
       0
       0
       0
       0
       0
       0
       0
       0
       0
       0
       0
       0
       0
       0
       0
       0
       0
       0
       0
       0
       0
       0
       0
       0
       0
       0
       0
       0
       0
       0
       0
       0
       0
       0
       0
       0
       0
       0
       0
       0
       0
       0
       0
       0
       0
       0
       0
       0
       0
       0
       0
       0
       0
       0
       0
       0
       0
       0
       0
       0
       0
       0
       0
       0
       0
       0
       0
       0
       0
       0
       0
       0
       0
       0
       0
       0
       0
       0
       0
       0
       0
       0
       0
       0
       0
       0
       0
       0
       0
       0
       0
       0
       0
       0
       0
       0
       0
       0
       0
       0
       0
       0
       0
       0
       0
       0
       0
       0
       0
       0
       0
       0
       0
       0
       0
       0
       0
       0
       0
       0
       0
       0
       0
       0
       0
       0
       0
       0
       0
       0
       0
       0
       0
       0
       0
       0
       0
       0
       0
       0
       0
       1
       0
       0
       0
       0
       0
       0
       0
       0
       0
       0
       0
       0
       0
       0
       0
       0
       0
       0
       0
       0
       0
       0
       0
       0
       0
       0
       0
       0
       0
       0
       0
       0
       0
       0
       1
       0
       0
       0
       0
       0
       0
       0
       0
       0
       0
       0
       0
       0
       0
       0
       0
       0
       0
       0
       0
       0
       0
       0
       0
       0
       0
       0
       0
       0
       0
       0
       0
       0
       0
       0
       0
       0
       0
       0
       0
       0
       0
       0
       0
       0
       0
       0
       0
       0
       0
       0
       0
       0
       0
       0
       0
       0
       0
       0
       0
       0
       0
       0
       0
       0
       0
       0
       0
       0
       0
       0
       0
       0
       0
       0
       0
       0
       0
       0
       0
       0
       0
       0
       1
       0
       0
       0
       0
       0
       0
       0
       0
       0
       0
       0
       0
       0
       0
       0
       0
       0
       0
       0
       0
       0
       1
       0
       0
       0
       0
       0
       0
       0
       0
       0
       0
       0
       0
       0
       0
       0
       1
       0
       0
       0
       0
       0
       0
       0
       0
       0
       0
       0
       0
       0
       0
       0
       0
       0
       0
       0
       0
       0
       0
       0
       0
       0
       0
       0
       0
       0
       0
       0
       0
       0
       1
       1
       0
       0
       0
       0
       0
       0
       0
       0
       0
       0
       0
       0
       0
       0
       0
       0
       0
       0
       0
       0
       0
       0
       0
       0
       0
       0
       0
       0
       0
       0
       0
       0
       0
       0
       0
       0
       0
       0
       0
       0
       0
       0
       0
       0
       0
       0
       1
       0
       0
       0
       0
       0
       0
       0
       0
       0
       0
       1
       0
       1
       0
       2
       0
       1
       1
       0
       0
       0
       0
       0
       0
       0
       0
       0
       0
       0
       0
       0
       0
       0
       0
       0
       0
       0
       0
       0
       0
       0
       0
       0
       0
       0
       0
       0
       0
       0
       0
       0
       0
       0
       0
       0
       0
       0
       0
       0
       0
       0
       0
       0
       0
       0
       0
       0
       0
       1
       0
       0
       0
       0
       0
       0
       0
       0
       0
       0
       0
       0
       0
       0
       0
       0
       0
       0
       0
       0
       0
       0
       0
       0
       0
       0
       0
       0
       0
       0
       0
       0
       0
       0
       0
       0
       0
       0
       0
       0
       0
       0
       0
       0
       0
       0
       0
       0
       0
       0
       0
       1
       0
       0
       0
       0
       0
       0
       0
       0
       0
       0
       0
       0
       0
       1
       1
       0
       0
       0
       0
       0
       0
       0
       0
       0
       0
       0
       0
       0
       0
       0
       0
       0
       0
       0
       0
       0
       0
       0
       0
       0
       0
       0
       0
       0
       0
       0
       0
       0
       0
       0
       0
       0
       0
       0
       0
       0
       0
       0
       0
       0
       0
       0
       0
       0
       0
       0
       0
       0
       0
       0
       0
       0
       0
       0
       0
       0
       0
       0
       0
       0
       0
       0
       0
       0
       0
       0
       0
       0
       0
       0
       0
       0
       0
       0
       0
       0
       0
       1
       0
       0
       0
       0
       0
       0
       0
       0
       0
       0
       0
       0
       0
       0
       0
       0
       0
       0
       0
       0
       0
       0
       0
       0
       0
       0
       0
       0
       0
       0
       0
       0
       0
       0
       0
       0
       0
       0
       0
       0
       0
       0
       0
       0
       0
       0
       0
       0
       0
       0
       0
       0
       0
       0
       0
       0
       0
       0
       0
       0
       0
       0
       0
       0
       0
       0
       0
       0
       0
       0
       0
       0
       0
       0
       0
       0
       0
       0
       0
       0
       0
       0
       0
       0
       1
       0
       0
       0
       0
       0
       0
       0
       0
       0
       0
       0
       0
       0
       0
       0
       0
       0
       0
       0
       0
       0
       0
       0
       0
       0
       0
       0
       0
       1
       0
       0
       0
       0
       0
       0
       0
       0
       0
       0
       0
       0
       0
       0
       0
       0
       0
       0
       0
       0
       0
       0
       0
       0
       0
       1
       0
       0
       0
       0
       0
       0
       0
       0
       0
       0
       0
       0
       0
       0
       0
       0
       0
       0
       0
       0
       0
       0
       0
       0
       0
       0
       0
       0
       0
       0
       0
       0
       0
       0
       0
       0
       0
       0
       0
       0
       0
       0
       0
       0
       0
       0
       0
       0
       0
       0
       0
       0
       0
       0
       0
       0
       0
       0
       0
       0
       0
       0
       0
       0
       0
       0
       0
       0
       0
       0
       0
       0
       0
       0
       0
       0
       0
       0
       0
       0
       0
       0
       1
       0
       0
       0
       0
       0
       0
       0
       1
       0
       0
       0
       0
       0
       0
       0
       0
       0
       0
       0
       0
       0
       0
       0
       0
       0
       0
       0
       1
       0
       0
       0
       0
       0
       0
       0
       0
       0
       0
       0
       0
       0
       0
       0
       0
       0
       0
       0
       0
       0
       0
       0
       0
       0
       0
       0
       0
       0
       0
       0
       0
       0
       0
       0
       0
       0
       0
       0
       0
       0
       0
       0
       0
       0
       0
       0
       0
       0
       0
       0
       0
       0
       0
       0
       0
       0
       0
       0
       0
       0
       0
       0
       1
       0
       0
       0
       0
       0
       0
       0
       0
       0
       0
       0
       0
       0
       0
       0
       0
       0
       0
       0
       1
       1
       0
       0
       0
       0
       0
       0
       0
       0
       0
       0
       0
       0
       0
       0
       0
       0
       1
       0
       0
       0
       0
       0
       0
       0
       0
       0
       0
       0
       0
       0
       0
       0
       0
       0
       0
       0
       0
       0
       0
       0
       0
       0
       0
       0
       0
       1
       0
       0
       0
       0
       0
       0
       0
       0
       0
       0
       0
       0
       0
       0
       0
       0
       0
       0
       0
       0
       0
       0
       0
       0
       0
       0
       0
       1
       0
       0
       0
       0
       0
       0
       0
       0
       0
       0
       0
       0
       0
       0
       0
       0
       0
       0
       0
       0
       0
       0
       0
       0
       0
       0
       0
       0
       0
       0
       0
       0
       0
       0
       0
       0
       0
       0
       0
       0
       0
       0
       0
       0
       0
       0
       0
       0
       0
       0
       1
       0
       0
       0
       0
       0
       0
       0
       0
       0
       0
       0
       0
       0
       0
       0
       0
       0
       1
       0
       0
       0
       0
       0
       0
       0
       0
       0
       0
       0
       0
       0
       0
       0
       0
       1
       0
       0
       0
       0
       0
       0
       0
       0
       0
       0
       0
       0
       0
       0
       0
       0
       0
       0
       0
       0
       1
       0
       0
       0
       0
       0
       0
       0
       0
       0
       0
       0
       0
       0
       0
       0
       0
       0
       0
       0
       0
       0
       0
       0
       0
       0
       0
       0
       0
       0
       0
       0
       0
       0
       0
       0
       0
       0
       0
       0
       0
       0
       0
       0
       0
       0
       0
       0
       0
       0
       0
       0
       0
       0
       0
       0
       0
       0
       0
       0
       0
       0
       0
       0
       0
       0
       0
       0
       0
       0
       0
       0
       0
       0
       0
       0
       0
       0
       0
       0
       0
       0
       0
       0
       0
       0
       0
       0
       0
       0
       0
       0
       0
       0
       0
       0
       0
       1
       0
       0
       0
       0
       0
       0
       0
       0
       0
       0
       0
       0
       0
       0
       0
       0
       0
       1
       0
       0
       0
       0
       0
       0
       1
       0
       0
       0
       0
       0
       0
       0
       0
       0
       0
       0
       0
       0
       0
       0
       0
       0
       0
       0
       0
       0
       0
       0
       0
       0
       0
       0
       0
       0
       0
       0
       0
       0
       0
       0
       0
       1
       0
       0
       0
       0
       0
       0
       0
       0
       0
       0
       0
       0
       0
       0
       0
       0
       0
       0
       0
       0
       0
       0
       0
       0
       0
       0
       0
       0
       0
       0
       0
       0
       0
       0
       0
       0
       0
       0
       0
       0
       0
       0
       1
       0
       0
       0
       0
       0
       0
       0
       0
       0
       0
       0
       0
       0
       0
       0
       0
       0
       0
       0
       0
       0
       0
       0
       0
       0
       0
       0
       1
       0
       0
       0
       0
       0
       0
       0
       0
       0
       0
       0
       0
       0
       0
       0
       0
       0
       0
       0
       0
       0
       0
       0
       0
       0
       0
       0
       0
       0
       0
       0
       0
       0
       0
       0
       0
       0
       0
       0
       0
       0
       0
       0
       0
       0
       0
       1
       0
       0
       0
       0
       0
       0
       0
       0
       0
       0
       0
       0
       0
       0
       0
       0
       0
       0
       0
       0
       0
       0
       0
       0
       0
       0
       0
       0
       0
       0
       0
       0
       0
       0
       1
       0
       0
       0
       0
       0
       0
       0
       0
       0
       0
       0
       0
       0
       0
       0
       0
       0
       0
       0
       0
       0
       0
       0
       0
       0
       0
       0
       0
       0
       0
       0
       0
       0
       0
       0
       1
       0
       0
       0
       0
       1
       0
       0
       0
       0
       0
       0
       0
       0
       0
       0
       0
       0
       0
       0
       0
       0
       0
       0
       0
       0
       0
       0
       0
       0
       0
       0
       0
       0
       0
       0
       0
       0
       0
       0
       0
       0
       0
       0
       0
       0
       0
       1
       0
       0
       0
       0
       0
       0
       0
       0
       0
       0
       0
       0
       0
       0
       0
       0
       0
       0
       0
       0
       0
       0
       0
       0
       0
       0
       0
       0
       0
       0
       1
       0
       0
       0
       0
       0
       0
       0
       0
       0
       0
       0
       0
       0
       0
       0
       0
       0
       0
       0
       0
       0
       0
       0
       0
       0
       0
       0
       0
       0
       0
       0
       0
       0
       0
       0
       0
       0
       0
       0
       0
       0
       0
       0
       0
       0
       0
       0
       0
       0
       0
       0
       0
       0
       0
       0
       0
       0
       0
       0
       0
       0
       0
       0
       0
       0
       0
       0
       0
       0
       0
       0
       0
       0
       0
       0
       0
       0
       0
       0
       0
       0
       0
       0
       0
       0
       0
       0
       0
       0
       0
       0
       0
       0
       1
       0
       0
       0
       0
       0
       0
       0
       0
       0
       0
       0
       0
       0
       0
       0
       0
       0
       0
       0
       0
       0
       0
       0
       0
       0
       0
       0
       0
       0
       0
       0
       0
       0
$ROI:
11
224 244
765 907
1350 1411
1828 1908
2525 2667
2716 2799
3716 3817
4331 4427
4564 4622
5085 5259
5690 5768
$PRESETS:
Live Time
100
0
$ENER_FIT:
0.053689 0.255148
$MCA_CAL:
3
5.368913E-002 2.551478E-001 -1.853380E-009 keV
$SHAPE_CAL:
3
6.992400E+000 7.812671E-004 -3.508660E-008
