$SPEC_ID:
No sample description was entered.
$SPEC_REM:
DET# 1
DETDESC# GMX20P4 HPGe
AP# Maestro Version 7.01
$DATE_MEA:
11/23/2018 17:14:30
$MEAS_TIM:
100 100
$DATA:
0 8191
       0
       0
       0
       0
       0
       0
       0
       0
       0
       0
       0
       0
       0
       0
       0
       0
       0
       0
       0
       0
       0
       0
       0
       0
       0
       0
       0
       0
       0
       0
       0
       0
       0
       0
       0
       0
       0
       0
       0
       0
       0
       0
       0
       0
       0
       0
       0
       1
      20
     116
     321
     552
     723
     811
     805
     810
     752
     603
     431
     346
     324
     351
     493
     626
     800
     993
    1267
    1405
    1476
    1431
    1259
    1160
     884
     648
     442
     302
     273
     284
     334
     366
     399
     441
     456
     399
     353
     273
     217
     178
      92
      95
      62
      69
      91
      66
      72
      96
     104
     104
     125
     198
     232
     253
     279
     299
     249
     212
     155
     122
      80
      47
      33
      19
      25
      17
      15
      14
      15
      11
      20
      15
      20
      17
      19
      20
      26
      22
      21
      29
      30
      32
      29
      27
      20
      25
      18
      16
      16
      18
      15
      13
      19
      20
      19
      22
      30
      21
      16
      34
      44
      31
      43
      40
      50
      32
      41
      48
      41
      54
      46
      57
      63
      61
      66
      65
      73
      70
      63
     101
      93
      90
     109
     122
     111
      99
     124
     114
     124
     131
     114
     144
     126
     126
     139
     163
     159
     192
     210
     239
     275
     268
     292
     337
     318
     398
     406
     398
     443
     413
     447
     491
     467
     447
     484
     488
     466
     518
     464
     461
     455
     412
     448
     433
     376
     358
     366
     364
     392
     348
     302
     335
     342
     315
     340
     321
     423
     517
     751
    1268
    1871
    2725
    3952
    4823
    5402
    5702
    5415
    4584
    3525
    2554
    1574
     964
     439
     246
     130
      61
      18
      13
      22
      20
      17
      21
      20
      22
      16
      19
       7
      13
      12
      18
      11
      17
      20
      11
      14
      17
      13
      18
      10
      20
      19
      25
      19
      19
      14
      17
      14
      22
      16
      15
      16
      13
      20
      12
      12
      17
      10
      18
      21
      23
      10
      14
      23
      14
      25
      13
      10
      18
      17
      18
      24
      15
      16
      17
      16
      17
      18
      16
      23
      21
      12
      19
      17
      12
      17
      16
      29
      17
      12
      15
      13
      15
      17
      15
      11
      18
      11
      14
      21
      16
      15
      22
      20
      19
      13
      22
      18
       9
      19
      14
      14
      18
      13
      17
      22
      13
      26
      15
      11
      17
      18
      18
      14
      15
      13
      18
      15
      14
      15
      22
      18
      20
      13
      19
      22
      21
      20
      17
      17
      14
      20
      15
       6
      22
      18
      17
      15
      16
      16
      11
      10
      18
      13
      15
      19
      16
      14
      14
      23
      17
      15
      22
      15
      19
      11
      13
      21
       9
      19
      17
      21
       9
      18
      15
      15
      13
      14
      21
      20
      14
      12
      13
      15
      19
      11
       7
      16
      16
      11
      14
      14
      12
      16
       9
      15
       9
      15
      19
      18
       9
      12
      14
      13
      15
      13
      18
      12
      16
      16
      19
      19
      15
      20
      14
      11
      19
      19
      16
      15
      17
      12
      12
      15
      16
      10
      18
      15
      11
      15
      16
      19
      13
      14
      16
      18
      17
      17
      13
      17
      12
      13
      10
      16
      17
      13
      12
      10
      12
      13
       7
      11
      12
      11
      13
      10
       9
      12
      10
      12
      14
      10
      18
      11
      15
      19
      15
       8
      19
       9
      18
       9
      11
      15
      12
      12
      19
      14
      12
      18
      11
       9
      13
      10
      10
      12
      12
      10
      15
      20
      11
       6
      10
      17
      14
      16
      11
       6
       3
      13
      12
      16
      14
      11
       9
       5
      13
       6
      11
      12
      13
      13
      15
      11
      14
       5
       7
      12
       6
      13
      14
      15
      12
      11
      11
      13
       8
      16
      14
       7
      12
       6
      13
      10
      14
       9
      14
      15
      13
       8
      14
       9
       9
       9
      10
      12
      12
       7
       8
       4
      12
      10
      12
      10
       9
      10
      10
      10
      11
      12
       8
       6
       8
      12
       7
      10
       7
       7
       7
      16
       7
      12
      11
       4
      13
      11
      12
      15
       5
      11
       7
      10
      10
      12
       8
      10
       7
      10
      10
       9
      10
      10
       7
       6
       7
       9
       7
       9
       7
       7
      12
      10
      15
       7
      11
       9
       9
       8
       5
       8
      14
      10
       5
      11
       6
       4
      11
       8
       5
       5
       6
      11
      11
       7
      10
       6
       3
       9
       7
       8
      10
       8
       6
      12
       7
      11
       7
       6
       6
       7
       5
       5
       4
       5
      10
      12
       7
      10
       7
       3
       6
      17
       6
       5
       6
      14
       3
       9
       4
       8
       7
       8
       4
      10
       5
       5
       5
       7
      12
      10
       8
       5
       5
       8
       7
       5
      10
       9
      11
       4
       7
       7
       9
       7
       9
       1
       9
       8
      10
       6
       4
       7
       8
       6
       7
       4
       7
       6
       9
       6
       8
       9
       6
       7
       7
       9
       5
       4
       2
       9
       5
       4
       7
       5
       4
       5
       7
       3
       4
       2
       9
       5
       6
       7
       5
      12
       7
       5
       2
       6
       9
       4
       8
       9
       5
       8
       2
       4
       4
       3
       6
       5
       5
      10
       5
       7
       7
       4
       6
       4
       7
       7
       3
       3
       5
       8
       8
       5
       4
       8
       9
       7
       6
       8
       8
       8
       4
       8
       3
       3
       4
       5
       2
       7
       3
       5
       5
       8
       3
       8
       4
       6
       4
       2
       6
       3
       2
       6
       6
       2
       2
       3
       7
       5
       5
       6
       2
       5
       2
       3
       6
       6
       5
       6
       3
       3
       4
       7
       2
       4
       4
       4
       2
       4
       3
       1
       2
       7
       2
       4
       7
       4
       7
       5
       6
       1
       1
       1
       5
       5
       5
       5
       2
       2
       7
       8
       6
       5
       2
       5
       5
       5
       1
       6
       4
       5
       1
       9
       9
       4
       4
       3
       3
       4
       4
       7
       5
       7
       3
       3
       8
       4
       6
       2
       4
       7
       1
       1
       3
       6
       3
       4
       8
       6
       1
       6
       5
       2
       7
       3
       5
       6
       3
       5
       5
       5
       2
       5
       2
       7
       4
       6
       5
       3
       5
       4
       4
       4
       5
       5
       4
       3
       4
       0
       3
       4
       5
       9
       8
      13
      11
       6
       4
       4
       4
       1
       3
       2
       3
       8
       6
       5
       7
       4
       5
       4
       4
       2
       3
       6
       5
       2
       3
       4
       1
       2
       2
       7
       7
       4
       5
       5
       3
       5
       4
       2
       7
       3
       5
       4
       1
       3
       3
       2
       6
       2
       7
       2
       4
       4
       5
       3
       4
       3
       4
       4
       7
       3
       5
       3
       3
       3
       4
       5
       4
       0
       2
       5
       5
       5
       7
       4
       3
       8
       2
       2
       2
       3
       1
       3
       2
       2
       2
       4
       4
       5
       1
       3
       4
       1
       2
       4
       6
       3
       4
       1
       5
       3
       3
       1
       2
       5
       0
       3
       3
       1
       1
       4
       6
       3
       7
       3
       0
       5
       1
       5
       2
       2
       2
       2
       1
       3
       3
       1
       7
       3
       4
       3
       3
       4
       4
       3
       3
       4
       2
       4
       1
       4
       0
       1
       3
       5
       3
       5
       3
       6
       2
       1
       3
       1
       5
       2
       1
       5
       3
       2
       2
       8
       4
       2
       4
       2
       2
       4
       0
       3
       2
       2
       1
       4
       1
       3
       1
       0
       1
       4
       0
       2
       3
       1
       5
       2
       4
       2
       2
       2
       1
       3
       2
       4
       6
       1
       4
       2
       3
       2
       3
       1
       4
       2
       3
       1
       4
       2
       1
       1
       2
       0
       1
       1
       5
       1
       2
       3
       3
       8
       1
       2
       5
       4
       7
       8
       3
       2
       3
       3
       2
       2
       3
       2
       1
       0
       2
       3
       3
       3
       1
       1
       1
       1
       3
       0
       2
       4
       2
       3
       3
       3
       4
       2
       1
       2
       3
       5
       3
       2
       4
       5
       1
       0
       2
       2
       3
       2
       0
       0
       6
       4
       0
       4
       2
       2
       1
       4
       1
       2
       1
       0
       2
       1
       1
       4
       5
       3
       2
       2
       2
       0
       4
       2
       2
       0
       1
       2
       1
       0
       0
       3
       2
       0
       2
       2
       3
       5
       5
       0
       1
       2
       1
       4
       2
       3
       2
       4
       1
       2
       1
       1
       4
       0
       4
       3
       1
       0
       2
       1
       1
       1
       1
       1
       0
       4
       2
       1
       0
       4
       1
       2
       0
       2
       0
       2
       4
       0
       5
       2
       1
       1
       2
       1
       0
       3
       0
       1
       2
       2
       4
       1
       1
       2
       4
       1
       1
       3
       1
       2
       1
       2
       1
       2
       3
       2
       2
       0
       2
       3
       6
       1
       0
       3
       3
       2
       2
       0
       1
       1
       1
       4
       3
       0
       2
       2
       3
       3
       2
       0
       3
       2
       0
       2
       3
       1
       2
       3
       1
       4
       1
       1
       1
       3
       4
       1
       3
       2
       0
       3
       0
       0
       2
       1
       1
       1
       3
       1
       2
       1
       3
       2
       2
       4
       2
       3
       2
       1
       5
       5
       5
       2
       3
       2
       7
       9
       7
       7
       5
       5
       1
       2
       1
       3
       1
       0
       3
       3
       3
       0
       0
       1
       1
       2
       0
       0
       1
       0
       1
       1
       1
       2
       2
       1
       2
       2
       1
       0
       0
       3
       2
       2
       0
       2
       0
       1
       1
       0
       3
       2
       0
       1
       3
       0
       3
       2
       1
       1
       0
       0
       0
       0
       0
       1
       4
       1
       2
       2
       1
       0
       2
       0
       3
       1
       0
       0
       1
       0
       3
       2
       1
       2
       2
       2
       2
       1
       0
       1
       0
       0
       1
       1
       2
       0
       0
       1
       1
       4
       0
       2
       0
       0
       2
       0
       0
       2
       3
       3
       2
       1
       1
       2
       1
       2
       2
       0
       1
       0
       3
       0
       1
       2
       3
       3
       1
       0
       0
       0
       2
       0
       0
       4
       1
       1
       1
       1
       1
       2
       2
       4
       0
       1
       1
       1
       1
       1
       2
       2
       3
       6
       2
       2
       1
       2
       2
       1
       1
       5
       0
       1
       4
       1
       0
       0
       0
       2
       1
       0
       2
       1
       0
       0
       1
       3
       3
       0
       1
       0
       1
       5
       1
       3
       2
       1
       1
       2
       2
       0
       0
       0
       2
       0
       2
       0
       2
       0
       0
       0
       0
       0
       1
       1
       1
       1
       2
       0
       2
       0
       3
       1
       1
       1
       0
       1
       2
       1
       1
       0
       1
       1
       2
       4
       2
       0
       2
       0
       2
       0
       5
       2
       0
       1
       1
       2
       1
       0
       1
       0
       0
       0
       0
       1
       2
       1
       0
       2
       0
       1
       0
       2
       2
       4
       0
       0
       0
       1
       0
       0
       1
       2
       1
       1
       1
       2
       2
       1
       0
       1
       2
       0
       1
       1
       1
       1
       2
       2
       0
       2
       0
       3
       1
       1
       1
       0
       0
       2
       1
       1
       1
       3
       1
       1
       1
       0
       3
       1
       1
       2
       0
       1
       1
       1
       0
       3
       0
       0
       0
       1
       1
       0
       2
       1
       0
       1
       0
       1
       1
       2
       1
       2
       2
       1
       3
       2
       4
       3
       0
       1
       1
       1
       1
       1
       1
       0
       0
       0
       0
       0
       1
       0
       1
       0
       0
       2
       1
       2
       1
       1
       2
       1
       2
       0
       3
       1
       1
       1
       1
       0
       0
       0
       0
       0
       1
       1
       1
       1
       0
       1
       1
       1
       2
       1
       1
       0
       0
       0
       2
       2
       0
       0
       2
       1
       0
       0
       1
       0
       0
       1
       0
       3
       1
       0
       1
       2
       1
       0
       1
       0
       0
       2
       0
       1
       1
       0
       1
       1
       3
       0
       0
       1
       2
       0
       0
       2
       0
       3
       2
       2
       2
       0
       0
       2
       1
       2
       0
       0
       0
       0
       1
       0
       0
       2
       0
       2
       1
       0
       0
       1
       1
       0
       2
       0
       1
       1
       1
       1
       1
       2
       0
       1
       0
       1
       1
       0
       1
       0
       0
       0
       1
       0
       2
       0
       0
       1
       1
       0
       1
       0
       2
       1
       2
       1
       0
       0
       1
       3
       2
       1
       1
       1
       0
       0
       2
       0
       2
       0
       0
       1
       3
       0
       1
       0
       2
       0
       0
       4
       2
       1
       0
       1
       1
       0
       1
       0
       0
       1
       0
       3
       0
       2
       0
       1
       1
       2
       0
       1
       0
       0
       1
       0
       1
       2
       1
       1
       0
       0
       0
       1
       2
       1
       1
       0
       1
       0
       0
       1
       2
       0
       1
       0
       1
       0
       1
       1
       1
       0
       2
       2
       1
       0
       1
       0
       1
       1
       1
       1
       2
       2
       1
       3
       0
       1
       2
       2
       1
       0
       1
       2
       0
       1
       3
       0
       1
       1
       0
       2
       0
       2
       1
       0
       0
       2
       1
       1
       1
       1
       0
       1
       1
       1
       0
       1
       0
       1
       0
       0
       1
       0
       0
       1
       2
       0
       1
       0
       0
       1
       1
       0
       0
       0
       0
       0
       3
       1
       1
       0
       2
       0
       1
       0
       2
       1
       4
       3
       2
       1
       3
       0
       0
       1
       2
       3
       2
       2
       3
       0
       2
       2
       0
       1
       1
       0
       0
       1
       1
       0
       1
       0
       0
       0
       0
       1
       0
       1
       1
       0
       0
       0
       1
       1
       1
       0
       0
       0
       0
       0
       1
       1
       0
       0
       0
       1
       0
       0
       0
       0
       0
       2
       0
       0
       1
       0
       0
       1
       1
       0
       1
       2
       2
       2
       0
       1
       2
       0
       0
       0
       0
       0
       2
       1
       1
       0
       0
       1
       0
       0
       1
       1
       0
       0
       2
       1
       1
       0
       3
       2
       3
       2
       0
       0
       0
       0
       0
       0
       0
       0
       2
       0
       0
       2
       1
       1
       2
       0
       0
       0
       1
       0
       0
       0
       0
       2
       2
       0
       0
       1
       2
       2
       1
       2
       0
       0
       0
       2
       0
       1
       0
       0
       1
       1
       1
       0
       1
       1
       3
       1
       3
       0
       1
       0
       1
       1
       0
       0
       0
       1
       1
       2
       0
       0
       1
       0
       2
       1
       3
       0
       1
       0
       1
       0
       0
       0
       1
       0
       1
       3
       1
       0
       1
       0
       1
       1
       1
       0
       1
       0
       1
       2
       1
       3
       1
       0
       0
       0
       1
       3
       1
       1
       0
       1
       3
       3
       0
       0
       1
       1
       0
       3
       2
       1
       0
       1
       0
       0
       0
       1
       0
       0
       1
       1
       0
       1
       2
       0
       2
       0
       0
       1
       1
       1
       0
       1
       0
       1
       0
       0
       1
       0
       0
       1
       2
       0
       0
       3
       2
       2
       3
       1
       0
       0
       0
       0
       3
       1
       1
       1
       1
       0
       1
       0
       1
       0
       1
       1
       0
       0
       1
       1
       0
       1
       1
       0
       1
       0
       2
       2
       2
       2
       0
       1
       0
       0
       2
       0
       2
       0
       0
       1
       2
       0
       3
       3
       2
       0
       0
       2
       4
       1
       0
       0
       2
       0
       0
       0
       1
       4
       0
       0
       0
       1
       0
       0
       1
       1
       2
       1
       3
       0
       2
       0
       0
       0
       1
       1
       2
       0
       0
       0
       0
       0
       1
       0
       0
       1
       2
       1
       1
       1
       0
       0
       1
       1
       1
       1
       0
       0
       1
       1
       1
       2
       2
       0
       1
       0
       0
       0
       1
       0
       0
       1
       1
       1
       1
       0
       0
       0
       0
       0
       0
       1
       0
       0
       0
       1
       0
       1
       0
       0
       0
       0
       4
       0
       1
       0
       0
       0
       0
       0
       1
       0
       1
       1
       1
       7
       5
       2
       3
       1
       2
       1
       1
       1
       2
       3
       0
       0
       2
       0
       1
       0
       0
       0
       0
       1
       0
       0
       0
       0
       2
       1
       0
       0
       0
       1
       1
       0
       0
       1
       0
       0
       0
       0
       1
       0
       0
       1
       2
       0
       2
       1
       0
       1
       1
       0
       0
       0
       1
       1
       0
       0
       1
       1
       4
       0
       0
       1
       0
       2
       2
       0
       1
       0
       1
       0
       1
       0
       0
       3
       3
       0
       1
       0
       0
       1
       1
       1
       1
       0
       1
       0
       1
       0
       1
       0
       0
       0
       1
       0
       0
       0
       0
       1
       0
       0
       4
       1
       1
       0
       0
       0
       0
       0
       0
       0
       0
       1
       1
       1
       0
       0
       0
       0
       0
       0
       1
       0
       0
       1
       0
       0
       0
       0
       0
       2
       0
       0
       0
       0
       1
       1
       1
       0
       0
       0
       1
       1
       0
       1
       0
       1
       0
       0
       0
       0
       0
       1
       1
       0
       0
       0
       2
       1
       0
       0
       0
       2
       0
       0
       0
       0
       0
       0
       2
       0
       0
       0
       0
       1
       1
       0
       0
       1
       0
       0
       1
       1
       0
       0
       0
       0
       0
       0
       0
       0
       0
       2
       1
       0
       1
       2
       0
       0
       0
       1
       1
       0
       1
       0
       1
       0
       1
       0
       0
       1
       0
       1
       0
       0
       0
       1
       1
       1
       1
       1
       1
       0
       0
       1
       0
       0
       0
       1
       0
       0
       0
       0
       1
       1
       0
       1
       1
       1
       1
       0
       0
       2
       0
       0
       1
       1
       2
       1
       0
       0
       0
       2
       1
       0
       1
       0
       0
       0
       0
       0
       0
       0
       0
       1
       1
       1
       1
       0
       0
       1
       0
       0
       0
       0
       0
       0
       0
       0
       3
       1
       0
       1
       0
       1
       0
       0
       0
       0
       1
       0
       0
       0
       0
       0
       0
       0
       2
       0
       0
       0
       2
       0
       2
       0
       0
       2
       1
       1
       0
       1
       0
       1
       0
       1
       0
       2
       1
       0
       1
       1
       3
       0
       0
       0
       1
       0
       0
       0
       0
       0
       0
       2
       0
       0
       0
       0
       1
       1
       0
       0
       1
       0
       0
       0
       1
       1
       1
       0
       1
       0
       2
       0
       1
       1
       1
       3
       0
       0
       0
       0
       1
       1
       2
       0
       1
       0
       1
       0
       0
       0
       0
       1
       0
       0
       0
       1
       2
       0
       0
       1
       0
       1
       0
       2
       0
       0
       0
       0
       0
       0
       0
       0
       1
       0
       1
       1
       0
       1
       0
       0
       0
       0
       0
       0
       1
       0
       0
       0
       0
       0
       1
       0
       1
       0
       1
       0
       0
       0
       0
       1
       0
       3
       1
       0
       0
       1
       0
       2
       0
       0
       0
       0
       2
       0
       0
       0
       0
       0
       0
       1
       1
       0
       0
       0
       0
       0
       0
       0
       0
       0
       0
       0
       0
       1
       0
       0
       0
       0
       0
       1
       0
       1
       0
       2
       1
       0
       0
       2
       1
       0
       1
       1
       1
       1
       0
       0
       1
       0
       0
       1
       0
       0
       1
       0
       0
       0
       0
       0
       0
       0
       0
       0
       0
       0
       0
       0
       0
       0
       0
       0
       0
       0
       0
       1
       2
       0
       0
       2
       0
       0
       0
       0
       1
       1
       0
       2
       1
       0
       1
       0
       1
       1
       0
       0
       0
       0
       0
       0
       1
       0
       0
       0
       0
       1
       0
       1
       0
       0
       0
       1
       0
       0
       0
       0
       0
       1
       1
       1
       0
       0
       1
       1
       0
       1
       1
       1
       0
       0
       1
       0
       1
       0
       2
       1
       0
       0
       0
       0
       0
       1
       0
       0
       0
       0
       0
       1
       0
       0
       0
       0
       0
       1
       0
       1
       0
       0
       0
       0
       0
       0
       1
       0
       0
       0
       1
       0
       3
       0
       0
       1
       1
       2
       1
       0
       0
       0
       0
       0
       0
       0
       0
       0
       0
       1
       0
       0
       0
       0
       0
       1
       0
       0
       1
       0
       2
       0
       1
       1
       0
       0
       0
       1
       0
       1
       0
       0
       1
       0
       0
       1
       1
       0
       0
       0
       0
       1
       0
       1
       0
       0
       0
       0
       0
       0
       0
       0
       0
       1
       0
       0
       0
       0
       0
       0
       0
       0
       1
       0
       1
       1
       0
       0
       0
       1
       0
       1
       0
       0
       0
       0
       0
       1
       0
       0
       0
       0
       1
       0
       0
       1
       1
       3
       0
       1
       1
       0
       0
       0
       0
       0
       0
       1
       0
       0
       0
       1
       0
       0
       0
       0
       0
       1
       0
       0
       1
       0
       0
       0
       0
       0
       1
       0
       0
       0
       0
       0
       0
       0
       0
       0
       0
       0
       2
       0
       0
       0
       1
       1
       0
       1
       0
       0
       0
       0
       0
       0
       0
       0
       0
       1
       1
       0
       2
       0
       1
       0
       0
       0
       0
       0
       0
       0
       0
       0
       0
       0
       0
       1
       1
       1
       1
       3
       0
       2
       0
       0
       0
       1
       0
       0
       0
       0
       1
       0
       0
       0
       0
       0
       1
       1
       0
       0
       0
       1
       0
       0
       1
       0
       1
       0
       0
       0
       0
       1
       0
       0
       0
       1
       1
       0
       0
       1
       0
       0
       1
       1
       0
       0
       0
       1
       1
       0
       0
       0
       0
       0
       1
       0
       0
       0
       0
       1
       0
       1
       1
       0
       1
       0
       0
       0
       0
       0
       0
       0
       0
       1
       0
       0
       1
       0
       0
       0
       3
       0
       0
       1
       0
       1
       0
       1
       0
       1
       2
       2
       1
       2
       1
       1
       0
       0
       1
       0
       0
       1
       0
       1
       1
       0
       0
       1
       0
       0
       0
       0
       0
       0
       0
       1
       0
       0
       0
       1
       0
       0
       0
       1
       0
       0
       1
       0
       0
       0
       0
       2
       0
       0
       2
       0
       0
       1
       2
       1
       0
       0
       0
       0
       1
       1
       0
       0
       0
       0
       0
       0
       0
       0
       0
       0
       0
       1
       1
       0
       0
       1
       1
       1
       1
       0
       0
       1
       0
       0
       0
       0
       1
       1
       1
       0
       1
       0
       0
       0
       0
       2
       2
       0
       1
       0
       0
       0
       1
       0
       0
       0
       0
       1
       0
       1
       0
       0
       0
       0
       0
       0
       0
       0
       1
       2
       1
       1
       0
       1
       0
       0
       1
       1
       0
       0
       0
       0
       0
       1
       1
       1
       0
       0
       1
       0
       0
       2
       0
       0
       1
       0
       1
       1
       0
       1
       0
       0
       0
       1
       1
       1
       0
       0
       0
       0
       0
       3
       0
       0
       2
       1
       2
       2
       0
       0
       0
       0
       0
       0
       0
       0
       1
       0
       0
       1
       0
       0
       0
       0
       0
       1
       1
       0
       1
       0
       0
       0
       0
       0
       0
       0
       1
       0
       0
       0
       0
       0
       0
       0
       1
       0
       0
       0
       0
       0
       0
       0
       0
       1
       0
       0
       0
       1
       0
       0
       0
       0
       0
       0
       2
       1
       0
       1
       1
       0
       0
       0
       0
       1
       0
       0
       2
       0
       0
       0
       1
       1
       0
       0
       0
       0
       1
       0
       0
       0
       0
       1
       0
       1
       0
       0
       1
       0
       0
       0
       0
       0
       0
       0
       0
       1
       0
       0
       0
       1
       1
       1
       0
       0
       0
       0
       0
       1
       0
       0
       0
       0
       0
       0
       0
       2
       0
       0
       0
       0
       0
       0
       0
       2
       0
       2
       1
       0
       0
       1
       0
       0
       0
       0
       0
       0
       0
       0
       1
       0
       1
       0
       1
       0
       0
       0
       0
       0
       0
       0
       1
       0
       0
       0
       0
       0
       2
       0
       2
       2
       0
       2
       0
       0
       0
       0
       0
       1
       0
       1
       1
       1
       0
       0
       0
       1
       0
       0
       1
       0
       0
       0
       0
       1
       0
       0
       0
       0
       0
       0
       0
       0
       1
       0
       0
       1
       1
       1
       0
       0
       0
       0
       0
       1
       0
       0
       0
       0
       0
       1
       0
       1
       1
       2
       0
       0
       1
       0
       1
       0
       0
       0
       0
       0
       0
       0
       0
       0
       4
       0
       0
       0
       0
       1
       0
       0
       0
       0
       0
       0
       0
       0
       0
       0
       1
       1
       1
       1
       0
       0
       0
       1
       0
       1
       1
       0
       0
       0
       1
       1
       0
       1
       0
       1
       0
       0
       0
       0
       0
       0
       0
       0
       0
       0
       0
       0
       0
       0
       1
       0
       2
       0
       0
       0
       0
       0
       0
       0
       1
       0
       1
       0
       0
       1
       1
       0
       0
       0
       0
       0
       0
       0
       2
       0
       0
       0
       0
       0
       0
       0
       1
       0
       0
       2
       1
       1
       0
       1
       0
       0
       2
       0
       0
       0
       0
       0
       0
       0
       0
       1
       0
       1
       0
       0
       0
       0
       1
       0
       1
       1
       0
       1
       1
       0
       0
       0
       0
       0
       0
       0
       0
       0
       1
       0
       0
       0
       1
       0
       0
       0
       0
       0
       1
       0
       1
       2
       0
       0
       0
       0
       0
       0
       1
       0
       1
       1
       0
       0
       1
       0
       0
       0
       1
       0
       0
       1
       0
       0
       1
       0
       1
       1
       0
       1
       1
       0
       1
       1
       0
       0
       0
       1
       0
       1
       0
       1
       0
       0
       0
       1
       2
       0
       0
       0
       0
       2
       0
       0
       0
       0
       0
       0
       0
       1
       0
       0
       1
       1
       0
       1
       0
       0
       0
       0
       0
       0
       0
       0
       0
       0
       0
       1
       1
       0
       1
       1
       1
       0
       0
       1
       1
       0
       1
       1
       1
       1
       0
       0
       0
       0
       0
       0
       0
       0
       1
       0
       0
       0
       0
       0
       0
       0
       0
       0
       0
       0
       0
       0
       0
       0
       0
       0
       2
       1
       0
       2
       0
       1
       2
       0
       0
       0
       0
       3
       0
       0
       0
       0
       0
       1
       2
       0
       0
       0
       1
       0
       0
       1
       0
       1
       0
       0
       0
       0
       2
       0
       0
       0
       0
       0
       0
       1
       0
       0
       1
       0
       0
       0
       0
       0
       0
       1
       0
       0
       0
       0
       0
       0
       0
       0
       0
       0
       0
       0
       0
       0
       0
       0
       2
       0
       0
       0
       0
       0
       0
       0
       0
       0
       0
       0
       0
       1
       0
       1
       0
       0
       0
       1
       0
       0
       0
       0
       0
       0
       1
       0
       0
       0
       0
       1
       0
       1
       1
       0
       1
       0
       1
       0
       0
       2
       1
       0
       1
       1
       1
       0
       0
       0
       0
       0
       0
       0
       0
       0
       2
       0
       0
       1
       0
       0
       0
       1
       0
       0
       1
       0
       1
       0
       0
       2
       0
       0
       0
       0
       1
       1
       0
       0
       0
       0
       0
       1
       0
       0
       0
       0
       0
       0
       0
       0
       0
       0
       0
       0
       0
       0
       0
       0
       1
       0
       0
       0
       0
       1
       1
       0
       0
       3
       0
       0
       0
       0
       0
       0
       1
       1
       0
       0
       0
       0
       1
       0
       0
       0
       0
       0
       0
       1
       0
       0
       0
       0
       0
       0
       0
       0
       0
       0
       1
       0
       0
       0
       1
       2
       0
       1
       0
       0
       1
       0
       0
       1
       0
       0
       0
       1
       0
       0
       0
       1
       0
       0
       0
       0
       1
       0
       1
       0
       0
       0
       0
       0
       1
       0
       0
       0
       0
       0
       0
       1
       0
       0
       0
       0
       0
       0
       1
       1
       0
       1
       0
       0
       0
       0
       1
       0
       0
       1
       1
       1
       0
       0
       0
       0
       0
       1
       0
       0
       0
       0
       0
       0
       0
       0
       0
       0
       0
       1
       2
       2
       0
       1
       1
       1
       0
       0
       0
       0
       1
       0
       0
       1
       2
       1
       1
       0
       0
       1
       0
       2
       0
       0
       0
       0
       0
       0
       0
       0
       0
       0
       0
       0
       1
       0
       0
       1
       0
       0
       0
       0
       0
       0
       0
       0
       0
       2
       0
       1
       0
       0
       0
       1
       0
       0
       0
       0
       0
       0
       0
       0
       0
       0
       0
       1
       0
       0
       0
       0
       0
       1
       0
       0
       0
       1
       0
       0
       1
       2
       2
       2
       0
       1
       0
       0
       0
       0
       0
       1
       0
       1
       1
       1
       1
       1
       0
       0
       0
       0
       0
       0
       0
       0
       0
       0
       0
       0
       0
       0
       0
       1
       0
       0
       0
       0
       0
       0
       0
       0
       2
       1
       0
       1
       1
       1
       0
       1
       0
       0
       0
       0
       3
       0
       1
       1
       0
       0
       0
       0
       0
       0
       0
       1
       2
       0
       0
       1
       0
       1
       0
       0
       0
       1
       0
       1
       1
       1
       0
       1
       1
       0
       0
       0
       2
       1
       1
       1
       1
       0
       0
       0
       0
       0
       0
       0
       0
       0
       0
       0
       0
       1
       0
       1
       1
       0
       0
       0
       0
       1
       0
       0
       2
       0
       1
       0
       0
       0
       1
       1
       0
       1
       0
       1
       4
       2
       0
       1
       2
       3
       1
       1
       1
       1
       0
       1
       0
       1
       0
       0
       0
       0
       0
       0
       0
       0
       0
       0
       0
       0
       0
       0
       0
       0
       0
       0
       0
       0
       0
       0
       0
       0
       0
       0
       0
       1
       0
       0
       1
       0
       0
       0
       0
       1
       0
       0
       0
       0
       0
       0
       1
       1
       1
       1
       0
       0
       0
       0
       0
       0
       0
       0
       0
       0
       0
       0
       0
       0
       0
       0
       0
       0
       0
       0
       0
       0
       3
       0
       0
       0
       2
       0
       0
       0
       1
       0
       0
       1
       0
       1
       0
       1
       1
       0
       0
       0
       0
       0
       0
       0
       0
       0
       0
       0
       0
       1
       1
       0
       0
       0
       0
       0
       0
       1
       2
       0
       0
       0
       0
       0
       1
       0
       0
       0
       2
       0
       0
       0
       0
       0
       1
       0
       0
       1
       0
       0
       0
       0
       0
       0
       0
       1
       0
       0
       0
       0
       0
       0
       0
       0
       0
       1
       1
       0
       0
       0
       0
       1
       1
       0
       0
       0
       0
       0
       0
       0
       0
       0
       0
       0
       1
       1
       0
       1
       0
       0
       0
       1
       0
       0
       1
       0
       1
       0
       1
       0
       0
       0
       0
       0
       0
       0
       0
       1
       0
       1
       1
       0
       0
       0
       0
       0
       0
       0
       1
       0
       0
       0
       0
       0
       1
       1
       1
       1
       0
       0
       0
       0
       1
       2
       1
       0
       0
       0
       0
       0
       0
       0
       1
       1
       0
       0
       0
       1
       1
       0
       1
       1
       0
       0
       0
       0
       0
       0
       0
       0
       0
       0
       0
       0
       0
       0
       0
       0
       0
       1
       0
       0
       0
       0
       1
       0
       0
       0
       1
       0
       0
       0
       1
       1
       0
       0
       0
       1
       0
       0
       0
       0
       0
       0
       1
       0
       0
       0
       0
       1
       0
       0
       1
       0
       0
       0
       0
       0
       0
       0
       0
       1
       1
       0
       0
       1
       1
       0
       0
       0
       0
       0
       0
       0
       1
       0
       0
       1
       1
       2
       0
       0
       2
       0
       0
       0
       0
       0
       0
       0
       0
       0
       0
       0
       0
       0
       0
       1
       1
       0
       0
       0
       1
       0
       0
       0
       0
       0
       1
       1
       0
       1
       0
       0
       0
       0
       1
       0
       0
       0
       0
       0
       0
       0
       0
       0
       0
       1
       0
       0
       0
       0
       0
       1
       1
       0
       1
       1
       0
       0
       0
       0
       0
       2
       0
       0
       1
       0
       0
       0
       0
       0
       0
       0
       1
       0
       1
       1
       0
       0
       0
       0
       1
       1
       0
       0
       0
       0
       1
       0
       1
       2
       1
       0
       1
       0
       0
       0
       0
       0
       1
       0
       1
       0
       0
       0
       0
       0
       0
       0
       2
       0
       0
       0
       1
       1
       0
       0
       0
       1
       0
       1
       0
       0
       1
       0
       0
       0
       0
       0
       0
       0
       0
       0
       0
       0
       3
       2
       0
       0
       0
       1
       2
       1
       0
       0
       2
       1
       0
       0
       0
       2
       0
       0
       1
       2
       0
       0
       0
       1
       0
       0
       0
       0
       1
       0
       0
       1
       0
       0
       0
       1
       1
       1
       0
       0
       0
       1
       0
       0
       0
       1
       0
       1
       0
       0
       0
       0
       0
       1
       0
       0
       0
       0
       1
       0
       0
       1
       1
       0
       1
       0
       1
       0
       0
       0
       0
       0
       0
       0
       0
       0
       0
       0
       1
       0
       0
       0
       0
       0
       0
       1
       0
       0
       0
       0
       0
       0
       0
       1
       0
       0
       1
       0
       0
       0
       1
       0
       0
       1
       0
       0
       0
       0
       0
       0
       0
       1
       0
       0
       1
       0
       0
       0
       0
       0
       0
       1
       0
       1
       0
       0
       0
       0
       0
       0
       0
       0
       0
       0
       0
       1
       0
       0
       0
       0
       0
       1
       0
       0
       0
       0
       0
       0
       0
       0
       1
       0
       0
       1
       0
       0
       0
       0
       1
       0
       0
       0
       0
       0
       0
       1
       0
       0
       0
       0
       0
       0
       0
       0
       0
       0
       0
       0
       1
       0
       0
       1
       0
       1
       0
       0
       0
       0
       0
       0
       0
       0
       0
       0
       0
       0
       1
       0
       0
       0
       0
       0
       0
       0
       0
       0
       1
       0
       0
       0
       0
       0
       0
       0
       0
       0
       1
       1
       0
       0
       0
       0
       0
       0
       2
       0
       1
       0
       0
       0
       0
       0
       0
       0
       0
       0
       0
       0
       2
       0
       1
       0
       0
       0
       1
       0
       0
       0
       0
       0
       0
       1
       0
       0
       0
       0
       0
       0
       0
       0
       0
       0
       0
       0
       0
       0
       0
       0
       0
       0
       0
       0
       0
       0
       0
       1
       0
       0
       0
       0
       0
       0
       0
       0
       0
       0
       1
       0
       0
       1
       0
       0
       0
       0
       0
       0
       0
       0
       0
       1
       0
       0
       0
       0
       0
       0
       1
       0
       0
       0
       0
       0
       0
       0
       0
       0
       0
       1
       0
       0
       0
       0
       0
       1
       0
       0
       0
       0
       0
       0
       0
       0
       0
       1
       0
       0
       0
       0
       0
       0
       0
       0
       0
       0
       0
       0
       0
       1
       0
       1
       0
       0
       0
       0
       0
       0
       0
       0
       0
       1
       0
       0
       1
       0
       0
       0
       0
       1
       0
       1
       0
       1
       0
       0
       0
       0
       0
       0
       0
       1
       0
       0
       0
       0
       1
       0
       1
       1
       0
       0
       0
       0
       0
       1
       0
       0
       1
       0
       0
       1
       0
       0
       0
       0
       0
       0
       0
       0
       0
       0
       1
       0
       0
       0
       0
       1
       0
       0
       0
       0
       0
       0
       0
       0
       0
       0
       0
       0
       0
       0
       0
       1
       0
       0
       1
       0
       0
       0
       0
       0
       0
       0
       0
       0
       1
       0
       0
       0
       0
       0
       0
       0
       0
       0
       0
       0
       0
       0
       0
       1
       0
       0
       0
       0
       0
       0
       2
       0
       1
       0
       1
       0
       0
       0
       0
       0
       1
       0
       0
       0
       0
       0
       0
       0
       0
       0
       0
       0
       0
       1
       0
       0
       0
       0
       0
       0
       0
       0
       1
       0
       0
       0
       0
       0
       0
       0
       0
       0
       0
       0
       0
       1
       0
       0
       0
       0
       0
       0
       0
       0
       0
       0
       0
       0
       0
       0
       0
       0
       0
       0
       0
       0
       0
       0
       0
       0
       1
       0
       0
       0
       0
       0
       0
       0
       0
       0
       0
       0
       1
       1
       0
       1
       0
       0
       0
       0
       0
       1
       0
       0
       1
       0
       1
       0
       0
       1
       0
       0
       0
       0
       0
       0
       0
       0
       0
       1
       1
       0
       0
       0
       0
       1
       0
       1
       0
       0
       0
       0
       0
       0
       0
       0
       0
       0
       0
       0
       0
       1
       0
       0
       0
       1
       0
       0
       0
       0
       0
       0
       0
       0
       0
       0
       0
       0
       0
       0
       0
       0
       0
       0
       0
       0
       0
       0
       0
       0
       0
       0
       0
       0
       0
       0
       0
       0
       0
       0
       0
       0
       1
       0
       1
       0
       0
       0
       1
       1
       2
       0
       0
       1
       0
       0
       0
       0
       0
       0
       0
       0
       0
       0
       0
       1
       0
       0
       1
       0
       0
       0
       0
       0
       0
       0
       0
       0
       0
       0
       0
       0
       0
       0
       0
       0
       0
       0
       0
       0
       0
       0
       0
       0
       0
       0
       0
       0
       0
       0
       1
       0
       0
       0
       0
       0
       0
       0
       0
       0
       0
       0
       1
       0
       0
       0
       0
       0
       0
       0
       0
       0
       0
       0
       0
       0
       0
       0
       0
       0
       1
       0
       1
       0
       0
       1
       0
       0
       0
       1
       0
       0
       0
       0
       0
       0
       0
       0
       0
       1
       0
       0
       0
       0
       0
       0
       0
       0
       0
       0
       0
       0
       0
       0
       0
       0
       0
       0
       0
       0
       0
       0
       0
       0
       0
       0
       0
       0
       0
       0
       0
       0
       0
       0
       0
       0
       0
       0
       0
       0
       0
       0
       0
       1
       0
       0
       0
       0
       0
       0
       0
       0
       0
       0
       0
       0
       0
       0
       0
       0
       0
       0
       0
       1
       0
       0
       0
       0
       0
       1
       0
       0
       0
       0
       0
       0
       0
       0
       0
       0
       0
       1
       0
       0
       0
       0
       0
       0
       0
       0
       0
       0
       0
       0
       0
       0
       0
       0
       0
       0
       1
       0
       0
       0
       0
       0
       0
       0
       0
       1
       1
       0
       1
       0
       0
       0
       0
       0
       1
       0
       0
       0
       0
       1
       0
       0
       5
       2
       4
       2
       2
       4
       9
       3
       7
       7
       8
       8
       7
       2
       1
       1
       1
       2
       3
       0
       0
       2
       0
       0
       0
       0
       0
       0
       0
       0
       0
       0
       0
       0
       1
       0
       0
       0
       0
       0
       0
       0
       0
       0
       0
       0
       0
       0
       0
       0
       0
       0
       0
       0
       0
       0
       0
       0
       0
       0
       0
       0
       0
       0
       0
       0
       0
       0
       0
       0
       0
       0
       0
       0
       0
       0
       0
       0
       0
       0
       0
       0
       0
       0
       0
       0
       1
       0
       0
       0
       0
       0
       0
       0
       0
       0
       0
       0
       0
       0
       0
       0
       0
       0
       0
       0
       0
       0
       0
       0
       0
       0
       0
       0
       0
       0
       0
       0
       0
       0
       0
       0
       0
       0
       0
       0
       0
       0
       1
       0
       0
       0
       0
       0
       0
       0
       0
       0
       0
       0
       0
       0
       0
       0
       0
       0
       0
       0
       0
       0
       0
       0
       1
       0
       0
       0
       0
       0
       0
       0
       0
       0
       0
       0
       0
       0
       0
       0
       0
       1
       0
       0
       0
       0
       0
       0
       0
       0
       0
       0
       0
       0
       0
       0
       0
       0
       0
       0
       0
       0
       0
       0
       0
       0
       0
       0
       0
       0
       0
       0
       1
       1
       0
       0
       0
       0
       0
       0
       0
       0
       0
       0
       1
       0
       0
       0
       0
       0
       1
       0
       0
       0
       0
       0
       0
       0
       0
       0
       0
       0
       0
       0
       0
       0
       0
       0
       0
       0
       0
       0
       0
       0
       1
       1
       0
       0
       0
       0
       0
       0
       1
       0
       0
       0
       1
       0
       0
       0
       0
       0
       0
       0
       0
       0
       0
       0
       0
       0
       0
       0
       0
       0
       0
       0
       0
       0
       0
       0
       0
       0
       0
       0
       0
       0
       0
       0
       0
       0
       0
       0
       0
       0
       0
       0
       0
       0
       0
       0
       0
       0
       0
       0
       0
       0
       0
       0
       0
       0
       0
       0
       0
       0
       0
       0
       0
       0
       0
       0
       0
       0
       0
       0
       0
       0
       0
       0
       0
       0
       0
       0
       1
       0
       1
       0
       0
       0
       0
       0
       0
       0
       0
       0
       0
       0
       0
       0
       0
       0
       0
       0
       0
       0
       1
       0
       0
       0
       0
       0
       0
       0
       0
       0
       0
       0
       0
       0
       0
       0
       0
       0
       0
       0
       0
       0
       1
       0
       0
       0
       0
       0
       0
       0
       0
       0
       0
       0
       0
       0
       1
       0
       0
       0
       0
       0
       0
       0
       0
       0
       0
       0
       0
       0
       0
       0
       0
       0
       0
       0
       0
       1
       0
       0
       0
       0
       0
       0
       0
       0
       0
       0
       0
       0
       0
       0
       0
       0
       0
       0
       0
       0
       0
       0
       0
       0
       0
       0
       0
       1
       0
       0
       0
       0
       0
       0
       0
       0
       0
       1
       0
       0
       0
       0
       0
       0
       0
       0
       0
       0
       0
       0
       0
       0
       0
       0
       0
       0
       0
       0
       0
       0
       0
       0
       0
       0
       0
       0
       0
       0
       0
       0
       0
       0
       0
       0
       0
       0
       0
       0
       0
       1
       0
       0
       0
       0
       1
       0
       0
       0
       0
       0
       0
       0
       0
       0
       0
       0
       0
       0
       0
       0
       0
       0
       0
       0
       0
       0
       0
       0
       0
       0
       0
       0
       0
       1
       0
       0
       0
       0
       1
       0
       0
       0
       0
       0
       0
       0
       0
       0
       0
       0
       0
       0
       1
       0
       0
       0
       0
       0
       0
       0
       0
       0
       0
       0
       0
       0
       0
       0
       0
       0
       0
       0
       0
       0
       0
       0
       0
       0
       0
       0
       0
       0
       0
       1
       0
       0
       0
       0
       0
       0
       0
       0
       0
       0
       0
       0
       0
       0
       0
       0
       0
       0
       0
       0
       0
       0
       0
       0
       0
       0
       0
       0
       0
       0
       0
       0
       0
       0
       0
       0
       0
       0
       0
       0
       0
       0
       0
       0
       0
       0
       0
       0
       0
       0
       0
       0
       0
       0
       0
       0
       0
       0
       0
       0
       0
       0
       1
       0
       0
       0
       0
       0
       0
       0
       0
       0
       0
       0
       0
       0
       0
       0
       1
       0
       0
       0
       0
       0
       0
       0
       0
       0
       0
       0
       0
       0
       0
       0
       0
       0
       0
       0
       0
       0
       0
       0
       1
       0
       0
       0
       0
       0
       0
       0
       0
       0
       1
       1
       0
       0
       0
       0
       0
       0
       0
       0
       0
       0
       0
       0
       0
       0
       0
       0
       0
       1
       0
       0
       0
       0
       0
       0
       0
       1
       0
       0
       0
       0
       0
       0
       0
       0
       0
       0
       0
       0
       0
       0
       0
       0
       0
       0
       0
       0
       0
       0
       0
       0
       0
       0
       0
       0
       0
       0
       0
       0
       0
       0
       0
       0
       0
       0
       0
       0
       0
       0
       0
       0
       0
       0
       0
       0
       0
       0
       0
       0
       0
       0
       0
       0
       0
       0
       0
       0
       0
       0
       0
       0
       0
       0
       0
       0
       0
       0
       0
       0
       0
       0
       0
       0
       0
       0
       0
       0
       0
       0
       0
       0
       0
       0
       0
       0
       0
       0
       0
       0
       0
       0
       0
       0
       0
       0
       0
       0
       0
       0
       0
       0
       0
       0
       0
       0
       0
       0
       0
       0
       0
       0
       0
       0
       0
       0
       0
       0
       0
       0
       0
       0
       0
       0
       0
       0
       0
       0
       0
       0
       0
       0
       0
       0
       0
       0
       0
       0
       0
       0
       0
       0
       0
       0
       0
       0
       0
       0
       0
       0
       0
       0
       0
       0
       0
       0
       0
       0
       0
       0
       0
       0
       0
       0
       0
       0
       0
       0
       0
       0
       0
       0
       0
       0
       0
       0
       0
       0
       0
       0
       0
       0
       0
       0
       0
       0
       0
       0
       0
       0
       0
       0
       0
       0
       0
       0
       0
       0
       0
       0
       0
       0
       0
       0
       0
       0
       0
       0
       0
       0
       0
       0
       0
       0
       0
       0
       0
       0
       0
       0
       0
       0
       0
       0
       0
       0
       0
       0
       0
       0
       0
       0
       0
       0
       1
       0
       0
       0
       0
       0
       0
       0
       0
       0
       0
       0
       0
       0
       0
       0
       0
       0
       0
       0
       0
       0
       0
       0
       0
       0
       0
       0
       0
       0
       0
       0
       0
       0
       0
       0
       0
       0
       0
       0
       0
       0
       0
       0
       0
       0
       0
       0
       0
       0
       0
       0
       0
       0
       0
       0
       0
       0
       0
       0
       0
       0
       0
       0
       0
       0
       0
       0
       0
       0
       0
       0
       0
       0
       0
       1
       0
       0
       0
       0
       0
       0
       0
       1
       0
       0
       0
       0
       0
       1
       0
       0
       0
       0
       0
       0
       0
       0
       0
       0
       0
       0
       0
       0
       0
       0
       0
       0
       0
       0
       0
       0
       0
       0
       1
       0
       0
       0
       0
       0
       0
       0
       0
       0
       0
       0
       0
       0
       0
       0
       0
       0
       0
       0
       0
       0
       0
       0
       0
       0
       0
       0
       0
       0
       0
       0
       0
       0
       0
       0
       0
       0
       0
       0
       0
       0
       1
       0
       0
       0
       0
       0
       0
       0
       0
       0
       0
       0
       0
       0
       0
       0
       0
       0
       0
       0
       0
       0
       0
       0
       0
       1
       0
       0
       0
       0
       0
       0
       0
       0
       0
       0
       0
       0
       0
       0
       0
       0
       0
       0
       0
       0
       0
       0
       0
       0
       0
       0
       0
       0
       0
       0
       0
       0
       0
       1
       0
       0
       0
       0
       0
       0
       0
       0
       0
       0
       0
       0
       0
       0
       0
       0
       0
       0
       0
       0
       0
       1
       0
       0
       0
       0
       0
       0
       1
       0
       0
       0
       2
       0
       1
       0
       1
       0
       0
       0
       0
       1
       0
       0
       0
       0
       1
       0
       0
       0
       0
       0
       0
       0
       0
       0
       0
       0
       0
       0
       0
       0
       0
       0
       1
       0
       0
       0
       0
       0
       0
       0
       0
       0
       0
       0
       0
       1
       0
       0
       0
       0
       0
       0
       0
       0
       0
       0
       0
       0
       0
       0
       1
       0
       0
       0
       0
       0
       0
       0
       0
       0
       0
       0
       0
       0
       0
       0
       0
       0
       0
       0
       0
       0
       0
       0
       0
       0
       0
       0
       0
       0
       0
       0
       0
       0
       0
       0
       0
       0
       0
       0
       0
       0
       0
       0
       1
       0
       0
       0
       0
       0
       0
       0
       0
       0
       0
       0
       0
       0
       0
       0
       0
       0
       0
       0
       0
       0
       0
       0
       0
       0
       0
       0
       0
       0
       0
       0
       0
       0
       0
       0
       0
       0
       0
       0
       0
       0
       0
       0
       0
       0
       0
       0
       0
       0
       0
       0
       0
       0
       0
       0
       0
       0
       0
       0
       0
       0
       0
       0
       0
       0
       0
       1
       0
       0
       0
       0
       0
       0
       0
       0
       0
       0
       1
       1
       0
       0
       0
       0
       0
       0
       0
       0
       0
       0
       0
       0
       0
       0
       0
       0
       0
       0
       1
       0
       0
       0
       0
       0
       0
       0
       0
       0
       0
       0
       0
       0
       0
       0
       0
       0
       0
       0
       0
       0
       0
       0
       0
       0
       0
       0
       0
       0
       0
       0
       0
       0
       0
       0
       1
       0
       0
       0
       0
       0
       0
       0
       0
       0
       0
       0
       0
       0
       0
       0
       0
       0
       1
       0
       0
       0
       0
       0
       0
       0
       0
       0
       0
       0
       0
       0
       0
       0
       0
       0
       0
       0
       0
       0
       0
       0
       0
       0
       0
       0
       0
       0
       0
       0
       0
       0
       0
       0
       0
       0
       0
       0
       0
       0
       0
       0
       0
       0
       0
       0
       0
       0
       0
       0
       0
       0
       0
       0
       0
       0
       0
       0
       0
       0
       0
       0
       0
       0
       0
       0
       0
       0
       0
       1
       0
       0
       1
       0
       0
       0
       0
       0
       0
       0
       0
       0
       0
       0
       0
       0
       0
       0
       1
       0
       0
       0
       0
       0
       0
       0
       0
       0
       0
       0
       0
       0
       0
       0
       0
       0
       0
       0
       0
       0
       0
       0
       0
       0
       0
       0
       0
       0
       0
       0
       0
       0
       0
       0
       0
       0
       0
       0
       0
       0
       0
       0
       0
       0
       0
       0
       0
       0
       0
       0
       0
       0
       0
       0
       0
       0
       0
       0
       0
       0
       0
       0
       0
       0
       0
       0
       0
       0
       0
       0
       0
       0
       0
       0
       0
       0
       0
       0
       0
       0
       1
       0
       0
       0
       0
       0
       0
       0
       0
       0
       0
       0
       0
       0
       0
       0
       0
       0
       0
       0
       0
       0
       0
       0
       0
       0
       0
       0
       0
       0
       0
       0
       0
       0
       0
       0
       0
       0
       0
       0
       0
       0
       0
       0
       0
       0
       0
       0
       0
       0
       0
       0
       0
       0
       0
       0
       0
       0
       0
       0
       0
       0
       0
       0
       0
       0
       0
       0
       0
       0
       0
       0
       0
       0
       0
       0
       0
       0
       0
       0
       0
       0
       1
       0
       0
       0
       0
       0
       0
       0
       0
       0
       0
       0
       0
       0
       0
       0
       0
       0
       0
       0
       0
       0
       0
       0
       0
       0
       0
       0
       0
       0
       0
       0
       0
       0
       0
       0
       0
       0
       1
       0
       0
       0
       0
       0
       0
       0
       0
       0
       0
       0
       0
       0
       0
       0
       1
       0
       0
       0
       0
       0
       0
       0
       0
       0
       0
       0
       0
       0
       0
       0
       0
       0
       0
       0
       0
       0
       0
       0
       0
       0
       0
       0
       0
       0
       0
       0
       0
       0
       0
       0
       0
       0
       0
       0
       0
       0
       0
       0
       0
       0
       0
       0
       0
       0
       0
       0
       0
       0
       0
       0
       0
       0
       0
       0
       0
       0
       0
       0
       0
       0
       0
       0
       0
       0
       0
       0
       0
       0
       0
       0
       0
       0
       0
       0
       0
       0
       0
       0
       0
       0
       0
       0
       0
       0
       0
       0
       0
       0
       0
       0
       0
       0
       0
       0
       0
       0
       0
       0
       0
       0
       0
       0
       0
       0
       0
       0
       0
       0
       0
       0
       0
       0
       1
       0
       0
       0
       0
       0
       0
       0
       0
       0
       0
       0
       0
       0
       0
       0
       0
       0
       0
       0
       0
       0
       0
       0
       0
       0
       0
       0
       0
       0
       0
       0
       0
       0
       0
       0
       0
       0
       0
       0
       0
       0
       0
       0
       0
       0
       0
       0
       0
       1
       0
       0
       0
       0
       0
       0
       1
       0
       0
       0
       0
       0
       0
       0
       0
       0
       0
       0
       0
       0
       0
       0
       0
       0
       0
       0
       0
       0
       0
       0
       0
       0
       0
       0
       0
       0
       0
       0
       0
       0
       0
       0
       0
       0
       0
       0
       1
       0
       0
       0
       0
       0
       0
       0
       0
       0
       0
       0
       0
       0
       0
       0
       0
       0
       0
       0
       0
       0
       0
       0
       0
       0
       0
       0
       0
       0
       1
       0
       0
       0
       0
       0
       0
       0
       0
       0
       0
       0
       0
       0
       0
       0
       0
       0
       0
       0
       0
       0
       0
       0
       0
       0
       0
       0
       0
       0
       0
       0
       0
       1
       0
       0
       0
       0
       0
       0
       0
       0
       0
       0
       0
       0
       0
       0
       0
       0
       0
       0
       0
       0
       0
       0
       0
       0
       0
       0
       1
       0
       0
       0
       0
       0
       0
       0
       0
       0
       0
       1
       0
       0
       0
       1
       0
       0
       0
       0
       0
       0
       0
       0
       0
       0
       0
       1
       0
       0
       0
       0
       0
       0
       0
       0
       0
       0
       0
       0
       0
       0
       0
       0
       0
       0
       0
       1
       0
       0
       0
       0
       0
       0
       0
       0
       0
       0
       0
       0
       0
       0
       0
       0
       0
       0
       0
       0
       0
       0
       0
       0
       0
       0
       0
       0
       0
       0
       0
       0
       0
       0
       0
       0
       0
       0
       0
       0
       0
       0
       0
       0
       0
       0
       0
       0
       0
       0
       0
       0
       0
       0
       0
       0
       0
       0
       0
       0
       0
       0
       0
       0
       0
       0
       0
       0
       0
       0
       0
       0
       0
       0
       0
       0
       0
       0
       0
       0
       0
       0
       0
       0
       0
       0
       0
       0
       0
       0
       1
       0
       0
       0
       0
       0
       0
       0
       0
       0
       0
       0
       0
       0
       0
       0
       0
       0
       0
       0
       0
       0
       0
       0
       0
       0
       0
       0
       0
       0
       0
       0
       0
       0
       0
       0
       0
       0
       0
       0
       0
       0
       0
       0
       0
       0
       0
       0
       0
       0
       0
       0
       0
       0
       0
       0
       0
       0
       0
       0
       0
       0
       0
       0
       0
       0
       0
       0
       0
       0
       0
       0
       0
       0
       0
       0
       0
       0
       0
       0
       0
       0
       0
       0
       0
       0
       0
       0
       0
       0
       0
       0
       0
       0
       0
       0
       0
       0
       0
       0
       0
       0
       0
       0
       0
       0
       0
       0
       0
       0
       0
       0
       0
       0
       0
       0
       0
       0
       0
       0
       1
       0
       0
       0
       0
       0
       0
       0
       0
       0
       0
       0
       0
       0
       0
       0
       0
       0
       0
       0
       0
       0
       0
       0
       0
       0
       0
       0
       0
       0
       0
       0
       0
       0
       0
       0
       0
       0
       0
       0
       0
       0
       0
       0
       0
       0
       0
       0
       0
       0
       0
       1
       0
       0
       0
       0
       0
       0
       0
       0
       0
       0
       0
       0
       0
       1
       0
       0
       0
       0
       0
       0
       0
       0
       0
       0
       0
       0
       0
       0
       0
       0
       0
       0
       0
       0
       0
       0
       0
       0
       0
       0
       0
       0
       0
       0
       0
       0
       0
       0
       0
       0
       0
       0
       0
       0
       0
       0
       0
       0
       0
       0
       0
       0
       0
       0
       0
       0
       0
       0
       0
       0
       0
       0
       0
       1
       0
       0
       0
       0
       0
       0
       0
       0
       0
       0
       0
       0
       0
       0
       0
       0
       0
       0
       0
       0
       0
       0
       0
       0
       0
$ROI:
11
224 244
765 907
1350 1411
1828 1908
2525 2667
2716 2799
3716 3817
4331 4427
4564 4622
5085 5259
5690 5768
$PRESETS:
Live Time
100
0
$ENER_FIT:
0.053689 0.255148
$MCA_CAL:
3
5.368913E-002 2.551478E-001 -1.853380E-009 keV
$SHAPE_CAL:
3
6.992400E+000 7.812671E-004 -3.508660E-008
