$SPEC_ID:
No sample description was entered.
$SPEC_REM:
DET# 1
DETDESC# GMX20P4 HPGe
AP# Maestro Version 7.01
$DATE_MEA:
11/28/2018 10:01:09
$MEAS_TIM:
100 101
$DATA:
0 8191
       0
       0
       0
       0
       0
       0
       0
       0
       0
       0
       0
       0
       0
       0
       0
       0
       0
       0
       0
       0
       0
       0
       0
       0
       0
       0
       0
       0
       0
       0
       0
       0
       0
       0
       0
       0
       0
       0
       0
       0
       0
       0
       0
       0
       0
       0
       0
       0
       4
      10
      26
      40
      32
      33
      47
      35
      36
      32
      50
      46
      47
      52
      60
      94
      90
     138
     133
     160
     177
     177
     152
     147
     109
     127
     108
      81
      99
      92
     104
     126
     147
     165
     154
     152
     150
     109
     102
      89
      84
      76
      86
      81
      87
     109
      94
      90
     111
     116
     130
     150
     168
     184
     224
     220
     185
     176
     143
     140
      84
      71
      49
      46
      24
      24
      34
      33
      28
      22
      19
      29
      25
      20
      22
      24
      39
      29
      38
      46
      34
      43
      42
      40
      38
      35
      46
      37
      28
      38
      34
      39
      46
      29
      51
      42
      50
      60
      54
      56
      69
      65
      67
      73
      85
      70
      67
     102
      89
      84
      89
     105
      89
      78
      87
     106
     114
     124
     131
     118
     113
     138
     148
     130
     122
     134
     133
     129
     129
     151
     149
     150
     170
     178
     178
     186
     184
     217
     236
     271
     277
     316
     326
     390
     409
     445
     484
     486
     487
     464
     489
     484
     498
     556
     587
     564
     545
     578
     568
     539
     563
     560
     505
     492
     505
     482
     469
     443
     433
     454
     434
     459
     473
     436
     473
     507
     637
     833
    1209
    1864
    2657
    3669
    4831
    5947
    6790
    6989
    6807
    6012
    4803
    3774
    2483
    1698
     998
     563
     278
     146
      74
      22
      34
      18
      11
      16
      25
      18
       8
      12
      17
      14
      15
      14
      15
      12
      14
      14
      16
      21
      19
      22
      11
      14
      16
      19
      13
      15
       8
      13
      15
       9
      23
      20
      18
      19
      15
      10
      10
      18
      16
      13
      12
      11
      14
      18
      20
      14
      19
      16
      24
      20
      22
      19
      11
      13
      17
      18
      24
      23
      19
      20
      12
      22
      14
      15
      21
       8
      16
      22
      12
      15
      16
      25
      12
      20
       7
      15
      13
      17
      22
      15
      15
      15
      13
      14
      22
      15
      21
      18
      16
      18
      11
      18
      13
      17
      21
      13
      19
      16
      13
      17
      13
      11
      20
      19
      20
      26
      16
      21
      25
      10
      13
      19
      22
      12
      16
       9
      18
      17
      20
      17
      15
      19
      21
       9
      15
      18
      17
      18
      16
      10
      22
      11
      18
      19
      13
      17
      13
      16
      16
      24
      20
      19
      18
      16
      25
      17
      13
      10
      17
       9
      14
      12
      19
      13
      20
      19
      22
      14
      21
      16
      17
      21
      14
      19
      19
      14
      17
      16
      20
      19
       9
      11
      19
      18
      13
      13
      10
      17
      24
      13
      17
      11
      24
      11
      16
      10
      13
      16
      13
      13
      12
      13
      12
      16
      17
      11
      15
      17
      16
       9
      15
      21
      12
      19
      17
      19
      14
      14
      15
      15
       8
      20
      16
       9
      15
      16
      18
       9
      16
      18
      23
      13
      11
      16
       7
      11
      19
      11
      19
      14
       8
      11
      14
      11
      11
      17
      20
      16
       8
      11
      13
      13
      17
      14
      18
       8
      19
      14
      18
      16
      10
      15
       5
      12
      16
      15
      19
      12
      21
      13
       8
      11
       6
      17
      18
      12
      17
      17
       8
      12
      15
       9
       9
      11
      12
      12
      26
      11
      17
      15
       6
      12
      13
       8
      11
      11
      11
      14
      17
      14
       6
      10
       9
       3
       9
       8
      17
      15
       9
      10
      16
       8
       8
      13
       8
       6
      13
      11
       9
      10
      15
       6
       6
       7
       5
       8
      11
       9
      14
      13
       7
      13
       8
       8
      12
      12
      10
      10
       7
       9
       7
       9
       9
      14
      15
      10
       8
      11
      14
       6
      15
      15
       8
      12
      10
      14
      15
       8
       8
      12
      11
      16
       8
      10
       9
      10
       9
       9
      14
      12
       8
       9
      10
      14
      10
       9
      11
      10
       9
      10
       8
      12
       9
      12
      13
       4
       9
       6
      12
       7
      12
       5
      14
       8
       5
      13
      13
      14
       9
       2
       9
       9
      10
      10
       8
      10
       9
      11
       9
       4
       5
       9
       6
       4
       7
       7
       9
       7
       9
       7
       8
       9
      10
      10
      10
       6
       8
       4
      15
      14
      18
       5
       8
       2
       8
       5
      13
      17
       6
       6
       9
      14
       6
       9
       7
       5
      10
       6
       6
       7
       9
       8
       7
       8
      11
       7
      13
       6
       5
      12
       9
      12
       6
       2
       5
       9
       7
       4
      15
       6
       1
       7
       7
      13
       7
       8
       3
       6
       4
       4
       8
      10
       4
       3
       8
       7
       3
       6
      13
       6
       9
      10
       5
       7
       9
       6
       9
       5
       9
       8
       1
      10
       6
       9
       9
      12
       2
       5
       8
       1
       3
       9
       4
       7
       4
       8
       4
       5
       4
       8
       7
       6
       8
       9
       6
       6
       1
      10
       9
       6
       7
       5
      11
      10
      10
       6
       6
       5
       4
      10
       8
       5
       3
       8
       5
       4
       7
       7
       7
      10
      11
      10
       5
       5
       6
       9
       4
      10
       4
       3
       7
       5
      12
       9
       5
       4
       1
       5
       7
      10
       9
       5
       4
       3
       4
       5
       5
       4
       6
       6
       4
      10
       9
       7
       7
       9
       9
       8
       9
       1
       5
       6
       7
       7
       2
       5
       4
       6
       4
       4
       5
       4
       5
       4
       7
       8
       5
       7
       3
       3
       5
       4
       7
       2
       4
       5
       6
       2
       3
       2
       5
       3
       6
       3
       6
       9
       7
       5
       6
       6
       6
       5
       8
       5
       6
       4
       1
       0
       7
       5
       2
       3
       6
       7
       3
       7
       3
       6
       3
       2
       5
       3
       3
       6
       2
       6
       3
       6
       8
       3
       8
       4
       4
       2
       7
       6
       5
       4
       3
       6
       3
       9
       4
       3
       9
       7
       7
       2
       4
       6
       9
       2
       3
       4
       3
       8
       2
       1
       7
       3
       1
       5
       3
       6
       2
       4
       6
      10
       4
       7
       6
       5
       7
       3
       5
       4
       3
       4
       5
       6
       3
       6
       5
       3
       5
       5
       6
       3
       7
       6
       7
       6
       5
       5
       3
       4
       9
       3
       8
       4
       3
       4
       2
       5
       5
       8
       1
       2
       4
       1
       3
       2
       8
       5
       4
       3
       2
       6
       4
       3
       3
       4
       6
       2
       1
       3
       1
       2
       2
       4
       7
       3
       2
       1
       3
       2
       4
       3
       6
       3
       4
       4
       3
       3
       6
       3
       5
       5
       0
       5
       4
       3
       6
       7
       4
       3
       3
       3
       3
       3
       5
       5
       2
       2
       3
       2
       1
       4
       4
       9
       4
       4
       0
       2
       6
       4
       5
       3
       3
       1
       1
       3
       2
       1
       5
       3
       5
       3
       0
       1
       3
       4
       7
       3
       3
       5
       2
       0
       3
       2
       1
       1
       1
       3
       3
       4
       3
       3
       3
       2
       4
       4
       1
       4
       1
       4
       2
       1
       2
       5
       2
       1
       2
       0
       4
       3
       3
       0
       3
       0
       0
       5
       4
       2
       5
       3
       5
       1
       3
       2
       0
       3
       1
       3
       1
       5
       1
       4
       5
       1
       2
       3
       5
       3
       3
       5
       2
       4
       3
       4
       1
       2
       0
       2
       0
       2
       5
       3
       5
       3
       3
       2
       3
       6
       5
       1
       3
       4
       2
       3
       1
       2
       0
       3
       2
       4
       3
       2
       2
       3
       6
       0
       3
       4
       2
       1
       6
       3
       3
       3
       2
       2
       3
       3
       2
       2
       0
       0
       3
       8
       3
       2
       2
       7
       2
       2
       2
       1
       2
       5
       0
       2
       0
       2
       3
       1
       3
       2
       3
       4
       1
       2
       3
       0
       0
       7
       1
       2
       3
       1
       1
       1
       6
       0
       3
       0
       3
       2
       1
       4
       1
       1
       3
       3
       7
       3
       1
       1
       1
       2
       5
       2
       4
       3
       2
       4
       2
       5
       0
       1
       3
       3
       2
       2
       3
       4
       3
       1
       2
       2
       3
       4
       2
       3
       1
       0
       2
       4
       7
       2
       3
       1
       0
       0
       2
       1
       4
       2
       3
       1
       3
       5
       2
       1
       6
       2
       3
       0
       4
       3
       1
       0
       2
       2
       0
       1
       4
       4
       2
       4
       0
       2
       2
       2
       4
       2
       2
       1
       1
       0
       2
       0
       1
       2
       2
       2
       3
       2
       4
       0
       4
       2
       3
       1
       3
       2
       0
       1
       2
       3
       3
       1
       3
       4
       3
       3
       2
       2
       4
       3
       2
       3
       3
       1
       1
       3
       2
       1
       1
       2
       2
       0
       3
       3
       4
       3
       8
       2
       0
       1
       1
       2
       2
       2
       2
       2
       5
       6
       0
       0
       3
       1
       1
       2
       1
       3
       2
       2
       0
       0
       2
       3
       3
       1
       1
       1
       3
       0
       4
       4
       7
       5
       5
       9
       8
       3
       5
       4
       3
       5
       0
       3
       2
       4
       2
       3
       3
       2
       3
       2
       2
       1
       1
       2
       1
       2
       3
       1
       3
       3
       1
       0
       4
       2
       1
       0
       4
       5
       1
       5
       2
       0
       2
       0
       1
       0
       1
       5
       3
       2
       3
       0
       1
       3
       2
       2
       2
       0
       2
       1
       2
       0
       1
       3
       1
       3
       2
       1
       2
       1
       1
       2
       3
       1
       0
       2
       2
       1
       0
       3
       2
       1
       2
       1
       0
       0
       2
       1
       1
       2
       4
       0
       1
       0
       2
       0
       0
       2
       0
       2
       1
       0
       1
       5
       0
       1
       3
       0
       3
       1
       0
       0
       2
       1
       1
       0
       2
       2
       1
       1
       1
       1
       1
       0
       0
       2
       3
       3
       0
       1
       1
       3
       4
       0
       1
       3
       1
       2
       1
       3
       0
       3
       2
       0
       0
       1
       1
       3
       1
       2
       0
       1
       0
       0
       1
       1
       3
       3
       1
       1
       0
       1
       0
       1
       3
       0
       1
       2
       0
       6
       1
       1
       2
       0
       1
       3
       1
       5
       2
       4
       2
       2
       3
       1
       1
       2
       4
       2
       1
       3
       2
       4
       0
       6
       4
       0
       5
       0
       3
       2
       1
       1
       0
       1
       0
       2
       0
       1
       0
       1
       1
       1
       2
       1
       2
       3
       1
       3
       2
       3
       1
       3
       1
       0
       4
       0
       1
       3
       2
       3
       1
       1
       0
       0
       2
       0
       0
       2
       2
       2
       1
       1
       1
       2
       2
       3
       2
       1
       2
       0
       0
       2
       1
       2
       0
       1
       0
       1
       2
       1
       2
       3
       1
       1
       2
       2
       1
       0
       3
       2
       1
       1
       1
       1
       2
       0
       2
       3
       0
       1
       2
       0
       1
       1
       1
       2
       0
       2
       2
       0
       0
       0
       1
       3
       3
       2
       4
       1
       2
       1
       2
       2
       3
       2
       0
       2
       1
       2
       0
       1
       2
       1
       1
       0
       1
       2
       4
       0
       2
       3
       0
       1
       0
       3
       2
       1
       2
       1
       3
       3
       3
       3
       2
       0
       0
       1
       2
       0
       2
       0
       0
       0
       2
       1
       2
       0
       1
       1
       1
       0
       1
       1
       0
       2
       2
       0
       1
       1
       0
       1
       1
       0
       1
       0
       0
       2
       1
       0
       0
       1
       3
       2
       2
       3
       1
       1
       2
       1
       3
       0
       3
       1
       3
       2
       1
       4
       0
       0
       2
       2
       1
       1
       4
       2
       0
       3
       1
       0
       2
       0
       2
       0
       1
       0
       2
       2
       0
       1
       0
       1
       1
       1
       2
       1
       2
       1
       0
       1
       1
       3
       3
       0
       1
       2
       5
       1
       2
       2
       0
       2
       1
       2
       1
       2
       1
       2
       1
       0
       0
       6
       4
       1
       2
       2
       3
       0
       1
       1
       2
       2
       2
       0
       0
       1
       1
       2
       3
       1
       0
       2
       1
       1
       0
       2
       0
       3
       0
       1
       1
       1
       1
       4
       1
       1
       3
       0
       1
       1
       2
       0
       1
       0
       0
       0
       0
       2
       2
       1
       1
       1
       1
       0
       0
       1
       0
       1
       2
       3
       0
       2
       0
       0
       1
       2
       3
       1
       0
       1
       4
       1
       1
       3
       1
       2
       2
       0
       0
       3
       0
       0
       2
       3
       3
       0
       1
       0
       0
       0
       0
       0
       0
       2
       1
       2
       4
       1
       0
       2
       3
       2
       2
       1
       1
       1
       0
       0
       0
       0
       2
       0
       1
       3
       2
       1
       1
       0
       2
       1
       1
       1
       1
       1
       0
       2
       1
       1
       0
       1
       3
       0
       0
       1
       0
       0
       0
       0
       1
       1
       1
       0
       1
       1
       0
       0
       1
       1
       3
       2
       2
       2
       1
       0
       0
       1
       1
       2
       1
       0
       0
       3
       2
       0
       4
       2
       1
       1
       1
       1
       4
       4
       3
       0
       2
       0
       0
       0
       0
       1
       0
       2
       0
       1
       0
       1
       0
       3
       3
       0
       1
       1
       4
       1
       3
       0
       2
       0
       1
       2
       3
       1
       0
       1
       1
       2
       3
       0
       2
       2
       1
       0
       0
       2
       2
       1
       0
       2
       2
       1
       0
       1
       0
       0
       1
       1
       0
       1
       1
       0
       0
       2
       1
       1
       0
       0
       1
       2
       0
       1
       2
       0
       1
       3
       0
       0
       0
       2
       0
       2
       0
       0
       0
       2
       2
       0
       1
       1
       0
       0
       0
       1
       2
       2
       0
       2
       0
       0
       0
       2
       1
       0
       1
       0
       0
       2
       1
       1
       1
       0
       1
       0
       2
       2
       1
       0
       0
       3
       1
       1
       0
       1
       0
       1
       0
       1
       0
       1
       1
       0
       1
       0
       2
       0
       1
       1
       1
       1
       2
       0
       0
       0
       1
       1
       1
       1
       0
       1
       3
       1
       0
       0
       0
       0
       0
       1
       0
       1
       1
       1
       2
       3
       0
       0
       0
       1
       2
       1
       0
       0
       1
       2
       3
       1
       0
       0
       0
       2
       3
       0
       1
       1
       0
       1
       1
       0
       2
       0
       1
       1
       1
       1
       0
       0
       1
       1
       1
       1
       0
       2
       4
       3
       1
       1
       1
       0
       1
       0
       0
       1
       0
       2
       0
       0
       0
       1
       0
       0
       1
       2
       2
       0
       0
       0
       0
       0
       2
       0
       0
       0
       2
       1
       0
       1
       1
       0
       0
       1
       0
       0
       1
       0
       1
       0
       2
       1
       0
       1
       0
       1
       2
       0
       0
       0
       2
       0
       1
       3
       1
       3
       0
       1
       0
       1
       0
       0
       3
       0
       1
       0
       1
       1
       0
       2
       1
       0
       1
       1
       0
       1
       3
       0
       0
       1
       1
       1
       0
       0
       0
       1
       3
       1
       1
       0
       2
       1
       1
       1
       2
       1
       1
       2
       1
       2
       0
       4
       1
       2
       4
       2
       0
       0
       0
       2
       0
       1
       1
       0
       1
       0
       0
       0
       1
       0
       0
       1
       2
       0
       1
       1
       1
       0
       1
       0
       0
       3
       1
       0
       0
       1
       1
       1
       0
       0
       0
       0
       0
       2
       0
       0
       0
       0
       2
       0
       0
       0
       0
       0
       1
       2
       1
       1
       1
       0
       0
       0
       0
       0
       0
       1
       1
       1
       0
       1
       0
       3
       0
       1
       1
       1
       0
       0
       1
       1
       0
       0
       1
       1
       0
       1
       1
       0
       1
       1
       1
       2
       1
       3
       0
       4
       1
       1
       4
       7
       3
       6
       3
       3
       4
       1
       3
       0
       0
       1
       2
       0
       1
       0
       0
       0
       0
       1
       1
       2
       0
       0
       2
       0
       0
       0
       0
       1
       1
       1
       0
       1
       0
       2
       1
       0
       1
       0
       0
       0
       0
       0
       0
       1
       0
       1
       0
       1
       1
       0
       0
       1
       0
       0
       0
       0
       2
       0
       0
       0
       0
       1
       0
       1
       0
       0
       3
       1
       0
       3
       0
       0
       1
       0
       5
       0
       0
       3
       0
       0
       1
       0
       0
       0
       1
       0
       1
       0
       2
       2
       1
       0
       2
       0
       3
       0
       1
       1
       2
       2
       0
       1
       0
       1
       0
       0
       0
       0
       0
       0
       1
       1
       0
       0
       0
       0
       0
       0
       0
       0
       1
       1
       1
       1
       0
       0
       1
       0
       2
       0
       1
       0
       0
       1
       1
       0
       0
       0
       1
       2
       1
       1
       1
       0
       0
       2
       0
       1
       0
       1
       0
       1
       0
       2
       0
       0
       0
       1
       1
       3
       1
       0
       1
       0
       0
       0
       2
       1
       1
       0
       2
       0
       0
       0
       2
       1
       0
       0
       0
       0
       0
       0
       1
       1
       0
       1
       2
       1
       1
       1
       0
       0
       0
       1
       0
       4
       1
       4
       4
       7
       8
       3
      12
      16
       6
      11
      11
      10
       7
       4
       6
       2
       3
       0
       0
       0
       2
       1
       1
       0
       0
       2
       0
       0
       0
       0
       1
       0
       1
       1
       2
       0
       0
       0
       0
       1
       0
       0
       1
       1
       1
       0
       0
       0
       0
       0
       1
       2
       0
       0
       1
       0
       0
       0
       0
       1
       0
       1
       0
       0
       0
       1
       0
       1
       2
       1
       0
       0
       1
       0
       1
       0
       1
       0
       0
       1
       0
       1
       0
       0
       0
       1
       1
       0
       0
       0
       0
       0
       0
       1
       1
       0
       0
       0
       1
       2
       1
       0
       0
       1
       0
       1
       2
       1
       0
       0
       1
       0
       0
       0
       0
       0
       1
       1
       0
       0
       0
       0
       0
       0
       1
       1
       0
       0
       0
       0
       0
       0
       0
       0
       0
       0
       1
       2
       0
       1
       0
       0
       0
       0
       1
       0
       0
       0
       0
       1
       0
       0
       0
       0
       1
       0
       0
       0
       1
       1
       2
       0
       1
       0
       0
       0
       1
       1
       0
       2
       2
       0
       1
       2
       0
       0
       1
       0
       1
       1
       0
       0
       2
       1
       0
       0
       0
       1
       1
       0
       2
       0
       0
       0
       1
       0
       3
       1
       0
       0
       1
       0
       0
       1
       0
       0
       0
       0
       1
       0
       0
       0
       1
       1
       2
       1
       0
       2
       1
       0
       0
       0
       0
       0
       0
       1
       0
       1
       0
       0
       0
       0
       2
       1
       0
       0
       1
       2
       0
       0
       0
       2
       0
       2
       1
       0
       0
       1
       2
       0
       0
       0
       1
       1
       0
       0
       0
       0
       1
       0
       0
       1
       1
       0
       0
       1
       1
       1
       0
       0
       0
       0
       0
       0
       1
       0
       0
       2
       1
       0
       1
       1
       1
       0
       0
       0
       1
       0
       0
       0
       1
       1
       1
       0
       3
       0
       0
       0
       1
       2
       0
       0
       0
       0
       0
       1
       0
       0
       0
       1
       0
       1
       0
       1
       0
       1
       1
       0
       0
       1
       1
       1
       1
       0
       0
       1
       0
       0
       0
       1
       0
       0
       2
       1
       1
       1
       2
       0
       1
       1
       0
       0
       0
       0
       0
       0
       1
       0
       2
       0
       0
       1
       2
       1
       2
       2
       1
       0
       0
       0
       0
       0
       0
       1
       1
       0
       1
       0
       1
       0
       0
       1
       1
       0
       0
       0
       0
       0
       0
       0
       1
       0
       0
       0
       0
       0
       1
       0
       0
       0
       0
       2
       1
       0
       0
       0
       1
       0
       1
       0
       0
       1
       2
       0
       1
       0
       0
       0
       0
       0
       2
       0
       2
       0
       2
       0
       0
       0
       0
       2
       0
       1
       1
       0
       1
       0
       0
       0
       1
       0
       0
       3
       0
       0
       1
       1
       0
       2
       0
       2
       0
       0
       1
       0
       1
       0
       0
       0
       2
       0
       0
       0
       0
       1
       1
       0
       0
       1
       0
       0
       2
       1
       2
       0
       0
       0
       0
       1
       0
       0
       0
       0
       0
       0
       0
       1
       0
       0
       0
       0
       0
       0
       1
       0
       0
       0
       1
       0
       0
       0
       0
       1
       0
       1
       0
       1
       1
       0
       1
       1
       0
       1
       1
       0
       0
       0
       0
       1
       1
       0
       0
       0
       0
       0
       1
       0
       0
       0
       0
       0
       1
       1
       1
       1
       1
       1
       1
       0
       0
       0
       1
       1
       0
       0
       0
       0
       0
       0
       1
       0
       0
       2
       0
       0
       0
       0
       0
       1
       0
       1
       1
       2
       1
       0
       0
       0
       0
       0
       0
       1
       1
       0
       3
       0
       1
       0
       1
       1
       1
       0
       0
       1
       1
       0
       0
       0
       0
       1
       0
       0
       0
       0
       0
       0
       0
       0
       0
       0
       0
       1
       0
       1
       0
       0
       0
       1
       0
       0
       2
       0
       1
       1
       0
       0
       0
       0
       0
       0
       0
       0
       2
       0
       0
       0
       0
       1
       0
       0
       0
       0
       0
       1
       0
       1
       0
       3
       0
       0
       0
       0
       0
       0
       0
       0
       1
       0
       1
       1
       0
       1
       0
       1
       0
       1
       0
       0
       1
       0
       0
       0
       0
       0
       0
       0
       0
       1
       0
       0
       2
       0
       1
       0
       2
       0
       0
       0
       0
       0
       0
       0
       0
       0
       1
       3
       1
       0
       1
       1
       0
       1
       0
       0
       0
       0
       0
       0
       1
       1
       0
       0
       0
       0
       0
       1
       0
       1
       0
       1
       2
       1
       1
       0
       1
       0
       0
       1
       0
       0
       0
       0
       0
       0
       0
       0
       1
       0
       1
       0
       0
       0
       0
       0
       0
       1
       0
       0
       2
       0
       0
       1
       1
       0
       0
       2
       0
       1
       0
       0
       0
       0
       0
       1
       0
       0
       0
       1
       1
       0
       1
       0
       0
       3
       0
       0
       2
       0
       1
       1
       0
       2
       0
       0
       0
       2
       2
       1
       2
       0
       0
       1
       0
       1
       0
       0
       0
       0
       0
       0
       0
       0
       1
       0
       0
       0
       0
       0
       0
       0
       0
       0
       0
       2
       1
       0
       1
       0
       0
       0
       1
       2
       1
       0
       0
       1
       1
       0
       0
       1
       0
       0
       0
       0
       1
       0
       1
       0
       1
       0
       0
       0
       2
       0
       0
       0
       0
       0
       1
       0
       1
       0
       0
       1
       0
       1
       0
       0
       0
       0
       1
       0
       0
       0
       1
       0
       0
       0
       1
       0
       1
       0
       1
       0
       0
       0
       0
       0
       0
       0
       2
       1
       1
       0
       0
       0
       0
       0
       1
       1
       2
       1
       1
       0
       0
       0
       1
       0
       0
       0
       0
       0
       1
       1
       1
       0
       2
       0
       0
       1
       0
       0
       0
       0
       1
       0
       0
       0
       0
       1
       0
       0
       2
       0
       0
       0
       0
       1
       0
       0
       0
       0
       0
       1
       0
       0
       0
       0
       0
       0
       0
       0
       1
       1
       1
       0
       2
       3
       0
       0
       1
       0
       2
       1
       0
       0
       0
       0
       1
       0
       0
       1
       0
       0
       0
       0
       0
       1
       0
       0
       0
       0
       0
       1
       1
       0
       0
       0
       1
       0
       1
       0
       0
       0
       0
       1
       0
       0
       2
       0
       0
       0
       0
       1
       0
       0
       1
       0
       0
       0
       0
       0
       0
       2
       1
       0
       0
       2
       0
       0
       1
       0
       1
       2
       1
       1
       0
       0
       0
       0
       0
       0
       0
       1
       0
       0
       0
       0
       1
       0
       0
       0
       0
       0
       0
       1
       1
       1
       0
       1
       0
       0
       0
       2
       0
       0
       0
       0
       1
       0
       0
       0
       0
       0
       1
       0
       1
       0
       1
       0
       0
       0
       1
       1
       0
       0
       0
       1
       0
       0
       0
       0
       0
       0
       0
       1
       0
       0
       0
       0
       0
       1
       2
       0
       0
       0
       1
       1
       1
       1
       1
       0
       0
       0
       1
       0
       1
       1
       0
       0
       2
       0
       0
       0
       0
       0
       1
       1
       0
       0
       0
       2
       1
       0
       0
       0
       0
       0
       0
       0
       0
       0
       0
       0
       0
       1
       0
       0
       0
       0
       2
       1
       0
       1
       1
       0
       0
       1
       0
       0
       1
       0
       0
       1
       1
       0
       0
       1
       0
       0
       1
       1
       0
       0
       0
       0
       0
       0
       1
       0
       0
       2
       0
       0
       0
       0
       0
       0
       0
       0
       1
       1
       1
       0
       0
       1
       0
       0
       1
       1
       0
       0
       0
       0
       0
       1
       0
       0
       0
       0
       0
       1
       0
       0
       1
       0
       0
       0
       0
       0
       3
       1
       0
       1
       0
       0
       0
       0
       0
       0
       0
       0
       0
       0
       0
       0
       0
       0
       0
       0
       1
       0
       1
       0
       0
       0
       1
       0
       0
       2
       0
       2
       1
       0
       3
       0
       1
       1
       2
       0
       0
       0
       0
       0
       0
       1
       0
       1
       1
       0
       0
       0
       0
       0
       2
       0
       0
       0
       2
       0
       0
       0
       0
       0
       0
       2
       0
       0
       1
       0
       1
       0
       2
       1
       0
       0
       0
       0
       0
       0
       0
       0
       0
       2
       0
       0
       0
       0
       0
       0
       0
       0
       0
       0
       0
       1
       0
       1
       0
       0
       0
       0
       1
       0
       0
       0
       1
       0
       0
       1
       0
       0
       0
       0
       0
       0
       0
       0
       0
       1
       0
       0
       0
       0
       0
       0
       1
       1
       0
       1
       0
       0
       0
       0
       1
       0
       0
       0
       1
       1
       0
       0
       0
       0
       0
       0
       1
       0
       0
       0
       0
       1
       0
       0
       0
       0
       1
       0
       1
       0
       0
       0
       0
       0
       0
       1
       0
       1
       0
       0
       0
       1
       0
       0
       0
       0
       0
       0
       0
       0
       0
       0
       1
       0
       0
       2
       0
       1
       0
       0
       0
       0
       0
       1
       0
       1
       0
       1
       0
       0
       0
       0
       0
       0
       0
       1
       0
       0
       0
       0
       1
       0
       0
       0
       0
       0
       1
       0
       1
       0
       1
       0
       0
       2
       0
       1
       1
       1
       0
       2
       0
       1
       0
       0
       0
       1
       0
       0
       0
       0
       0
       0
       0
       0
       0
       0
       0
       2
       1
       0
       0
       0
       0
       1
       1
       0
       0
       0
       0
       1
       0
       0
       0
       0
       0
       1
       0
       2
       0
       0
       0
       0
       0
       1
       0
       0
       1
       0
       0
       1
       0
       0
       0
       0
       1
       1
       0
       0
       1
       1
       0
       0
       0
       1
       0
       0
       0
       0
       0
       0
       0
       0
       0
       0
       0
       0
       1
       0
       0
       0
       0
       0
       0
       0
       0
       0
       0
       1
       0
       0
       0
       1
       0
       0
       0
       0
       0
       2
       0
       0
       0
       0
       1
       0
       0
       0
       0
       0
       0
       0
       0
       0
       1
       0
       0
       0
       1
       0
       0
       0
       1
       0
       0
       0
       0
       0
       0
       0
       0
       0
       0
       0
       0
       1
       0
       0
       0
       1
       0
       0
       0
       0
       0
       1
       0
       1
       0
       0
       1
       0
       0
       1
       0
       0
       0
       0
       1
       0
       0
       0
       0
       0
       0
       1
       1
       0
       1
       1
       0
       0
       0
       1
       1
       1
       0
       0
       0
       1
       0
       1
       0
       0
       0
       0
       0
       0
       0
       1
       1
       1
       0
       0
       0
       0
       0
       0
       0
       0
       2
       0
       0
       0
       0
       0
       0
       1
       1
       0
       0
       0
       0
       0
       0
       1
       0
       0
       0
       1
       0
       0
       1
       0
       0
       1
       1
       0
       0
       0
       0
       0
       1
       0
       0
       0
       0
       0
       0
       0
       1
       0
       1
       0
       0
       1
       1
       0
       0
       1
       0
       0
       1
       0
       0
       0
       1
       0
       0
       0
       1
       0
       0
       0
       1
       0
       1
       3
       0
       0
       0
       1
       0
       0
       0
       0
       0
       0
       0
       0
       0
       0
       0
       0
       0
       0
       0
       0
       0
       0
       0
       1
       0
       2
       0
       0
       1
       0
       0
       0
       0
       0
       0
       0
       1
       0
       0
       0
       1
       1
       0
       0
       0
       1
       0
       0
       0
       0
       0
       1
       0
       0
       0
       0
       1
       0
       0
       0
       0
       0
       1
       1
       0
       1
       0
       0
       0
       0
       0
       0
       1
       1
       0
       0
       1
       0
       1
       0
       1
       0
       0
       0
       0
       1
       0
       1
       0
       0
       2
       1
       0
       1
       0
       1
       1
       1
       0
       0
       1
       1
       0
       0
       0
       0
       0
       1
       0
       1
       0
       0
       1
       0
       0
       0
       1
       0
       0
       1
       0
       0
       0
       0
       1
       0
       1
       1
       0
       0
       0
       3
       2
       1
       1
       0
       0
       0
       0
       2
       0
       0
       0
       0
       0
       0
       0
       0
       0
       1
       0
       0
       0
       0
       0
       0
       1
       0
       1
       0
       0
       0
       0
       1
       0
       0
       2
       1
       1
       0
       0
       0
       0
       0
       0
       0
       1
       0
       0
       0
       0
       0
       0
       0
       1
       0
       0
       1
       0
       2
       1
       0
       1
       0
       1
       0
       1
       0
       0
       0
       0
       0
       0
       0
       0
       0
       0
       0
       0
       0
       0
       0
       0
       0
       1
       0
       0
       1
       0
       1
       0
       0
       0
       0
       0
       0
       0
       1
       0
       0
       0
       0
       1
       0
       0
       1
       0
       2
       0
       0
       0
       0
       1
       0
       0
       0
       0
       1
       0
       0
       0
       1
       0
       1
       0
       0
       0
       1
       0
       0
       0
       0
       1
       0
       1
       2
       0
       1
       0
       0
       1
       0
       0
       0
       0
       0
       0
       0
       0
       0
       0
       0
       0
       0
       0
       0
       0
       0
       0
       0
       0
       0
       1
       1
       0
       0
       0
       0
       0
       0
       1
       0
       0
       0
       1
       1
       0
       0
       1
       1
       1
       0
       0
       0
       0
       0
       0
       0
       0
       1
       0
       1
       1
       0
       1
       0
       0
       0
       0
       1
       0
       0
       0
       0
       0
       0
       0
       0
       0
       0
       0
       1
       1
       0
       0
       0
       0
       1
       0
       1
       1
       0
       0
       0
       0
       0
       0
       2
       0
       0
       0
       1
       0
       0
       1
       0
       1
       0
       0
       0
       2
       0
       0
       0
       0
       0
       1
       0
       1
       0
       0
       0
       0
       1
       0
       1
       0
       0
       0
       0
       0
       0
       1
       0
       0
       0
       0
       0
       0
       1
       0
       0
       0
       0
       0
       0
       0
       0
       0
       0
       1
       0
       0
       0
       0
       0
       0
       0
       1
       1
       0
       0
       1
       0
       0
       1
       0
       0
       0
       1
       0
       0
       0
       0
       0
       0
       0
       0
       1
       0
       0
       0
       0
       1
       0
       1
       1
       1
       1
       0
       0
       0
       3
       0
       1
       0
       0
       1
       0
       2
       0
       0
       1
       1
       0
       0
       0
       0
       0
       0
       0
       1
       0
       0
       0
       0
       1
       0
       0
       0
       0
       1
       0
       0
       0
       0
       0
       0
       2
       0
       0
       0
       0
       0
       1
       1
       1
       0
       0
       2
       0
       1
       2
       1
       0
       0
       0
       0
       0
       1
       2
       0
       0
       0
       0
       1
       0
       0
       0
       0
       0
       0
       0
       0
       2
       0
       0
       0
       0
       0
       0
       0
       1
       0
       0
       0
       0
       0
       0
       0
       0
       0
       0
       1
       0
       0
       0
       0
       0
       0
       0
       0
       0
       2
       0
       0
       0
       0
       0
       0
       0
       1
       0
       0
       0
       0
       0
       0
       1
       0
       0
       0
       1
       2
       2
       0
       1
       1
       0
       1
       3
       0
       0
       0
       0
       0
       0
       0
       0
       1
       0
       1
       1
       1
       0
       1
       0
       0
       1
       1
       0
       0
       1
       0
       0
       1
       0
       1
       0
       0
       0
       0
       0
       0
       0
       0
       1
       0
       0
       0
       0
       0
       1
       1
       1
       0
       0
       0
       0
       0
       0
       1
       0
       1
       1
       0
       0
       0
       0
       0
       0
       0
       0
       1
       0
       0
       0
       0
       0
       0
       1
       1
       0
       0
       0
       0
       0
       1
       1
       0
       0
       0
       0
       0
       0
       0
       1
       0
       0
       0
       0
       0
       1
       0
       0
       1
       0
       0
       0
       1
       0
       0
       0
       0
       0
       0
       1
       0
       0
       0
       0
       1
       0
       0
       0
       0
       1
       0
       0
       0
       0
       0
       0
       0
       0
       0
       0
       0
       0
       0
       0
       0
       0
       0
       0
       0
       0
       0
       0
       0
       0
       0
       0
       0
       0
       0
       0
       1
       0
       0
       0
       0
       0
       0
       1
       0
       0
       0
       0
       0
       1
       0
       0
       1
       0
       0
       0
       0
       0
       0
       1
       0
       1
       0
       0
       0
       1
       0
       1
       0
       0
       0
       0
       0
       0
       1
       0
       0
       0
       0
       0
       1
       1
       0
       0
       1
       1
       0
       0
       0
       0
       0
       0
       0
       0
       0
       0
       1
       0
       0
       0
       0
       0
       0
       1
       0
       0
       0
       0
       1
       0
       1
       1
       0
       1
       0
       0
       0
       1
       0
       0
       0
       0
       0
       0
       0
       0
       0
       0
       0
       0
       0
       1
       0
       0
       0
       0
       0
       0
       0
       1
       0
       0
       0
       1
       0
       0
       0
       0
       1
       1
       0
       0
       1
       0
       0
       0
       0
       0
       0
       0
       0
       0
       0
       0
       0
       0
       0
       0
       0
       0
       0
       0
       1
       0
       0
       0
       0
       1
       0
       1
       0
       0
       0
       0
       2
       0
       0
       0
       0
       0
       1
       0
       1
       1
       0
       0
       0
       0
       2
       0
       0
       1
       0
       0
       0
       0
       0
       0
       0
       1
       0
       0
       0
       0
       0
       0
       0
       0
       0
       0
       1
       0
       0
       0
       1
       0
       0
       0
       0
       0
       0
       0
       0
       0
       1
       0
       0
       0
       0
       0
       0
       0
       0
       0
       0
       0
       0
       0
       0
       0
       0
       1
       0
       0
       0
       0
       0
       0
       0
       0
       0
       0
       0
       0
       0
       0
       0
       0
       0
       0
       0
       1
       0
       0
       1
       0
       1
       0
       0
       0
       0
       1
       0
       0
       2
       0
       0
       0
       0
       1
       0
       1
       0
       2
       0
       0
       0
       0
       0
       0
       0
       0
       0
       0
       0
       0
       0
       0
       1
       0
       0
       0
       0
       0
       0
       1
       1
       0
       0
       0
       0
       1
       0
       0
       0
       0
       0
       0
       0
       0
       0
       0
       0
       0
       0
       0
       0
       0
       0
       0
       0
       0
       0
       0
       0
       0
       0
       0
       0
       0
       0
       0
       0
       0
       0
       0
       0
       1
       0
       0
       0
       0
       0
       0
       0
       0
       0
       0
       0
       0
       0
       0
       0
       0
       0
       0
       0
       1
       0
       0
       0
       0
       0
       0
       0
       0
       0
       2
       1
       0
       0
       0
       0
       0
       0
       0
       0
       0
       0
       0
       0
       0
       0
       0
       0
       0
       1
       0
       1
       0
       0
       0
       1
       0
       1
       0
       0
       0
       0
       0
       0
       0
       0
       0
       0
       0
       0
       0
       0
       0
       0
       0
       0
       0
       0
       0
       0
       0
       0
       0
       0
       0
       0
       0
       0
       0
       0
       0
       0
       1
       0
       0
       0
       0
       0
       0
       0
       1
       0
       0
       0
       0
       0
       1
       0
       0
       0
       0
       0
       0
       0
       0
       1
       1
       0
       0
       0
       0
       0
       0
       0
       0
       0
       0
       1
       0
       1
       0
       0
       0
       0
       0
       0
       1
       0
       0
       0
       0
       0
       0
       0
       0
       0
       0
       0
       1
       0
       0
       0
       0
       1
       0
       0
       0
       0
       0
       0
       0
       0
       0
       0
       0
       0
       0
       0
       0
       0
       0
       0
       0
       0
       0
       0
       0
       0
       0
       0
       0
       0
       0
       0
       0
       0
       1
       1
       0
       0
       1
       0
       0
       0
       0
       0
       0
       0
       0
       0
       0
       0
       0
       0
       0
       0
       0
       0
       0
       0
       0
       0
       1
       0
       1
       0
       0
       0
       0
       0
       0
       0
       0
       0
       1
       0
       1
       0
       0
       1
       0
       0
       0
       0
       0
       0
       0
       1
       0
       0
       0
       0
       0
       0
       0
       0
       0
       0
       0
       0
       1
       0
       0
       0
       0
       1
       0
       0
       0
       0
       0
       0
       0
       0
       0
       0
       0
       0
       0
       0
       0
       1
       0
       0
       0
       0
       0
       0
       0
       0
       0
       0
       0
       0
       0
       0
       0
       0
       0
       0
       0
       1
       0
       0
       0
       0
       0
       0
       0
       0
       0
       0
       0
       1
       0
       0
       0
       0
       0
       0
       0
       0
       0
       0
       0
       0
       0
       0
       0
       0
       0
       2
       1
       0
       0
       0
       0
       0
       0
       0
       0
       0
       0
       0
       0
       0
       0
       0
       0
       1
       0
       0
       0
       0
       0
       0
       0
       0
       0
       0
       0
       0
       0
       0
       0
       0
       0
       1
       0
       0
       0
       0
       0
       0
       0
       0
       0
       0
       0
       0
       0
       0
       0
       0
       0
       0
       0
       0
       0
       0
       0
       0
       0
       0
       0
       0
       3
       0
       0
       1
       0
       0
       0
       0
       0
       0
       0
       1
       0
       0
       0
       0
       0
       0
       1
       0
       0
       0
       0
       2
       3
       1
       3
       5
       4
       6
       5
       7
       5
       6
      16
       7
       6
       6
       8
       1
       2
       2
       2
       0
       0
       0
       1
       0
       0
       0
       0
       0
       0
       0
       0
       0
       0
       0
       0
       0
       0
       0
       0
       0
       0
       0
       0
       0
       0
       0
       0
       0
       0
       0
       0
       1
       0
       0
       0
       0
       0
       0
       0
       1
       0
       0
       0
       0
       0
       0
       0
       0
       0
       0
       0
       0
       0
       0
       0
       0
       0
       0
       0
       0
       0
       0
       0
       0
       0
       0
       1
       0
       0
       0
       0
       0
       1
       0
       0
       0
       0
       0
       1
       0
       0
       0
       0
       0
       0
       0
       0
       1
       0
       0
       0
       0
       0
       0
       0
       0
       0
       0
       0
       0
       0
       0
       0
       1
       0
       0
       0
       0
       0
       0
       0
       0
       0
       0
       0
       0
       0
       0
       0
       0
       0
       0
       0
       0
       0
       1
       0
       0
       0
       0
       0
       1
       0
       0
       0
       0
       0
       0
       0
       0
       0
       0
       0
       0
       0
       0
       0
       0
       0
       0
       0
       0
       0
       0
       0
       0
       0
       0
       0
       0
       1
       0
       0
       0
       0
       0
       1
       0
       0
       0
       0
       0
       0
       0
       0
       1
       0
       0
       0
       0
       0
       1
       0
       1
       0
       0
       0
       0
       0
       0
       0
       0
       0
       0
       0
       0
       2
       0
       0
       0
       0
       0
       0
       1
       0
       0
       0
       0
       0
       0
       0
       0
       0
       0
       0
       0
       0
       0
       0
       0
       0
       1
       1
       0
       0
       0
       0
       0
       1
       0
       0
       0
       0
       0
       0
       0
       0
       0
       0
       0
       0
       0
       0
       0
       0
       0
       1
       0
       1
       0
       0
       0
       0
       0
       0
       0
       1
       0
       0
       1
       0
       0
       0
       0
       0
       1
       0
       0
       0
       0
       0
       0
       0
       0
       0
       0
       0
       0
       0
       0
       0
       0
       0
       0
       0
       0
       1
       0
       0
       0
       0
       0
       0
       0
       0
       0
       0
       0
       0
       0
       0
       0
       0
       0
       0
       0
       0
       0
       0
       0
       0
       0
       0
       0
       1
       0
       0
       0
       0
       0
       0
       0
       0
       0
       0
       0
       0
       0
       0
       0
       0
       0
       0
       0
       0
       0
       0
       0
       0
       0
       0
       0
       0
       0
       0
       0
       1
       0
       0
       0
       0
       0
       0
       0
       0
       0
       0
       0
       0
       0
       0
       0
       0
       0
       0
       0
       0
       0
       0
       0
       0
       0
       0
       0
       0
       0
       0
       0
       0
       0
       0
       0
       0
       0
       0
       0
       0
       1
       0
       0
       0
       0
       0
       0
       0
       0
       0
       0
       0
       0
       0
       0
       0
       0
       0
       0
       0
       0
       0
       0
       0
       0
       0
       0
       0
       0
       0
       1
       1
       0
       0
       0
       0
       0
       0
       0
       0
       0
       0
       0
       0
       0
       0
       0
       0
       0
       0
       0
       0
       0
       0
       0
       0
       0
       0
       0
       0
       0
       0
       0
       0
       0
       0
       0
       0
       0
       0
       0
       0
       0
       0
       0
       0
       0
       0
       1
       0
       0
       0
       0
       0
       0
       0
       0
       0
       0
       0
       0
       0
       0
       1
       0
       0
       0
       0
       0
       0
       1
       0
       0
       0
       0
       0
       0
       0
       0
       0
       0
       0
       0
       0
       0
       0
       0
       0
       0
       0
       0
       0
       0
       0
       0
       0
       0
       0
       0
       0
       0
       0
       0
       0
       0
       0
       0
       0
       0
       0
       0
       0
       0
       0
       1
       0
       0
       0
       0
       0
       0
       0
       0
       0
       0
       0
       0
       0
       0
       0
       0
       0
       0
       0
       0
       0
       0
       0
       0
       0
       0
       0
       0
       0
       0
       0
       0
       0
       0
       0
       0
       0
       0
       0
       0
       0
       0
       0
       0
       0
       0
       0
       1
       0
       0
       0
       0
       0
       0
       0
       0
       0
       0
       0
       0
       0
       0
       0
       0
       0
       0
       0
       0
       1
       0
       0
       0
       0
       0
       0
       0
       0
       0
       0
       0
       0
       0
       0
       0
       0
       0
       0
       1
       0
       0
       0
       0
       0
       0
       0
       0
       0
       0
       0
       0
       0
       0
       0
       0
       0
       0
       0
       0
       0
       0
       0
       0
       0
       0
       0
       0
       0
       0
       0
       0
       0
       0
       0
       0
       0
       0
       0
       0
       0
       0
       0
       0
       0
       0
       0
       0
       0
       0
       0
       0
       0
       0
       0
       0
       0
       0
       0
       0
       0
       0
       0
       0
       0
       0
       0
       0
       0
       0
       0
       0
       0
       0
       0
       0
       0
       0
       0
       0
       0
       0
       0
       0
       0
       0
       0
       0
       0
       0
       0
       0
       0
       0
       0
       0
       0
       0
       0
       0
       0
       0
       1
       0
       0
       0
       0
       0
       0
       0
       0
       0
       0
       0
       1
       0
       0
       0
       0
       0
       0
       0
       0
       0
       0
       1
       0
       0
       0
       0
       0
       0
       0
       0
       0
       0
       0
       0
       0
       1
       0
       0
       0
       0
       0
       0
       0
       0
       0
       0
       0
       0
       0
       0
       0
       0
       0
       0
       1
       0
       0
       0
       1
       0
       0
       0
       0
       0
       0
       0
       0
       1
       0
       0
       0
       0
       0
       0
       0
       0
       0
       0
       0
       0
       0
       0
       0
       0
       0
       0
       0
       0
       0
       0
       0
       0
       0
       0
       0
       0
       0
       0
       0
       0
       0
       0
       1
       0
       0
       0
       0
       0
       0
       0
       0
       0
       0
       0
       0
       0
       0
       0
       0
       0
       0
       0
       0
       0
       0
       0
       0
       0
       0
       0
       0
       0
       0
       0
       0
       0
       0
       0
       0
       0
       0
       0
       0
       0
       0
       0
       0
       0
       0
       0
       0
       0
       0
       0
       0
       0
       0
       0
       0
       0
       0
       0
       0
       0
       0
       0
       0
       0
       0
       0
       0
       0
       0
       0
       0
       0
       0
       0
       0
       0
       0
       0
       0
       0
       0
       0
       0
       0
       0
       0
       0
       0
       0
       0
       0
       0
       0
       0
       0
       0
       0
       0
       0
       0
       0
       0
       0
       0
       0
       0
       0
       0
       0
       0
       0
       0
       0
       0
       0
       0
       0
       0
       0
       0
       0
       0
       0
       0
       0
       0
       0
       0
       0
       0
       0
       0
       0
       0
       0
       0
       0
       0
       0
       0
       0
       0
       0
       0
       0
       0
       0
       0
       0
       0
       0
       0
       0
       0
       0
       0
       0
       0
       0
       0
       0
       0
       0
       0
       0
       0
       0
       0
       0
       0
       0
       0
       0
       0
       0
       0
       0
       0
       0
       0
       0
       0
       0
       0
       0
       0
       0
       0
       0
       0
       0
       1
       0
       0
       0
       0
       0
       0
       0
       0
       0
       0
       0
       0
       0
       0
       0
       0
       1
       0
       0
       0
       0
       0
       0
       0
       0
       0
       0
       0
       0
       0
       0
       0
       0
       0
       0
       0
       0
       0
       0
       0
       0
       0
       0
       0
       0
       0
       0
       0
       0
       0
       0
       0
       0
       0
       0
       0
       0
       0
       0
       0
       0
       0
       0
       0
       0
       0
       0
       0
       0
       0
       0
       0
       0
       0
       0
       0
       0
       0
       0
       0
       0
       0
       0
       0
       0
       0
       0
       0
       0
       0
       0
       0
       0
       0
       0
       0
       0
       0
       0
       0
       0
       0
       0
       0
       0
       0
       0
       0
       0
       0
       0
       0
       0
       0
       0
       0
       0
       0
       0
       0
       0
       0
       0
       0
       0
       0
       0
       0
       0
       0
       0
       0
       0
       0
       0
       0
       0
       0
       0
       0
       0
       0
       0
       0
       0
       0
       0
       0
       0
       0
       0
       0
       0
       0
       0
       0
       1
       1
       3
       3
       0
       0
       0
       1
       1
       0
       2
       1
       1
       0
       0
       0
       0
       0
       0
       0
       0
       0
       0
       1
       0
       0
       1
       0
       0
       0
       0
       0
       0
       0
       0
       0
       0
       0
       0
       0
       0
       0
       1
       0
       0
       0
       0
       0
       0
       0
       0
       0
       0
       0
       0
       0
       0
       0
       0
       0
       0
       0
       0
       0
       0
       0
       1
       0
       0
       1
       0
       0
       0
       0
       0
       0
       0
       0
       0
       0
       0
       0
       0
       1
       0
       0
       0
       0
       0
       0
       0
       0
       0
       0
       0
       1
       0
       0
       0
       0
       0
       0
       0
       0
       0
       0
       0
       0
       0
       0
       0
       0
       0
       0
       0
       1
       0
       0
       0
       0
       0
       0
       0
       0
       0
       0
       0
       0
       0
       0
       0
       1
       0
       0
       0
       0
       0
       0
       0
       0
       0
       0
       0
       0
       0
       0
       0
       0
       0
       0
       0
       0
       0
       0
       0
       0
       0
       0
       0
       0
       0
       0
       0
       0
       0
       0
       0
       0
       0
       0
       0
       0
       0
       0
       0
       0
       0
       0
       0
       0
       0
       0
       0
       0
       0
       0
       0
       0
       0
       0
       0
       0
       0
       0
       0
       0
       0
       0
       0
       0
       0
       0
       0
       0
       0
       0
       0
       0
       0
       0
       0
       0
       0
       0
       0
       0
       0
       0
       0
       0
       0
       0
       0
       0
       0
       0
       0
       0
       0
       0
       0
       0
       0
       0
       0
       0
       0
       0
       0
       0
       1
       0
       0
       0
       0
       0
       0
       0
       0
       0
       0
       0
       0
       0
       0
       0
       0
       0
       0
       0
       0
       0
       0
       0
       0
       0
       0
       0
       0
       0
       0
       0
       0
       0
       0
       0
       0
       0
       0
       0
       0
       0
       0
       0
       0
       0
       0
       0
       0
       0
       0
       0
       0
       0
       0
       0
       0
       0
       0
       0
       0
       0
       0
       0
       0
       0
       0
       0
       0
       0
       0
       0
       0
       0
       0
       0
       0
       0
       0
       0
       1
       0
       0
       0
       0
       0
       0
       0
       0
       1
       0
       0
       1
       0
       0
       0
       1
       0
       0
       0
       0
       0
       0
       0
       0
       0
       1
       0
       0
       0
       0
       0
       0
       0
       0
       0
       0
       0
       0
       0
       0
       0
       0
       0
       0
       0
       0
       0
       0
       0
       0
       0
       0
       0
       1
       0
       0
       0
       0
       0
       0
       0
       0
       0
       0
       0
       0
       0
       0
       0
       0
       0
       0
       0
       0
       0
       0
       0
       0
       0
       0
       0
       0
       0
       0
       0
       0
       0
       0
       0
       0
       0
       0
       0
       0
       0
       0
       0
       0
       0
       0
       0
       0
       0
       0
       0
       0
       0
       0
       0
       0
       0
       0
       0
       0
       0
       0
       0
       0
       0
       0
       0
       0
       0
       0
       0
       0
       0
       0
       0
       0
       0
       0
       1
       0
       0
       0
       0
       0
       0
       0
       0
       0
       0
       0
       0
       0
       0
       0
       0
       0
       0
       0
       0
       0
       0
       0
       0
       0
       0
       0
       0
       0
       0
       0
       0
       0
       0
       0
       0
       0
       0
       0
       0
       0
       0
       0
       0
       0
       0
       0
       0
       0
       0
       0
       0
       0
       0
       0
       0
       0
       0
       0
       0
       0
       0
       0
       0
       0
       0
       0
       0
       0
       0
       0
       0
       0
       1
       1
       0
       0
       0
       0
       0
       0
       0
       1
       0
       0
       0
       0
       0
       0
       0
       0
       0
       0
       0
       0
       0
       0
       0
       0
       0
       0
       0
       0
       0
       0
       0
       0
       0
       0
       0
       0
       0
       0
       0
       0
       0
       0
       0
       0
       0
       0
       0
       0
       0
       0
       0
       0
       0
       0
       0
       0
       0
       0
       0
       0
       0
       0
       0
       0
       0
       0
       0
       0
       0
       0
       0
       0
       0
       0
       0
       0
       0
       0
       0
       0
       0
       0
       0
       0
       0
       0
       0
       0
       0
       0
       0
       0
       0
       0
       0
       0
       0
       0
       0
       0
       0
       0
       0
       0
       0
       0
       0
       0
       0
       0
       0
       0
       0
       0
       0
       0
       0
       0
       0
       0
       1
       0
       0
       0
       0
       0
       0
       0
       0
       0
       0
       0
       0
       0
       0
       0
       0
       0
       0
       1
       0
       0
       0
       0
       0
       1
       0
       0
       0
       0
       0
       1
       0
       0
       0
       0
       0
       0
       0
       0
       0
       0
       0
       0
       0
       0
       0
       0
       0
       0
       0
       0
       0
       0
       0
       0
       0
       0
       0
       0
       0
       1
       0
       0
       0
       0
       0
       0
       0
       0
       0
       0
       1
       0
       0
       0
       0
       0
       0
       0
       0
       0
       0
       0
       0
       0
       0
       0
       0
       0
       0
       0
       0
       0
       0
       0
       0
       0
       0
       0
       0
       0
       0
       0
       0
       0
       0
       0
       0
       0
       0
       0
       0
       0
       0
       0
       0
       0
       0
       0
       0
       0
       0
       0
       0
       0
       0
       0
       0
       0
       0
       0
       0
       0
       0
       0
       0
       0
       0
       0
       0
       0
       0
       0
       0
       0
       0
       0
       0
       0
       0
       0
       0
       0
       0
       0
       0
       0
       0
       0
       0
       0
       0
       0
       0
       0
       0
       0
       0
       0
       0
       0
       0
       0
       0
       0
       0
       0
       0
       0
       0
       0
       1
       0
       0
       0
       0
       0
       0
       0
       0
       0
       0
       0
       0
       0
       0
       0
       0
       0
       0
       0
       0
       0
       0
       0
       0
       1
       0
       0
       0
       0
       0
       0
       0
       0
       0
       0
       0
       0
       0
       0
       0
       0
       0
       0
       0
       0
       0
       0
       0
       0
       0
       0
       0
       0
       0
       0
       0
       0
       0
       0
       0
       0
       0
       0
       0
       0
       0
       0
       0
       0
       0
       0
       0
       0
       0
       0
       0
       0
       0
       0
       0
       0
       0
       0
       0
       0
       0
       0
       0
       0
       0
       0
       0
       0
       0
       0
       0
       0
       0
       0
       0
       0
       0
       0
       0
       0
       0
       0
       0
       0
       0
       0
       0
       0
       0
       0
       0
       1
       0
       0
       0
       0
       0
       0
       0
       0
       0
       0
       0
       0
       0
       0
       0
       0
       0
       0
       0
       0
       0
       0
       0
       0
       0
       0
       0
       0
       0
       0
       0
       0
       0
       0
       0
       0
       0
       0
       0
       0
       0
       0
       0
       0
       0
       0
       0
       0
       0
       0
       1
       0
       0
       0
       0
       0
       0
       0
       0
       0
       0
       0
       0
       0
       0
       0
       0
       0
       0
       0
       0
       0
       0
       0
       0
       0
       0
       0
       0
       0
       0
       0
       0
       0
       0
       0
       0
       0
       0
       0
       0
       0
       0
       0
       0
       0
       0
       0
       0
       0
       0
       0
       0
       0
       0
       0
       0
       0
       0
       0
       0
       0
       0
       0
       0
       0
       0
       0
       0
       0
       0
       0
       0
       0
       0
       0
       0
       0
       0
       0
       0
       0
       0
       0
       0
       0
       0
       0
       0
       0
       0
       0
       0
       0
       0
       0
       0
       0
       0
       0
       0
       0
       0
       0
       0
       0
       0
       0
       0
       0
       0
       0
       0
       0
       0
       0
       0
       0
       0
       0
       0
       0
       0
       0
       0
       0
       0
       0
       0
       0
       0
       0
       0
       0
       0
       0
       0
       0
       0
       0
       0
       0
       0
       0
       0
       0
       0
       0
       0
       0
       0
       0
       0
       0
       0
       0
       0
       0
       0
       0
       0
       0
       0
       0
       0
       0
       0
       0
       0
       0
       0
       0
       0
       0
       0
       0
       0
       0
       1
       0
       0
       0
       0
       0
       0
       1
       0
       0
       0
       0
       0
       0
       0
       0
       0
       0
       0
       0
       0
       0
       1
       0
       0
       0
       0
       0
       0
       0
       0
       0
       0
       1
       0
       0
       0
       0
       0
       0
       0
       0
       0
       1
       0
       0
       0
       0
       0
       0
       0
       0
       0
       0
       0
       0
       0
       0
       0
       0
       0
       0
       1
       0
       0
       0
       0
       0
       0
       0
       0
       0
       0
       0
       0
       0
       0
       0
       0
       0
       0
       0
       0
       0
       0
       0
       0
       0
       0
       0
       0
       0
       0
       0
       0
       0
       0
       0
       0
       0
       0
       0
       0
$ROI:
11
224 244
765 907
1350 1411
1828 1908
2525 2667
2716 2799
3716 3817
4331 4427
4564 4622
5085 5259
5690 5768
$PRESETS:
Live Time
100
0
$ENER_FIT:
0.053689 0.255148
$MCA_CAL:
3
5.368913E-002 2.551478E-001 -1.853380E-009 keV
$SHAPE_CAL:
3
6.992400E+000 7.812671E-004 -3.508660E-008
