$SPEC_ID:
No sample description was entered.
$SPEC_REM:
DET# 1
DETDESC# GMX20P4 HPGe
AP# Maestro Version 7.01
$DATE_MEA:
11/23/2018 16:47:17
$MEAS_TIM:
100 100
$DATA:
0 8191
       0
       0
       0
       0
       0
       0
       0
       0
       0
       0
       0
       0
       0
       0
       0
       0
       0
       0
       0
       0
       0
       0
       0
       0
       0
       0
       0
       0
       0
       0
       0
       0
       0
       0
       0
       0
       0
       0
       0
       0
       0
       0
       0
       0
       0
       0
       0
       1
       5
      22
      67
     103
     110
     117
     115
     106
     104
     113
      86
     113
     121
     117
     120
     162
     150
     191
     216
     226
     244
     235
     198
     193
     166
     151
     141
     143
     127
     147
     162
     200
     199
     200
     223
     202
     186
     169
     172
     166
     145
     171
     186
     214
     247
     275
     283
     330
     276
     239
     250
     230
     252
     320
     306
     299
     278
     269
     210
     205
     170
     144
     108
     105
      93
      92
      99
      68
      76
      73
      75
      62
      82
      71
      77
      78
      76
      71
      85
      71
      81
      65
      73
      79
      80
      89
      76
      91
      75
      73
      63
      69
      80
      82
      67
      78
      75
     104
      89
      88
      82
      88
      97
     101
     115
     102
      90
     100
      94
      99
      99
     120
      97
     112
     105
     108
     122
     133
     134
     155
     139
     160
     138
     154
     186
     150
     156
     165
     169
     204
     183
     186
     189
     201
     200
     234
     227
     256
     246
     343
     367
     387
     438
     452
     490
     528
     557
     635
     607
     595
     553
     577
     624
     623
     633
     590
     618
     607
     639
     616
     618
     586
     576
     589
     559
     554
     472
     548
     524
     443
     445
     468
     458
     401
     408
     474
     499
     703
    1068
    1659
    2471
    3693
    5005
    6350
    7437
    7717
    7681
    6682
    5256
    3765
    2527
    1526
     878
     408
     241
     100
      47
      28
      18
      12
      11
      15
      16
      15
      11
      15
      12
      14
      19
      12
      11
      10
      23
      22
      16
      16
      13
      22
      15
      17
      12
      17
      18
      15
      12
      14
      14
      12
      15
      16
      18
      22
      10
      16
      18
      21
      13
      14
      20
      15
      16
      21
      22
      22
      22
      15
      28
      17
      11
      23
      27
      30
      20
      14
      19
      26
      21
      14
      23
      20
      13
      20
      16
      12
      10
      11
      14
      12
      14
      30
      13
      18
      26
      14
      22
      18
      20
      18
      18
      14
      22
      19
      14
      17
      12
      16
      16
      20
      20
      16
      16
      17
      23
      22
      15
      18
      18
      15
      16
      10
      20
      18
      17
      12
      10
      11
      19
      19
      24
      10
      13
      15
      10
      15
      12
      21
      16
      21
      14
      19
      25
      16
      10
      10
      14
      11
      13
      21
      10
      11
      16
      10
      15
      16
      16
      20
      19
      23
      13
      23
      23
      21
      22
      25
      18
      22
      16
      13
      19
      21
      27
      18
      13
      19
      18
      22
      19
      13
      14
      23
      19
      16
      21
      20
       8
      12
      15
      17
      14
      13
      17
      17
      12
      13
      13
      14
      15
      15
      16
       8
      18
      16
      13
      14
      19
       9
      11
      16
      20
      16
      16
      10
      19
       8
       7
      16
      20
      13
      16
      11
      11
      10
      12
      19
      11
       9
       9
      15
      12
      10
      18
      21
      15
      14
      16
      18
      12
      22
      20
      11
      13
      14
      10
      19
      24
       8
      15
      14
      15
      14
      16
      19
      13
      15
      15
      14
      13
       8
      15
       9
      10
      12
      15
       7
      10
       9
       5
       9
       9
      20
      13
      12
      19
      16
      12
      21
       6
      14
      18
       6
      15
      10
      11
      16
      14
      15
       5
       8
      14
       5
      13
      10
      10
      13
      11
      11
       6
       9
      10
       8
      16
       8
      12
      13
       7
       6
      15
      16
      10
       9
      17
       7
      11
      10
       7
      10
      12
       9
      13
       7
       9
       8
      12
      16
      13
       9
      11
       9
       5
      11
       8
      13
      16
       8
      14
      14
       8
      12
       8
      15
      11
       7
      11
       6
      11
      14
      12
      14
      12
      13
      11
      12
       8
       4
       7
      11
       9
      10
      13
       8
       9
       8
       5
      10
       7
      12
      10
      14
      11
       6
      15
       8
      10
      11
       5
       9
      11
      10
      10
      10
       8
      10
       5
       7
       6
       8
       7
       9
      11
       4
       5
       7
       7
       7
       7
       4
       8
       6
       7
       9
       5
      11
       9
      15
       9
       2
       9
       6
       2
       9
       8
       7
       9
       7
       8
      13
       5
       6
       6
       8
      14
       8
       6
      10
       9
       5
       7
       5
       6
       4
      12
       8
       7
       6
      11
      10
       6
      10
      15
      12
       5
       8
       4
       7
       7
       9
       9
       4
      11
       7
       3
       7
       6
       6
       6
      11
      10
       6
      10
       9
       5
      16
       8
       5
       7
       8
       8
      10
       6
       7
       2
      10
       5
       5
       6
       6
       8
       5
       5
       8
       6
       8
      11
       5
       5
       8
      10
       5
       3
      11
       5
       5
       9
       7
       7
       8
       8
       6
       6
       8
       6
      12
      11
       9
      10
       4
      11
      10
       4
       6
       5
       8
       7
       6
       7
      11
       9
       6
       6
       9
       5
       2
       4
       8
       7
       5
       7
       6
       7
       7
       4
       7
       3
       4
       6
       2
       5
       7
       2
       7
       8
       5
       4
       6
       4
       5
       5
       6
       2
       6
       4
       5
       4
       8
       5
       5
       6
       4
       4
       6
       6
       4
       3
       5
       3
       2
       5
       6
       4
       4
       7
       5
       4
       3
       7
       8
       4
       7
       4
       5
       3
       3
       5
       6
       4
       4
       8
       3
       3
       4
       5
       5
       6
       8
       6
       7
       4
       3
      10
       8
       7
       8
       5
       7
      11
       3
       7
       4
       5
       6
       5
       2
       5
       5
      10
       5
       6
       5
       1
       6
       3
       2
       4
       4
       4
       4
       3
       2
       4
       3
       5
       1
       5
       2
       5
       4
       2
       6
       4
       5
       5
       4
       3
       3
       4
       4
       1
       5
       5
       6
       4
       7
       9
       4
      10
       6
       5
       8
       3
       5
       4
       4
       4
       3
       2
       5
       2
       3
       5
       6
       2
       4
      12
       2
       3
       6
       3
       8
       3
      10
       1
       6
       5
       3
       1
       9
       3
       7
       3
       5
       2
       4
      10
       5
       4
       5
       3
       4
       4
       9
       4
       5
       6
      13
       6
       8
      10
       7
       4
      10
       7
      10
       5
       7
       4
       8
       5
       8
       3
       7
       3
       6
      10
       5
       2
       4
       3
       3
       1
       5
       4
       3
       4
       5
       7
       4
       5
       2
       1
       3
       4
       2
       6
       5
       2
       1
       5
       5
       2
       1
       6
       1
       2
       1
       2
       2
       7
       3
       3
       1
       4
       0
       3
       4
       4
       5
       3
       4
       5
       5
       5
       1
       4
       3
       4
       2
       3
       1
       2
       2
       4
       3
       4
       3
       5
       4
       2
       5
       1
       0
       4
       2
       2
       2
       1
       3
       6
       5
       2
       1
       3
       3
       3
       1
       4
       4
       6
       2
       4
       5
       2
       5
       0
       2
       4
       4
       3
       3
       5
       7
       4
       4
       3
       2
       0
       2
       5
       4
       2
       4
       3
       1
       3
       4
       4
       4
       4
       5
       0
       1
       4
       4
       5
       1
       2
       6
       5
       2
       3
       0
       5
       3
       1
       5
       1
       0
       5
       4
       3
       3
       3
       3
       1
       4
       2
       4
       4
       3
       5
       0
       1
       4
       6
       4
       3
       5
       5
       3
       1
       6
       4
       3
       1
       4
       1
       2
       1
       1
       1
       2
       1
       2
       2
       2
       5
       4
       3
       2
       2
       4
       2
       3
       3
       1
       0
       2
       3
       1
       2
       4
       1
       6
       2
       2
       4
       2
       3
       5
       1
       4
       3
       1
       2
       2
       3
       1
       9
       3
       7
       4
       7
       3
       9
       4
       2
       3
       4
       3
       5
       2
       1
       2
       4
       2
       4
       1
       1
       2
       2
       1
       1
       0
       1
       0
       3
       1
       4
       1
       7
       4
       2
       3
       0
       0
       2
       3
       0
       2
       2
       2
       0
       2
       2
       3
       2
       1
       4
       1
       0
       1
       6
       3
       4
       0
       1
       2
       2
       2
       2
       0
       0
       1
       1
       0
       0
       5
       3
       1
       2
       2
       3
       4
       1
       4
       2
       2
       2
       1
       1
       3
       2
       1
       0
       0
       1
       1
       2
       3
       1
       4
       0
       3
       1
       3
       2
       1
       2
       5
       1
       2
       1
       3
       2
       2
       0
       0
       2
       3
       0
       7
       0
       0
       1
       3
       2
       1
       1
       1
       2
       2
       2
       1
       2
       1
       1
       6
       3
       1
       1
       2
       1
       1
       3
       2
       1
       6
       1
       2
       0
       2
       1
       4
       2
       1
       3
       2
       0
       0
       2
       1
       2
       2
       3
       2
       1
       1
       2
       4
       0
       1
       3
       1
       1
       2
       3
       1
       2
       1
       4
       2
       1
       2
       0
       1
       0
       0
       1
       0
       2
       2
       2
       1
       4
       1
       4
       1
       1
       0
       0
       1
       0
       2
       2
       3
       2
       1
       2
       5
       4
       1
       3
       2
       0
       1
       1
       1
       1
       3
       0
       5
       1
       2
       2
       2
       6
       3
       4
       3
       5
       3
       7
       4
       6
       4
       2
       5
       2
       2
       0
       1
       5
       3
       3
       2
       1
       0
       1
       4
       1
       0
       1
       1
       0
       1
       0
       1
       2
       1
       1
       0
       1
       3
       0
       0
       0
       2
       1
       3
       0
       3
       2
       1
       2
       3
       3
       2
       4
       1
       2
       3
       1
       2
       1
       2
       1
       2
       5
       1
       0
       4
       3
       2
       0
       3
       3
       0
       0
       1
       3
       0
       2
       0
       1
       1
       1
       1
       3
       3
       2
       2
       1
       0
       1
       4
       1
       2
       2
       1
       1
       0
       2
       3
       1
       1
       1
       0
       0
       1
       1
       2
       4
       2
       4
       0
       0
       4
       1
       0
       2
       0
       2
       2
       3
       2
       1
       1
       0
       2
       2
       2
       0
       2
       1
       1
       1
       2
       0
       1
       0
       1
       0
       2
       1
       1
       0
       0
       1
       0
       0
       0
       2
       1
       3
       0
       1
       2
       1
       0
       1
       0
       1
       2
       1
       1
       1
       2
       0
       1
       3
       1
       3
       1
       1
       2
       1
       3
       1
       0
       0
       3
       2
       3
       2
       0
       0
       0
       0
       0
       1
       2
       0
       0
       3
       1
       0
       1
       3
       0
       0
       1
       0
       0
       0
       1
       3
       1
       0
       0
       0
       3
       0
       1
       6
       2
       0
       2
       4
       1
       0
       0
       0
       2
       2
       2
       0
       2
       1
       2
       0
       1
       0
       1
       1
       1
       2
       1
       0
       2
       3
       1
       0
       1
       0
       3
       3
       1
       1
       1
       2
       1
       1
       1
       0
       4
       1
       1
       2
       1
       3
       5
       2
       1
       0
       2
       3
       0
       1
       0
       0
       1
       1
       0
       1
       0
       3
       0
       3
       1
       1
       1
       1
       1
       1
       1
       1
       1
       1
       1
       2
       1
       0
       1
       1
       1
       2
       0
       2
       1
       0
       1
       0
       1
       0
       1
       1
       3
       1
       2
       2
       1
       2
       0
       4
       1
       1
       2
       1
       1
       2
       2
       1
       0
       0
       2
       1
       0
       2
       2
       0
       1
       4
       1
       1
       1
       2
       1
       1
       0
       0
       1
       1
       0
       1
       1
       0
       2
       0
       1
       2
       1
       1
       0
       2
       1
       0
       0
       1
       1
       2
       1
       1
       2
       2
       1
       1
       1
       1
       1
       0
       3
       2
       3
       1
       2
       1
       0
       0
       0
       2
       0
       0
       1
       1
       0
       2
       1
       0
       1
       1
       1
       1
       2
       1
       1
       1
       1
       0
       1
       1
       0
       1
       2
       0
       1
       1
       2
       2
       0
       0
       0
       0
       1
       0
       0
       0
       1
       2
       0
       4
       0
       1
       2
       0
       1
       2
       2
       2
       0
       3
       0
       3
       4
       0
       2
       0
       0
       0
       0
       1
       1
       2
       2
       1
       0
       3
       1
       3
       0
       1
       2
       0
       2
       1
       1
       1
       1
       1
       1
       1
       2
       0
       0
       1
       1
       2
       0
       0
       0
       0
       0
       3
       0
       1
       0
       1
       1
       2
       0
       2
       0
       3
       1
       2
       0
       1
       1
       0
       1
       0
       0
       0
       1
       0
       0
       2
       0
       1
       1
       0
       2
       1
       0
       0
       2
       1
       0
       1
       0
       1
       1
       1
       1
       0
       1
       0
       1
       1
       1
       0
       1
       2
       1
       0
       0
       1
       1
       1
       0
       0
       0
       1
       1
       0
       2
       1
       1
       0
       2
       0
       1
       1
       0
       0
       0
       0
       2
       0
       2
       0
       1
       0
       0
       1
       0
       0
       0
       2
       0
       0
       1
       2
       2
       0
       1
       0
       0
       0
       2
       0
       0
       1
       0
       2
       0
       1
       0
       1
       1
       2
       1
       1
       1
       1
       1
       1
       1
       4
       0
       0
       1
       1
       2
       0
       2
       0
       0
       2
       1
       0
       0
       1
       1
       2
       1
       2
       0
       0
       0
       2
       0
       1
       0
       0
       0
       1
       2
       0
       1
       0
       1
       2
       1
       1
       0
       0
       0
       0
       1
       2
       0
       2
       1
       2
       2
       2
       0
       4
       3
       2
       0
       0
       0
       0
       0
       0
       2
       1
       0
       2
       0
       1
       2
       1
       1
       0
       0
       0
       2
       2
       1
       0
       1
       0
       2
       1
       0
       1
       0
       1
       0
       1
       2
       2
       1
       1
       2
       0
       2
       1
       0
       1
       0
       1
       2
       2
       2
       2
       4
       1
       0
       0
       0
       1
       0
       1
       2
       2
       2
       0
       2
       0
       0
       0
       0
       0
       1
       0
       2
       0
       0
       0
       0
       1
       0
       0
       0
       1
       0
       3
       0
       0
       1
       0
       0
       0
       2
       1
       0
       0
       0
       0
       3
       0
       3
       0
       0
       2
       1
       0
       0
       0
       0
       1
       1
       0
       3
       0
       1
       1
       2
       0
       2
       2
       1
       0
       0
       0
       0
       0
       0
       0
       0
       1
       1
       1
       2
       0
       1
       0
       0
       2
       2
       0
       0
       1
       0
       0
       0
       0
       0
       0
       2
       0
       0
       1
       2
       1
       0
       0
       1
       0
       1
       0
       2
       0
       0
       0
       0
       3
       1
       2
       1
       1
       0
       0
       1
       0
       0
       0
       2
       0
       1
       0
       1
       1
       2
       1
       0
       0
       0
       1
       0
       0
       1
       1
       0
       0
       1
       3
       3
       1
       0
       1
       1
       1
       0
       2
       0
       1
       0
       0
       2
       0
       0
       0
       0
       2
       0
       2
       1
       1
       0
       1
       0
       0
       1
       1
       0
       0
       0
       0
       3
       1
       1
       2
       2
       0
       0
       0
       0
       1
       0
       0
       0
       0
       0
       0
       1
       0
       0
       0
       0
       1
       0
       0
       0
       2
       1
       0
       1
       3
       0
       1
       0
       0
       0
       1
       2
       1
       1
       0
       0
       0
       1
       0
       0
       0
       0
       0
       1
       0
       0
       0
       2
       1
       2
       0
       3
       3
       2
       0
       1
       2
       0
       1
       2
       0
       0
       0
       2
       0
       2
       0
       0
       1
       1
       1
       0
       1
       0
       0
       1
       1
       0
       0
       0
       0
       0
       0
       0
       0
       1
       1
       0
       0
       1
       1
       1
       0
       1
       0
       2
       2
       0
       0
       2
       0
       2
       0
       0
       1
       0
       0
       4
       0
       0
       1
       0
       1
       1
       0
       0
       0
       1
       0
       0
       0
       1
       0
       0
       1
       0
       1
       0
       0
       0
       0
       0
       1
       1
       0
       0
       0
       2
       1
       1
       1
       1
       0
       0
       0
       1
       0
       0
       0
       1
       7
       2
       3
       3
       2
       6
       6
       5
       5
       1
       1
       1
       1
       1
       0
       0
       0
       0
       1
       1
       1
       0
       1
       0
       1
       0
       0
       1
       0
       1
       0
       0
       0
       0
       0
       1
       1
       0
       1
       1
       1
       2
       0
       0
       1
       0
       1
       2
       1
       1
       0
       0
       0
       0
       2
       2
       0
       1
       0
       1
       1
       0
       0
       1
       0
       0
       1
       0
       0
       2
       1
       0
       1
       1
       0
       0
       2
       1
       0
       2
       0
       0
       0
       0
       0
       0
       0
       2
       0
       0
       0
       2
       1
       0
       0
       0
       1
       1
       1
       0
       0
       0
       3
       0
       0
       0
       1
       0
       1
       1
       2
       0
       1
       0
       0
       0
       0
       1
       0
       1
       0
       1
       0
       0
       0
       0
       2
       1
       0
       2
       0
       2
       1
       0
       0
       1
       2
       2
       1
       1
       0
       1
       2
       0
       1
       0
       0
       0
       0
       1
       0
       2
       0
       0
       0
       1
       1
       1
       1
       0
       2
       0
       0
       0
       0
       0
       0
       0
       0
       1
       1
       1
       0
       0
       0
       0
       0
       2
       0
       1
       0
       0
       2
       0
       0
       1
       0
       0
       1
       0
       0
       1
       1
       0
       1
       0
       0
       0
       1
       0
       0
       3
       0
       1
       1
       0
       0
       0
       1
       0
       2
       0
       0
       0
       1
       0
       0
       3
       0
       1
       0
       1
       0
       0
       1
       0
       1
       2
       1
       0
       0
       0
       0
       0
       0
       0
       0
       1
       0
       0
       0
       1
       1
       0
       0
       0
       1
       1
       4
       1
       2
       0
       0
       1
       0
       0
       0
       0
       1
       0
       0
       0
       1
       0
       0
       1
       0
       2
       0
       0
       0
       0
       0
       0
       0
       0
       0
       0
       0
       0
       0
       0
       1
       0
       1
       0
       0
       2
       2
       2
       0
       0
       0
       1
       0
       0
       0
       0
       0
       0
       1
       1
       1
       0
       0
       1
       0
       1
       0
       0
       0
       0
       0
       1
       0
       0
       1
       1
       0
       0
       1
       0
       0
       0
       1
       1
       0
       0
       0
       0
       0
       0
       0
       0
       1
       0
       1
       0
       1
       0
       0
       1
       1
       0
       0
       0
       0
       0
       0
       1
       0
       0
       1
       0
       1
       0
       1
       1
       0
       0
       1
       0
       0
       0
       0
       0
       1
       0
       1
       1
       0
       0
       0
       0
       0
       1
       1
       0
       0
       0
       0
       0
       0
       1
       0
       0
       0
       2
       1
       0
       0
       0
       0
       0
       0
       1
       0
       0
       0
       0
       0
       0
       1
       0
       1
       0
       0
       0
       0
       0
       0
       1
       1
       2
       0
       0
       1
       0
       0
       0
       0
       1
       2
       0
       0
       0
       2
       1
       0
       0
       1
       1
       0
       0
       0
       0
       0
       0
       0
       0
       0
       0
       0
       0
       0
       0
       0
       0
       0
       1
       0
       0
       1
       0
       0
       1
       0
       2
       0
       1
       0
       0
       0
       0
       0
       1
       0
       0
       1
       0
       0
       2
       1
       0
       2
       0
       2
       0
       1
       1
       1
       0
       0
       0
       1
       0
       0
       1
       1
       1
       0
       1
       0
       0
       0
       0
       0
       0
       0
       0
       0
       0
       0
       1
       0
       0
       1
       0
       0
       1
       1
       0
       1
       0
       0
       0
       1
       0
       0
       1
       1
       0
       1
       0
       0
       1
       1
       0
       0
       1
       0
       0
       1
       0
       0
       0
       0
       0
       1
       0
       0
       1
       0
       0
       0
       1
       0
       0
       0
       1
       0
       2
       1
       2
       0
       1
       1
       1
       1
       0
       0
       1
       2
       0
       0
       0
       1
       0
       1
       0
       2
       1
       0
       0
       0
       0
       2
       0
       0
       0
       0
       2
       0
       0
       0
       1
       1
       0
       1
       1
       1
       1
       1
       0
       0
       1
       0
       0
       1
       0
       0
       0
       0
       0
       2
       1
       0
       0
       2
       0
       1
       2
       0
       0
       0
       0
       2
       0
       2
       0
       1
       0
       1
       0
       0
       1
       0
       0
       0
       0
       0
       0
       0
       0
       0
       2
       1
       0
       0
       1
       0
       0
       0
       0
       0
       0
       0
       1
       0
       0
       0
       1
       0
       1
       1
       0
       0
       2
       0
       0
       0
       0
       0
       0
       0
       0
       1
       0
       1
       0
       1
       0
       1
       0
       0
       3
       0
       0
       1
       0
       0
       0
       0
       0
       0
       1
       1
       0
       0
       0
       0
       1
       1
       0
       0
       0
       1
       0
       1
       2
       0
       0
       0
       1
       0
       0
       0
       0
       0
       1
       0
       0
       0
       0
       1
       1
       1
       1
       0
       0
       0
       0
       1
       0
       0
       1
       0
       0
       0
       0
       0
       0
       0
       0
       1
       0
       0
       1
       0
       1
       0
       0
       0
       1
       0
       1
       0
       0
       0
       2
       0
       1
       0
       0
       0
       0
       0
       0
       0
       0
       1
       0
       0
       0
       0
       0
       0
       0
       1
       0
       1
       0
       0
       0
       1
       0
       0
       1
       0
       0
       1
       0
       2
       0
       1
       1
       0
       0
       0
       0
       2
       0
       0
       0
       0
       0
       0
       0
       1
       2
       0
       1
       1
       0
       0
       0
       0
       1
       1
       1
       0
       0
       0
       1
       1
       0
       0
       0
       0
       0
       2
       1
       0
       0
       2
       1
       0
       0
       1
       0
       0
       0
       1
       0
       1
       0
       0
       0
       0
       0
       0
       0
       0
       0
       1
       0
       0
       0
       0
       1
       0
       0
       1
       0
       0
       0
       1
       0
       0
       0
       0
       0
       0
       0
       1
       1
       1
       0
       3
       0
       0
       0
       1
       2
       0
       0
       2
       0
       0
       0
       0
       0
       0
       0
       2
       0
       1
       1
       0
       0
       0
       1
       0
       1
       0
       1
       1
       0
       1
       0
       2
       0
       0
       1
       0
       2
       0
       0
       1
       0
       0
       0
       1
       1
       1
       0
       0
       0
       0
       1
       1
       0
       1
       2
       1
       1
       0
       0
       0
       1
       1
       0
       2
       1
       1
       0
       0
       0
       0
       0
       1
       0
       0
       0
       0
       0
       0
       1
       1
       0
       0
       0
       2
       0
       1
       0
       0
       0
       1
       1
       1
       1
       0
       1
       0
       1
       0
       0
       0
       0
       1
       1
       0
       0
       0
       0
       0
       0
       1
       0
       0
       0
       1
       0
       0
       0
       0
       0
       1
       2
       0
       3
       1
       2
       0
       0
       0
       0
       0
       0
       0
       1
       0
       0
       0
       0
       0
       0
       0
       2
       0
       1
       0
       1
       1
       0
       0
       0
       1
       1
       1
       0
       1
       2
       0
       0
       1
       0
       0
       0
       0
       0
       0
       0
       1
       0
       0
       0
       0
       0
       0
       0
       0
       0
       0
       1
       1
       0
       0
       0
       0
       0
       0
       1
       0
       0
       1
       0
       0
       1
       0
       1
       1
       0
       0
       0
       0
       1
       0
       0
       0
       0
       1
       1
       0
       0
       0
       0
       2
       0
       0
       0
       0
       0
       0
       0
       1
       0
       0
       1
       0
       0
       1
       0
       0
       0
       0
       1
       1
       0
       0
       0
       0
       1
       0
       0
       1
       1
       0
       0
       1
       1
       0
       0
       3
       0
       0
       0
       0
       0
       0
       0
       1
       0
       0
       0
       0
       1
       0
       0
       0
       0
       1
       1
       0
       0
       0
       0
       1
       0
       0
       0
       0
       1
       0
       1
       0
       0
       0
       0
       1
       0
       1
       0
       0
       0
       0
       0
       0
       0
       0
       0
       0
       1
       0
       0
       0
       0
       0
       0
       0
       0
       0
       1
       3
       0
       0
       0
       1
       1
       0
       1
       0
       3
       0
       0
       2
       1
       1
       2
       1
       0
       0
       0
       1
       1
       0
       0
       0
       0
       1
       0
       0
       1
       0
       0
       0
       0
       0
       0
       0
       0
       0
       2
       1
       0
       0
       0
       1
       0
       0
       1
       1
       0
       0
       0
       0
       0
       0
       0
       0
       0
       0
       0
       1
       1
       0
       0
       1
       0
       0
       0
       0
       0
       0
       0
       1
       0
       0
       1
       1
       1
       0
       0
       0
       0
       0
       0
       1
       1
       0
       1
       1
       1
       0
       1
       1
       1
       0
       0
       1
       0
       0
       1
       2
       2
       1
       1
       0
       0
       1
       0
       0
       0
       0
       1
       0
       0
       0
       0
       0
       0
       0
       0
       1
       2
       1
       0
       0
       0
       0
       0
       0
       0
       0
       0
       0
       0
       0
       0
       0
       1
       0
       1
       0
       0
       1
       0
       0
       0
       0
       1
       1
       0
       1
       0
       0
       0
       2
       0
       0
       0
       0
       0
       0
       0
       1
       0
       0
       0
       0
       0
       0
       0
       1
       0
       0
       1
       1
       0
       0
       0
       0
       0
       1
       2
       0
       1
       0
       0
       0
       0
       0
       0
       0
       1
       0
       0
       0
       1
       0
       1
       2
       0
       0
       0
       0
       0
       0
       0
       0
       0
       0
       1
       0
       0
       0
       0
       1
       0
       0
       0
       0
       0
       1
       0
       0
       0
       0
       0
       0
       0
       2
       0
       0
       0
       1
       0
       0
       1
       1
       2
       0
       2
       0
       0
       0
       0
       0
       2
       0
       0
       1
       0
       0
       0
       0
       0
       0
       2
       1
       0
       1
       0
       0
       0
       1
       1
       1
       0
       0
       0
       1
       0
       1
       0
       0
       0
       0
       0
       0
       0
       0
       0
       1
       1
       0
       0
       0
       1
       0
       2
       2
       0
       0
       0
       1
       1
       0
       1
       0
       1
       0
       0
       0
       1
       1
       0
       0
       0
       1
       0
       0
       0
       0
       0
       0
       0
       1
       0
       1
       1
       1
       0
       0
       0
       0
       0
       1
       0
       0
       0
       0
       0
       0
       0
       1
       0
       0
       0
       0
       0
       0
       0
       1
       0
       0
       0
       0
       1
       1
       0
       0
       0
       0
       0
       0
       0
       0
       0
       0
       0
       1
       0
       0
       0
       0
       0
       1
       0
       0
       1
       1
       0
       0
       1
       1
       0
       0
       0
       0
       0
       0
       0
       0
       0
       0
       1
       1
       0
       0
       0
       1
       0
       0
       1
       0
       0
       1
       0
       0
       0
       1
       0
       0
       0
       0
       0
       0
       0
       2
       0
       1
       1
       0
       0
       0
       0
       0
       0
       0
       1
       0
       1
       0
       1
       1
       1
       0
       0
       0
       1
       1
       0
       1
       0
       0
       0
       0
       1
       1
       0
       0
       0
       2
       1
       0
       0
       1
       1
       0
       0
       0
       0
       0
       1
       1
       0
       0
       0
       0
       0
       1
       0
       0
       0
       0
       0
       0
       0
       1
       0
       1
       0
       0
       0
       0
       0
       0
       0
       1
       0
       0
       0
       1
       0
       0
       0
       2
       0
       0
       0
       0
       0
       0
       1
       0
       0
       1
       0
       2
       0
       0
       0
       0
       0
       0
       0
       0
       1
       0
       1
       0
       0
       0
       1
       0
       0
       0
       2
       1
       0
       2
       0
       1
       0
       1
       1
       0
       0
       0
       0
       1
       0
       1
       0
       0
       0
       0
       0
       0
       0
       0
       0
       0
       1
       0
       1
       0
       0
       1
       1
       1
       0
       0
       0
       1
       0
       0
       1
       0
       0
       0
       0
       0
       0
       0
       1
       0
       0
       1
       0
       2
       0
       0
       0
       0
       1
       0
       0
       0
       1
       0
       0
       0
       0
       0
       1
       0
       1
       0
       0
       0
       0
       1
       0
       0
       0
       1
       0
       1
       0
       1
       1
       0
       1
       0
       0
       0
       0
       0
       0
       2
       1
       1
       2
       0
       0
       0
       0
       1
       0
       0
       0
       0
       0
       0
       0
       0
       1
       0
       0
       1
       0
       0
       1
       0
       0
       0
       0
       0
       0
       0
       0
       0
       0
       0
       0
       0
       0
       0
       0
       1
       1
       0
       0
       1
       0
       2
       0
       0
       1
       0
       0
       0
       1
       0
       0
       0
       0
       0
       0
       0
       0
       0
       0
       0
       0
       0
       0
       1
       0
       0
       0
       0
       0
       0
       0
       1
       1
       0
       1
       0
       1
       0
       1
       0
       0
       0
       1
       1
       0
       1
       0
       1
       0
       2
       0
       0
       0
       1
       0
       1
       0
       0
       0
       0
       0
       0
       0
       0
       0
       1
       0
       0
       0
       2
       1
       0
       0
       1
       0
       0
       0
       0
       0
       0
       0
       0
       0
       1
       0
       0
       0
       0
       1
       0
       0
       0
       1
       1
       1
       0
       0
       0
       0
       0
       0
       1
       1
       0
       0
       0
       2
       0
       1
       0
       0
       0
       0
       0
       0
       1
       0
       0
       2
       0
       0
       0
       0
       0
       0
       0
       1
       0
       0
       0
       0
       0
       0
       0
       0
       1
       0
       0
       1
       0
       0
       0
       0
       1
       0
       1
       0
       0
       0
       0
       0
       0
       0
       1
       1
       1
       0
       0
       0
       0
       0
       0
       0
       0
       0
       0
       0
       0
       0
       0
       1
       0
       0
       0
       0
       2
       0
       1
       1
       1
       1
       4
       0
       1
       2
       3
       1
       0
       0
       0
       0
       0
       0
       0
       0
       0
       0
       0
       0
       0
       0
       0
       1
       0
       0
       0
       0
       0
       1
       1
       0
       0
       1
       0
       1
       1
       1
       1
       0
       0
       1
       0
       1
       2
       0
       0
       0
       0
       0
       1
       0
       1
       1
       0
       0
       0
       0
       0
       0
       0
       0
       0
       0
       0
       0
       0
       1
       0
       0
       0
       0
       0
       0
       0
       0
       0
       0
       0
       0
       0
       0
       0
       0
       0
       0
       0
       1
       0
       2
       0
       0
       0
       0
       1
       0
       0
       0
       0
       0
       0
       0
       1
       0
       0
       0
       0
       0
       0
       0
       0
       0
       1
       0
       1
       0
       0
       0
       0
       0
       0
       0
       0
       0
       0
       0
       0
       1
       0
       0
       0
       0
       0
       1
       1
       0
       2
       0
       0
       0
       0
       0
       0
       1
       1
       1
       1
       0
       0
       0
       0
       0
       0
       0
       0
       0
       0
       1
       0
       1
       1
       0
       0
       0
       0
       0
       0
       0
       0
       0
       0
       0
       1
       0
       0
       0
       1
       0
       0
       0
       0
       1
       0
       0
       0
       1
       0
       1
       0
       2
       0
       0
       0
       3
       0
       0
       0
       1
       1
       1
       0
       0
       0
       1
       0
       0
       0
       1
       0
       1
       0
       0
       0
       0
       1
       0
       0
       0
       0
       0
       1
       2
       0
       1
       0
       0
       2
       0
       0
       0
       0
       1
       0
       1
       0
       0
       0
       1
       0
       0
       0
       0
       0
       1
       2
       2
       0
       1
       2
       1
       0
       0
       1
       1
       0
       0
       1
       0
       0
       1
       0
       1
       0
       0
       1
       0
       0
       1
       0
       0
       0
       1
       0
       1
       0
       1
       0
       0
       0
       0
       0
       0
       0
       0
       0
       0
       0
       0
       0
       0
       0
       0
       0
       0
       0
       0
       1
       1
       0
       0
       0
       0
       1
       1
       1
       1
       0
       0
       0
       0
       0
       0
       1
       0
       0
       0
       1
       0
       0
       1
       0
       0
       0
       1
       2
       2
       1
       0
       0
       0
       1
       0
       0
       0
       0
       0
       0
       0
       0
       1
       0
       0
       0
       1
       0
       1
       1
       0
       0
       0
       1
       0
       1
       1
       0
       0
       0
       0
       0
       0
       0
       0
       0
       0
       1
       0
       1
       1
       1
       0
       0
       0
       0
       0
       0
       0
       0
       0
       1
       1
       1
       0
       0
       1
       0
       0
       1
       0
       1
       1
       0
       0
       0
       0
       1
       0
       0
       1
       0
       0
       0
       0
       0
       0
       0
       0
       1
       0
       0
       1
       0
       0
       0
       0
       0
       1
       1
       0
       0
       1
       0
       0
       0
       1
       0
       0
       0
       1
       1
       0
       0
       1
       0
       0
       0
       2
       0
       0
       0
       0
       0
       1
       0
       0
       0
       0
       0
       1
       0
       0
       0
       1
       0
       1
       0
       0
       1
       0
       0
       0
       0
       0
       0
       0
       1
       1
       1
       1
       1
       0
       0
       0
       0
       0
       1
       0
       0
       0
       0
       0
       1
       1
       0
       0
       0
       0
       0
       0
       1
       0
       0
       0
       0
       2
       0
       0
       0
       0
       1
       0
       0
       0
       0
       0
       0
       0
       0
       0
       0
       0
       0
       2
       0
       0
       1
       1
       0
       0
       0
       0
       1
       0
       1
       0
       0
       1
       0
       0
       1
       0
       0
       0
       0
       0
       0
       0
       0
       1
       0
       0
       0
       0
       0
       0
       0
       1
       1
       0
       0
       0
       1
       0
       0
       1
       0
       0
       0
       0
       0
       0
       0
       1
       0
       0
       0
       0
       0
       0
       0
       0
       0
       0
       1
       0
       0
       0
       0
       0
       0
       0
       0
       0
       0
       0
       0
       0
       0
       0
       0
       0
       0
       0
       0
       0
       1
       0
       0
       0
       0
       0
       0
       0
       1
       0
       0
       0
       0
       0
       0
       1
       0
       1
       0
       0
       0
       0
       0
       0
       0
       0
       1
       0
       0
       0
       0
       0
       0
       0
       0
       0
       0
       0
       0
       0
       1
       0
       0
       1
       1
       0
       0
       0
       0
       0
       0
       0
       0
       0
       0
       1
       0
       0
       0
       0
       1
       0
       0
       0
       1
       0
       0
       0
       0
       0
       1
       1
       0
       0
       0
       0
       1
       1
       0
       0
       0
       0
       1
       0
       0
       0
       0
       0
       0
       0
       0
       0
       0
       0
       0
       0
       0
       0
       0
       0
       1
       0
       0
       0
       0
       0
       0
       0
       0
       0
       0
       0
       0
       0
       0
       0
       0
       0
       0
       0
       1
       0
       0
       0
       0
       0
       0
       0
       0
       0
       1
       0
       0
       0
       1
       0
       0
       0
       0
       1
       0
       0
       0
       0
       0
       1
       1
       1
       1
       0
       1
       0
       0
       0
       0
       0
       0
       0
       0
       0
       0
       0
       1
       0
       0
       0
       0
       0
       0
       0
       0
       1
       1
       0
       0
       0
       0
       0
       0
       0
       0
       0
       0
       0
       0
       1
       0
       0
       0
       0
       0
       0
       0
       0
       0
       0
       1
       0
       0
       0
       0
       0
       0
       0
       0
       1
       0
       0
       0
       0
       0
       0
       0
       1
       0
       0
       0
       0
       0
       0
       0
       0
       0
       0
       0
       0
       1
       0
       0
       0
       1
       0
       0
       0
       0
       0
       0
       0
       0
       0
       0
       0
       1
       0
       0
       0
       0
       0
       1
       0
       0
       0
       0
       0
       0
       0
       0
       0
       0
       0
       1
       1
       0
       0
       0
       0
       0
       0
       0
       0
       0
       0
       0
       0
       0
       0
       0
       0
       0
       0
       1
       0
       0
       0
       0
       0
       0
       1
       0
       0
       0
       0
       0
       0
       0
       0
       0
       0
       0
       0
       0
       0
       0
       0
       0
       0
       1
       0
       0
       0
       0
       1
       0
       0
       0
       0
       0
       1
       0
       0
       0
       0
       0
       0
       0
       0
       0
       0
       0
       1
       0
       0
       0
       0
       0
       0
       0
       0
       1
       0
       0
       0
       0
       0
       0
       0
       1
       0
       0
       0
       0
       0
       0
       0
       0
       0
       0
       0
       1
       0
       1
       0
       0
       0
       0
       0
       0
       0
       1
       0
       1
       0
       0
       0
       0
       0
       0
       0
       0
       0
       0
       0
       0
       0
       0
       0
       0
       0
       0
       1
       0
       0
       0
       1
       0
       0
       0
       0
       0
       0
       0
       0
       0
       0
       0
       0
       0
       0
       0
       1
       0
       0
       0
       0
       0
       0
       0
       0
       0
       0
       0
       1
       1
       1
       0
       0
       0
       0
       0
       0
       0
       0
       0
       0
       0
       0
       0
       0
       0
       0
       0
       0
       0
       0
       0
       0
       0
       0
       0
       0
       0
       1
       1
       0
       1
       0
       0
       0
       0
       0
       0
       0
       0
       0
       0
       0
       0
       0
       0
       0
       0
       0
       0
       0
       0
       0
       0
       1
       0
       0
       0
       0
       0
       0
       0
       0
       1
       0
       0
       0
       0
       0
       0
       0
       0
       0
       1
       0
       0
       0
       0
       0
       0
       0
       1
       0
       0
       0
       0
       0
       0
       0
       0
       1
       0
       0
       0
       0
       0
       0
       0
       0
       0
       0
       0
       1
       0
       0
       0
       0
       1
       0
       0
       0
       1
       1
       0
       0
       0
       0
       0
       0
       0
       0
       0
       0
       1
       0
       0
       0
       0
       0
       1
       0
       0
       0
       0
       1
       0
       0
       0
       0
       0
       0
       0
       0
       0
       0
       0
       0
       0
       0
       0
       0
       0
       0
       0
       0
       0
       0
       0
       0
       0
       0
       0
       0
       0
       0
       0
       0
       0
       0
       0
       0
       1
       0
       1
       0
       0
       0
       0
       0
       0
       1
       0
       0
       0
       0
       0
       0
       0
       0
       0
       0
       0
       0
       0
       0
       0
       0
       0
       0
       0
       0
       0
       0
       0
       0
       0
       0
       0
       0
       1
       0
       0
       0
       0
       1
       1
       0
       1
       0
       0
       0
       0
       0
       0
       0
       0
       0
       0
       0
       0
       0
       0
       0
       1
       0
       0
       0
       0
       0
       0
       1
       0
       0
       0
       0
       0
       0
       0
       0
       0
       0
       1
       0
       0
       0
       0
       0
       0
       0
       0
       0
       0
       0
       0
       0
       0
       0
       0
       0
       0
       1
       0
       0
       0
       0
       0
       1
       0
       0
       1
       0
       0
       0
       0
       0
       0
       0
       0
       0
       1
       0
       0
       0
       0
       0
       0
       0
       0
       1
       0
       0
       0
       0
       0
       0
       1
       0
       1
       0
       0
       3
       2
       3
       2
       5
       7
       4
       6
       7
       9
       9
       9
       6
       4
       2
       3
       1
       4
       0
       2
       0
       0
       0
       0
       0
       0
       0
       0
       0
       0
       0
       0
       0
       0
       0
       0
       0
       0
       0
       0
       0
       0
       0
       0
       0
       0
       0
       0
       0
       0
       0
       0
       0
       0
       0
       0
       0
       0
       0
       0
       0
       0
       0
       0
       0
       0
       0
       0
       0
       0
       0
       1
       0
       0
       0
       0
       0
       0
       0
       0
       0
       0
       0
       0
       0
       0
       0
       0
       0
       0
       1
       0
       0
       0
       0
       0
       0
       0
       0
       0
       0
       0
       0
       0
       0
       0
       0
       0
       0
       0
       0
       0
       0
       0
       0
       0
       0
       0
       0
       0
       0
       0
       0
       0
       0
       0
       0
       0
       0
       0
       0
       0
       0
       0
       0
       0
       0
       0
       0
       0
       0
       0
       0
       0
       1
       0
       0
       0
       0
       0
       0
       0
       0
       0
       0
       0
       0
       0
       0
       0
       0
       0
       0
       0
       0
       0
       0
       0
       0
       0
       0
       0
       1
       0
       0
       1
       0
       0
       0
       0
       0
       0
       0
       0
       0
       0
       0
       0
       0
       0
       0
       0
       0
       0
       0
       0
       1
       0
       0
       1
       0
       0
       0
       0
       0
       1
       0
       0
       0
       0
       0
       1
       1
       0
       0
       1
       0
       0
       0
       0
       0
       0
       0
       0
       1
       0
       0
       0
       0
       0
       0
       0
       0
       0
       0
       0
       0
       0
       0
       0
       0
       0
       0
       0
       0
       0
       0
       0
       0
       0
       0
       0
       0
       0
       2
       0
       0
       0
       0
       0
       0
       0
       0
       0
       0
       0
       0
       0
       0
       0
       0
       0
       0
       0
       0
       0
       0
       0
       0
       0
       0
       0
       0
       0
       0
       0
       0
       0
       0
       0
       0
       0
       0
       0
       0
       0
       0
       0
       0
       0
       0
       0
       0
       0
       0
       0
       0
       0
       0
       1
       0
       0
       0
       0
       0
       0
       0
       0
       0
       0
       0
       0
       0
       0
       0
       0
       0
       0
       0
       0
       0
       0
       0
       0
       0
       0
       0
       0
       0
       0
       0
       0
       0
       0
       0
       0
       0
       0
       0
       0
       0
       0
       0
       0
       0
       0
       0
       0
       0
       0
       0
       1
       0
       0
       0
       1
       0
       0
       0
       0
       0
       0
       0
       0
       0
       0
       0
       0
       0
       0
       0
       0
       0
       0
       0
       0
       0
       0
       0
       0
       0
       1
       0
       0
       0
       0
       1
       0
       0
       0
       0
       0
       0
       0
       0
       0
       0
       0
       0
       1
       0
       0
       0
       0
       0
       0
       0
       0
       0
       0
       0
       0
       0
       0
       0
       0
       0
       0
       0
       0
       0
       0
       0
       0
       0
       0
       0
       0
       0
       0
       0
       0
       0
       0
       0
       0
       0
       1
       0
       0
       1
       0
       0
       0
       0
       0
       0
       0
       0
       0
       0
       0
       0
       0
       1
       0
       0
       0
       0
       0
       0
       0
       0
       0
       0
       0
       0
       0
       0
       0
       0
       0
       1
       0
       0
       0
       0
       0
       0
       0
       0
       0
       0
       1
       0
       0
       0
       0
       0
       0
       0
       0
       0
       0
       0
       0
       0
       1
       0
       0
       0
       0
       0
       0
       0
       0
       0
       0
       0
       0
       0
       0
       1
       0
       0
       0
       0
       0
       1
       0
       0
       0
       0
       0
       0
       0
       0
       0
       0
       0
       0
       0
       0
       0
       1
       0
       0
       0
       0
       1
       0
       0
       0
       0
       0
       0
       0
       0
       0
       0
       0
       0
       0
       0
       0
       0
       0
       0
       0
       0
       0
       0
       0
       0
       0
       0
       0
       0
       0
       0
       0
       0
       0
       0
       0
       0
       0
       0
       0
       0
       0
       0
       0
       0
       0
       0
       0
       0
       0
       0
       0
       0
       0
       0
       0
       0
       0
       0
       0
       0
       0
       0
       0
       0
       0
       0
       0
       0
       0
       0
       0
       0
       0
       0
       0
       0
       0
       0
       0
       0
       0
       0
       0
       1
       0
       1
       0
       0
       0
       0
       0
       0
       1
       0
       0
       0
       0
       0
       0
       0
       0
       0
       0
       0
       0
       0
       0
       0
       0
       0
       0
       0
       0
       0
       0
       0
       0
       0
       0
       0
       0
       0
       0
       0
       0
       0
       0
       0
       0
       0
       0
       0
       0
       0
       0
       0
       0
       0
       0
       0
       0
       0
       0
       0
       0
       0
       0
       0
       0
       0
       1
       0
       0
       0
       0
       0
       0
       0
       0
       0
       0
       0
       0
       0
       0
       0
       0
       0
       0
       0
       0
       1
       0
       1
       0
       0
       0
       0
       0
       0
       0
       0
       0
       0
       0
       0
       0
       0
       0
       0
       0
       0
       0
       0
       0
       0
       0
       0
       0
       0
       0
       0
       0
       0
       0
       0
       0
       0
       0
       0
       1
       1
       0
       0
       0
       0
       0
       0
       0
       1
       0
       0
       0
       0
       0
       0
       0
       0
       0
       0
       0
       0
       0
       0
       0
       0
       0
       0
       0
       0
       0
       0
       0
       0
       0
       0
       0
       0
       0
       0
       0
       0
       0
       0
       0
       0
       0
       1
       0
       0
       0
       0
       0
       0
       0
       0
       0
       0
       0
       0
       1
       0
       0
       0
       0
       0
       0
       0
       0
       0
       0
       0
       0
       0
       0
       0
       0
       0
       0
       0
       0
       0
       0
       0
       0
       0
       0
       1
       0
       0
       0
       0
       0
       0
       0
       0
       0
       0
       0
       0
       0
       0
       1
       0
       1
       0
       0
       0
       0
       0
       0
       0
       0
       0
       0
       0
       0
       0
       0
       0
       1
       0
       0
       0
       0
       0
       0
       0
       0
       0
       0
       0
       0
       0
       0
       0
       0
       0
       0
       0
       0
       0
       0
       0
       0
       0
       0
       0
       0
       0
       0
       0
       0
       0
       0
       0
       0
       1
       0
       0
       0
       0
       0
       0
       0
       0
       0
       0
       0
       0
       0
       0
       0
       1
       0
       0
       0
       0
       0
       0
       0
       0
       0
       0
       0
       0
       0
       0
       0
       0
       0
       0
       0
       0
       0
       0
       0
       0
       0
       0
       0
       0
       0
       0
       0
       0
       0
       0
       0
       0
       0
       0
       0
       0
       0
       0
       0
       1
       0
       0
       0
       0
       0
       0
       0
       0
       0
       0
       0
       0
       0
       0
       0
       0
       0
       0
       0
       0
       0
       0
       0
       0
       0
       0
       0
       0
       0
       0
       0
       0
       0
       0
       0
       0
       0
       0
       0
       0
       0
       0
       0
       0
       0
       0
       0
       0
       0
       0
       0
       0
       0
       0
       0
       0
       0
       0
       0
       0
       0
       0
       0
       0
       0
       0
       0
       0
       0
       0
       0
       0
       0
       0
       0
       0
       0
       0
       0
       0
       0
       1
       0
       0
       2
       0
       2
       0
       0
       0
       0
       0
       0
       0
       0
       0
       0
       0
       0
       0
       0
       0
       0
       0
       0
       0
       0
       0
       0
       0
       0
       0
       0
       0
       0
       0
       0
       0
       0
       0
       0
       0
       0
       0
       0
       0
       0
       0
       0
       0
       0
       0
       1
       0
       0
       0
       0
       0
       1
       0
       0
       0
       0
       0
       0
       0
       0
       0
       0
       0
       0
       0
       0
       0
       0
       0
       0
       0
       0
       1
       0
       0
       0
       0
       0
       0
       0
       0
       0
       0
       0
       0
       0
       0
       0
       0
       0
       0
       0
       0
       0
       0
       0
       0
       0
       0
       0
       0
       0
       0
       0
       0
       0
       0
       0
       0
       0
       0
       0
       0
       0
       0
       0
       0
       0
       0
       0
       0
       0
       0
       1
       0
       0
       0
       0
       0
       0
       0
       1
       1
       2
       1
       2
       0
       0
       0
       0
       1
       0
       0
       0
       0
       0
       1
       0
       0
       0
       0
       0
       0
       0
       0
       1
       0
       0
       0
       0
       0
       0
       0
       1
       0
       0
       0
       0
       0
       0
       0
       0
       0
       0
       0
       0
       0
       0
       0
       0
       0
       0
       0
       0
       0
       0
       0
       0
       0
       0
       0
       1
       0
       0
       0
       0
       0
       0
       0
       0
       0
       0
       0
       0
       0
       0
       0
       0
       0
       0
       0
       0
       0
       0
       0
       0
       0
       0
       0
       0
       0
       0
       1
       0
       0
       0
       0
       0
       0
       0
       0
       0
       0
       0
       0
       0
       0
       0
       0
       0
       0
       0
       0
       0
       0
       0
       0
       0
       0
       0
       0
       0
       0
       0
       0
       0
       0
       0
       0
       0
       0
       0
       0
       0
       0
       0
       0
       0
       0
       0
       0
       0
       0
       0
       0
       0
       0
       0
       0
       0
       0
       0
       0
       0
       0
       0
       0
       0
       0
       0
       0
       0
       0
       0
       0
       0
       0
       0
       0
       0
       0
       1
       0
       0
       1
       0
       0
       0
       0
       0
       0
       0
       0
       0
       0
       0
       0
       0
       0
       0
       0
       1
       0
       0
       0
       0
       0
       0
       0
       0
       0
       0
       0
       0
       0
       0
       0
       0
       0
       0
       0
       0
       0
       0
       0
       0
       0
       0
       0
       0
       0
       1
       0
       0
       0
       0
       0
       0
       0
       0
       0
       0
       0
       0
       0
       0
       0
       0
       0
       0
       0
       0
       0
       0
       0
       0
       0
       0
       0
       0
       0
       0
       0
       1
       0
       0
       0
       0
       0
       0
       1
       0
       0
       0
       0
       0
       0
       0
       0
       0
       0
       0
       0
       0
       0
       0
       0
       0
       0
       0
       0
       0
       0
       0
       0
       0
       0
       2
       0
       0
       0
       0
       0
       0
       0
       0
       0
       1
       0
       0
       0
       0
       0
       0
       0
       1
       0
       0
       0
       0
       0
       0
       0
       0
       0
       0
       0
       0
       0
       0
       0
       0
       0
       0
       0
       1
       0
       0
       0
       0
       0
       0
       0
       1
       0
       0
       0
       0
       0
       0
       0
       0
       0
       0
       0
       0
       0
       0
       0
       0
       0
       0
       0
       0
       0
       0
       0
       0
       0
       0
       0
       0
       0
       0
       0
       0
       0
       0
       0
       0
       0
       1
       0
       0
       0
       0
       0
       0
       0
       0
       1
       0
       0
       0
       0
       0
       0
       0
       0
       0
       0
       0
       0
       0
       0
       0
       0
       0
       0
       0
       0
       0
       0
       0
       0
       0
       0
       0
       0
       0
       0
       0
       0
       0
       0
       0
       0
       0
       0
       0
       0
       0
       0
       0
       0
       0
       0
       0
       0
       1
       0
       0
       0
       0
       0
       0
       0
       0
       0
       0
       0
       0
       0
       0
       0
       0
       0
       0
       0
       0
       0
       0
       0
       0
       0
       0
       0
       0
       0
       0
       0
       1
       0
       0
       0
       0
       0
       0
       0
       0
       0
       0
       0
       0
       0
       0
       0
       0
       0
       0
       0
       0
       0
       0
       0
       0
       0
       0
       0
       0
       0
       0
       0
       0
       0
       0
       0
       0
       0
       0
       0
       0
       0
       0
       0
       0
       0
       0
       0
       0
       1
       0
       0
       0
       0
       0
       0
       0
       0
       0
       0
       0
       0
       0
       0
       0
       0
       0
       0
       0
       0
       0
       0
       0
       0
       0
       0
       0
       0
       0
       0
       0
       0
       0
       0
       0
       0
       0
       0
       0
       0
       0
       0
       0
       0
       0
       0
       0
       0
       0
       0
       0
       0
       0
       0
       0
       0
       0
       0
       0
       0
       0
       1
       0
       0
       0
       0
       0
       0
       0
       0
       0
       0
       0
       0
       0
       0
       0
       0
       0
       0
       0
       0
       0
       0
       0
       0
       0
       0
       0
       0
       0
       0
       0
       0
       0
       0
       0
       0
       0
       1
       0
       0
       0
       0
       0
       0
       0
       0
       0
       0
       0
       0
       0
       0
       0
       0
       0
       0
       0
       0
       0
       0
       0
       1
       0
       0
       0
       0
       0
       0
       0
       0
       0
       0
       0
       0
       0
       0
       1
       0
       0
       0
       0
       0
       0
       0
       0
       0
       0
       0
       0
       0
       0
       0
       0
       0
       1
       0
       0
       0
       0
       0
       0
       0
       0
       0
       0
       0
       0
       0
       0
       0
       0
       0
       0
       0
       0
       0
       0
       0
       0
       0
       0
       0
       0
       0
       0
       0
       0
       0
       0
       0
       0
       0
       0
       0
       0
       0
       0
       0
       0
       0
       0
       0
       0
       0
       0
       0
       0
       0
       0
       0
       0
       0
       0
       0
       0
       0
       0
       0
       0
       1
       0
       0
       0
       0
       0
       0
       0
       0
       0
       0
       0
       0
       0
       0
       0
       0
       0
       0
       0
       0
       0
       0
       0
       0
       1
       1
       0
       0
       0
       0
       0
       0
       0
       0
       0
       0
       0
       0
       0
       0
       0
       0
       0
       0
       0
       0
       0
       0
       0
       0
       0
       0
       0
       0
       0
       0
       0
       0
       0
       0
       0
       0
       0
       0
       0
       0
       0
       0
       0
       0
       0
       0
       0
       0
       0
       0
       0
       0
       0
       0
       0
       0
       0
       0
       1
       0
       0
       0
       0
       0
       0
       0
       0
       0
       0
       0
       0
       0
       0
       0
       0
       0
       0
       0
       0
       0
       0
       0
       0
       0
       0
       0
       0
       0
       0
       0
       0
       0
       0
       0
       0
       0
       0
       0
       0
       0
       0
       0
       0
       0
       0
       0
       0
       0
       0
       0
       0
       0
       0
       0
       0
       0
       0
       0
       0
       0
       0
       0
       0
       0
       0
       0
       0
       0
       0
       0
       0
       0
       0
       0
       0
       0
       0
       0
       0
       0
       0
       0
       0
       0
       0
       0
       0
       0
       0
       0
       1
       0
       0
       0
       0
       0
       0
       0
       0
       0
       0
       0
       0
       0
       0
       0
       0
       0
       0
       0
       0
       0
       0
       0
       0
       0
       0
       0
       0
       0
       0
       0
       0
       0
       0
       0
       0
       0
       0
       0
       0
       0
       0
       0
       0
       0
       0
       0
       0
       0
       0
       0
       0
       0
       0
       0
       0
       0
       0
       0
       0
       0
       0
       0
       0
       0
       0
       0
       0
       0
       0
       0
       0
       0
       0
       0
       0
       0
       0
       0
       0
       0
       0
       0
       0
       0
       0
       0
       0
       0
       0
       0
       0
       0
       0
       0
       0
       0
       0
       0
       0
       0
       0
       0
       0
       0
       0
       0
       0
       0
       0
       0
       0
       0
       0
       0
       0
       0
       0
       0
       0
       0
       0
       0
       0
       0
       0
       0
       0
       0
       0
       0
       0
       0
       0
       1
       0
       0
       0
       0
       0
       0
       0
       0
       0
       0
       0
       0
       0
       0
       0
       0
       0
       0
       0
       0
       0
       0
       0
       0
       0
       0
       0
       0
       0
       0
       0
       0
       0
       0
       0
       0
       0
       0
       0
       0
       0
       0
       0
       0
       0
       0
       0
       0
       0
       0
       0
       0
       0
       0
       0
       0
       0
       0
       0
       0
       0
       0
       0
       0
       0
       0
       0
       0
       0
       0
       0
       0
       0
       0
       0
       0
       0
       0
       0
       0
       0
       0
       0
       1
       0
       0
       1
       0
       0
       0
       0
       0
       0
       0
       0
       0
       0
       0
       0
       0
       0
       0
       0
       0
       0
       0
       0
       0
       0
       0
       0
       0
       0
       0
       0
       0
       0
       0
       0
       0
       0
       0
       0
       0
       0
       0
       0
       0
       0
       1
       0
       0
       0
       0
       0
       0
       0
       0
       0
       0
       0
       0
       0
       0
       0
       0
       0
       0
       0
       0
       0
       0
       0
       0
       0
       0
       0
       0
       0
       0
       0
       0
       0
       0
       0
       0
       0
       0
       0
       0
       0
       0
       0
       0
       0
       0
       0
       0
       0
       0
       0
       0
       0
       0
       0
       0
       0
       1
       0
       0
       0
       0
       0
       0
       0
       0
       0
       0
       0
       0
       0
       0
       0
       0
       0
       0
       0
       0
       0
       0
       0
       0
       0
       0
       0
       0
       0
       0
       0
       0
       0
       0
       1
       0
       0
       0
       0
       0
       0
       0
       0
       0
       0
       0
       0
$ROI:
11
224 244
765 907
1350 1411
1828 1908
2525 2667
2716 2799
3716 3817
4331 4427
4564 4622
5085 5259
5690 5768
$PRESETS:
Live Time
100
0
$ENER_FIT:
0.053689 0.255148
$MCA_CAL:
3
5.368913E-002 2.551478E-001 -1.853380E-009 keV
$SHAPE_CAL:
3
6.992400E+000 7.812671E-004 -3.508660E-008
