$SPEC_ID:
No sample description was entered.
$SPEC_REM:
DET# 1
DETDESC# GMX20P4 HPGe
AP# Maestro Version 7.01
$DATE_MEA:
11/23/2018 16:52:53
$MEAS_TIM:
100 100
$DATA:
0 8191
       0
       0
       0
       0
       0
       0
       0
       0
       0
       0
       0
       0
       0
       0
       0
       0
       0
       0
       0
       0
       0
       0
       0
       0
       0
       0
       0
       0
       0
       0
       0
       0
       0
       0
       0
       0
       0
       0
       0
       0
       0
       0
       0
       0
       0
       0
       0
       0
       0
      12
      25
      34
      44
      43
      46
      57
      33
      41
      39
      44
      39
      44
      51
      77
      67
     112
     111
     134
     114
     153
     136
     117
      90
      78
      55
      48
      66
      76
     109
     118
     108
     126
     146
     111
     111
      97
     101
      87
      79
      94
     103
     118
     171
     194
     253
     189
     194
     168
     192
     152
     169
     185
     189
     218
     181
     180
     155
     113
      80
      67
      46
      37
      30
      25
      21
      25
      23
      21
      22
      23
      21
      25
      15
      33
      36
      30
      31
      27
      24
      47
      30
      36
      33
      28
      25
      18
      19
      34
      30
      20
      36
      29
      25
      32
      33
      30
      29
      46
      43
      43
      40
      44
      41
      62
      57
      57
      54
      53
      51
      68
      88
      67
      79
      66
      94
      83
      93
     108
     109
     111
      99
     107
     129
     111
     109
     132
     128
     117
     143
     136
     157
     168
     152
     165
     204
     217
     226
     238
     268
     355
     354
     369
     380
     384
     448
     440
     433
     424
     423
     398
     479
     484
     444
     467
     474
     499
     433
     450
     471
     482
     463
     492
     409
     480
     459
     444
     435
     401
     393
     367
     345
     390
     375
     416
     458
     576
     855
    1316
    2062
    3095
    4342
    5544
    6307
    6842
    6587
    5688
    4583
    3106
    1972
    1201
     646
     296
     114
      60
      38
      19
      19
      19
      21
      20
      21
      11
      13
      12
      18
      12
      15
      12
      16
      11
      14
      12
      10
      17
      17
      22
       9
      13
      19
      20
      18
      19
      12
      10
      18
      13
      17
      16
      13
      18
       6
      18
      12
      11
      23
      16
      23
      16
      16
      21
      17
      18
      15
      11
      17
      20
       8
      16
      23
      17
      22
      23
      19
      16
      20
      12
      17
      13
      18
      16
      20
      17
      15
      20
      13
      24
      12
      19
      18
      11
      18
      20
      23
      16
      14
      14
      17
      24
      16
      11
      21
      21
       9
      17
      21
      18
      11
      21
      22
      23
      11
      21
      20
      15
      25
      19
      21
      11
       7
      11
      15
      26
      18
      15
      20
      10
      29
      20
      12
      12
      19
      12
      17
       9
      17
      18
      22
      21
      19
      21
      18
      12
      14
      25
      13
      13
      16
      13
      11
      14
      13
      16
      23
      16
      18
      10
      21
      22
      19
      21
      18
      20
      15
      13
      19
      17
      14
      18
      16
       9
      20
      25
      29
      22
      19
      14
      17
      14
      18
      17
      18
      13
       9
      15
      16
      16
      17
      11
      14
      21
      14
      12
      16
      17
      21
      22
      10
      18
      20
      16
      19
      14
      15
      17
      20
      15
      15
      13
       8
      11
      14
      11
      14
      14
      15
      14
      16
      14
      19
       7
      15
       8
      12
      11
       9
      13
      11
      14
       9
      16
      12
      14
      10
      16
      12
      19
      15
      18
      12
       8
       8
      13
      18
       7
       7
      11
      10
      20
       7
      18
      13
      16
      13
      11
      13
      15
      12
      10
      10
       9
      17
       9
      16
      13
      13
      12
      11
      10
      14
      15
       6
      18
       9
       8
      11
      13
      12
      11
      11
       6
      18
      12
       8
      13
      17
      11
      16
       8
      13
      15
       7
       8
      15
       9
       7
      12
      14
      13
      11
      11
      11
       9
      17
      11
      13
       9
       7
      16
      12
      10
      11
      13
      13
      13
      10
      12
      10
       5
      10
      11
      10
      12
      11
       8
       4
       8
       7
      15
      16
       8
      12
       9
       7
      11
       7
      11
       8
       6
      10
      10
      11
      10
      11
      10
      11
      11
       8
      11
       9
       9
      12
      12
       8
       8
       4
       6
       9
      14
       6
       8
       5
       5
      10
       8
      11
       4
      13
       7
       9
      14
       7
       8
       7
       9
       5
      10
      11
      11
       7
       7
      10
      11
       5
      11
       9
      12
       5
       5
      11
       4
       7
       6
       4
       5
      11
      10
       6
       7
       8
      11
      15
       3
      10
       5
       9
      16
      10
      11
       3
       3
      10
       7
       4
       6
       9
      17
       6
       8
       5
       6
      10
       8
       9
       8
       6
       8
      10
       7
       8
       5
      14
       9
       7
       6
       9
       2
       8
       8
      10
       6
       3
       8
      10
       6
       7
       4
       4
       3
      10
       8
       4
       5
       4
       4
       5
       2
      11
       5
       4
      10
       5
       5
       4
       6
       6
      11
      16
       8
       6
       9
       7
       6
      12
       7
       7
       5
       7
       9
       2
       9
       3
       9
       3
       5
       7
       5
       2
      10
       6
       7
       2
       8
       5
       5
       7
       7
       8
       8
       7
       6
       7
       3
      10
       5
       9
       9
       7
      12
       8
      10
       3
       9
       7
       1
       6
       5
       7
       8
      11
       3
       4
       4
      10
       4
      11
       7
      10
      10
       2
       4
       3
       8
       7
       5
      10
       6
       4
       8
       4
       5
       5
       4
       0
       6
       4
       3
       4
       4
       7
       6
       1
       3
       8
       5
       4
       6
       5
       7
       1
       8
       3
       1
       4
       4
       8
       7
       2
       7
       5
       5
       5
       7
       4
       5
       5
       7
       7
       4
       8
       5
       3
       8
       3
       3
       5
       8
       4
       8
       5
       8
       4
       6
       6
       4
       6
       2
       2
       9
       5
       6
       6
       0
       3
       3
       6
       5
       7
       4
       7
       7
       5
       4
       2
       4
       5
       5
       6
       4
      10
       3
       6
       7
       2
       4
       9
       2
       8
       4
       7
       6
       1
       2
       5
       5
       2
       1
       7
       3
       4
       4
       5
       4
       4
       5
       4
       8
       5
       6
       3
       5
       5
       4
       5
       3
       5
       4
       2
       2
       3
       5
       1
       6
       2
       4
       4
       6
       5
       6
       7
       7
       4
       2
       5
       3
       2
       2
       4
       5
       6
       3
       7
       5
       9
       0
       6
       4
       5
       1
       5
       4
       2
       2
       3
       1
       5
       3
       5
       6
       2
       9
       5
       3
       4
       5
      11
       3
       8
       4
       5
       5
       5
       4
       2
       6
       4
       4
       4
       4
       5
       4
       6
       1
       3
       5
       5
       3
       7
       2
       1
       6
       3
       1
       2
       4
       2
       4
       3
       6
       3
       3
       6
       0
       2
       7
       3
       3
       3
       3
       3
       3
       1
       2
       5
       2
       2
       2
       2
       2
       0
       4
       7
       2
       4
       2
       5
       4
       3
       3
       2
       3
       5
       4
       4
       6
       3
       5
       2
       2
       8
       3
       2
       2
       2
       6
       3
       5
       1
       3
       4
       1
       5
       6
       3
       5
       1
       7
       3
       3
       4
       3
       3
       3
       1
       2
       7
       0
       3
       5
       5
       4
       3
       3
       2
       1
       1
       3
       1
       5
       5
       5
       4
       3
       1
       2
       5
       2
       4
       1
       4
       5
       3
       6
       3
       2
       3
       4
       3
       3
       2
       4
       3
       2
       2
       1
       5
       1
       2
       4
       4
       2
       3
       3
       1
       3
       3
       3
       2
       4
       0
       4
       5
       4
       1
       4
       3
       0
       4
       4
       2
       0
       2
       3
       4
       3
       4
       3
       2
       6
       3
       3
       2
       1
       7
       5
       4
       0
       1
       4
       2
       7
       1
       0
       3
       1
       3
       3
       0
       3
       1
       2
       1
       4
       4
       3
       3
       1
       2
       4
       3
       1
       2
       3
       4
       4
       3
       5
       3
       1
       1
       2
       2
       2
       3
       7
       4
       1
       3
      10
       6
       6
       1
       1
       0
       6
       2
       3
       1
       4
       2
       3
       1
       1
       2
       1
       3
       6
       2
       2
       1
       3
       2
       3
       1
       3
       0
       1
       2
       2
       1
       2
       0
       1
       3
       3
       3
       5
       1
       2
       2
       3
       0
       3
       4
       1
       2
       4
       1
       4
       4
       3
       3
       1
       1
       3
       0
       3
       2
       2
       2
       4
       2
       2
       2
       2
       1
       0
       2
       2
       1
       1
       5
       1
       1
       3
       0
       1
       5
       3
       5
       4
       1
       2
       2
       2
       1
       1
       2
       1
       3
       4
       6
       3
       2
       5
       2
       2
       0
       3
       1
       4
       2
       0
       3
       5
       2
       6
       0
       3
       2
       1
       3
       2
       3
       3
       2
       2
       2
       3
       3
       0
       0
       1
       1
       1
       2
       0
       2
       2
       3
       2
       1
       6
       1
       0
       0
       1
       0
       0
       0
       3
       2
       0
       2
       0
       0
       0
       2
       0
       2
       3
       3
       5
       1
       3
       2
       2
       5
       1
       2
       1
       2
       3
       0
       2
       1
       1
       0
       3
       0
       8
       2
       2
       3
       3
       5
       2
       2
       2
       1
       0
       1
       2
       3
       0
       2
       3
       1
       2
       1
       2
       0
       4
       1
       2
       2
       0
       2
       3
       1
       0
       3
       5
       2
       0
       2
       0
       1
       3
       2
       2
       3
       0
       5
       4
       2
       3
       5
       2
       8
       6
       5
       5
       6
       1
       3
       4
       4
       2
       2
       2
       3
       2
       0
       4
       2
       0
       0
       3
       2
       2
       2
       1
       0
       2
       1
       1
       0
       4
       2
       1
       2
       1
       5
       4
       0
       0
       0
       4
       3
       2
       1
       1
       0
       2
       2
       1
       1
       0
       1
       1
       2
       2
       3
       1
       1
       2
       2
       1
       0
       1
       4
       1
       2
       1
       1
       1
       0
       2
       3
       1
       1
       1
       3
       1
       0
       0
       0
       0
       0
       1
       2
       1
       1
       1
       3
       0
       1
       0
       1
       0
       3
       0
       1
       0
       1
       2
       0
       1
       2
       1
       0
       3
       1
       1
       2
       2
       0
       0
       2
       1
       0
       0
       1
       0
       0
       0
       3
       2
       1
       3
       0
       1
       1
       0
       0
       0
       1
       2
       1
       0
       1
       0
       2
       1
       4
       2
       1
       3
       0
       0
       1
       1
       2
       2
       2
       1
       0
       1
       1
       2
       0
       0
       2
       2
       2
       1
       2
       1
       1
       3
       0
       1
       1
       0
       2
       0
       0
       0
       1
       0
       2
       3
       0
       0
       1
       0
       0
       0
       1
       1
       1
       3
       0
       3
       1
       2
       0
       3
       0
       1
       3
       1
       2
       2
       0
       0
       0
       2
       4
       1
       2
       1
       2
       1
       0
       1
       0
       2
       2
       0
       2
       2
       0
       0
       1
       2
       1
       2
       0
       1
       1
       3
       1
       0
       1
       2
       0
       2
       0
       0
       2
       1
       0
       1
       0
       0
       2
       2
       1
       1
       2
       1
       0
       0
       0
       2
       1
       1
       1
       1
       0
       0
       0
       0
       0
       4
       2
       2
       1
       2
       1
       1
       4
       2
       1
       0
       1
       0
       1
       1
       1
       2
       2
       1
       1
       2
       2
       2
       1
       1
       0
       0
       3
       0
       1
       0
       1
       1
       0
       2
       2
       2
       1
       0
       1
       0
       0
       0
       1
       3
       0
       0
       1
       3
       0
       0
       0
       2
       1
       0
       2
       0
       1
       1
       0
       1
       0
       1
       3
       0
       0
       1
       2
       1
       0
       3
       3
       0
       1
       0
       0
       1
       1
       0
       0
       0
       1
       0
       1
       1
       1
       0
       1
       2
       2
       1
       0
       0
       0
       1
       2
       1
       1
       4
       2
       0
       1
       2
       1
       1
       1
       0
       2
       5
       2
       1
       0
       1
       3
       0
       0
       1
       2
       0
       0
       1
       2
       0
       1
       1
       1
       1
       0
       2
       4
       1
       4
       0
       1
       2
       1
       0
       0
       2
       2
       1
       1
       1
       0
       2
       1
       1
       2
       0
       1
       0
       1
       2
       2
       1
       1
       0
       0
       3
       1
       0
       2
       3
       0
       0
       0
       2
       1
       0
       0
       1
       0
       4
       1
       1
       1
       0
       1
       2
       1
       1
       2
       2
       1
       2
       0
       2
       1
       0
       1
       1
       1
       2
       3
       0
       1
       0
       0
       2
       0
       2
       1
       2
       3
       0
       0
       2
       2
       1
       0
       0
       0
       0
       3
       2
       1
       1
       2
       2
       1
       2
       1
       0
       1
       1
       0
       0
       0
       1
       0
       0
       1
       2
       4
       0
       1
       0
       0
       0
       1
       0
       2
       0
       1
       1
       0
       2
       0
       0
       0
       0
       0
       1
       1
       0
       0
       0
       0
       0
       0
       1
       1
       2
       0
       2
       1
       0
       2
       0
       0
       1
       1
       3
       1
       0
       3
       1
       0
       1
       0
       0
       0
       1
       0
       0
       0
       3
       1
       0
       1
       1
       0
       0
       0
       1
       1
       2
       0
       1
       1
       1
       1
       0
       1
       3
       0
       1
       0
       1
       1
       0
       0
       1
       0
       0
       1
       4
       2
       0
       1
       0
       2
       0
       0
       1
       0
       0
       1
       0
       1
       1
       1
       1
       4
       1
       0
       2
       0
       2
       0
       0
       2
       1
       2
       0
       0
       1
       0
       1
       0
       0
       1
       0
       0
       2
       0
       2
       1
       0
       1
       1
       1
       2
       1
       2
       3
       2
       4
       5
       1
       1
       2
       1
       3
       1
       0
       0
       1
       1
       1
       1
       0
       2
       0
       1
       1
       2
       0
       2
       0
       0
       0
       0
       0
       1
       1
       2
       1
       0
       0
       0
       1
       0
       2
       0
       2
       2
       0
       3
       0
       0
       0
       2
       2
       0
       3
       0
       1
       0
       2
       0
       0
       0
       2
       1
       0
       0
       0
       1
       1
       0
       3
       2
       4
       0
       1
       2
       1
       1
       2
       0
       0
       1
       1
       1
       1
       1
       1
       0
       3
       1
       0
       2
       1
       2
       0
       2
       1
       0
       1
       0
       2
       2
       0
       0
       1
       1
       2
       0
       1
       1
       1
       0
       2
       2
       0
       1
       0
       0
       0
       0
       0
       0
       1
       1
       1
       2
       2
       0
       2
       1
       1
       0
       4
       1
       0
       1
       0
       0
       1
       0
       0
       3
       1
       0
       1
       2
       3
       0
       1
       0
       1
       2
       2
       1
       1
       2
       1
       0
       0
       0
       1
       0
       0
       1
       0
       1
       0
       0
       0
       0
       0
       0
       1
       1
       0
       0
       1
       1
       1
       2
       0
       0
       2
       1
       1
       0
       1
       0
       0
       1
       2
       0
       2
       1
       0
       1
       1
       0
       1
       1
       0
       0
       2
       0
       0
       0
       0
       0
       0
       0
       1
       1
       1
       0
       0
       0
       1
       1
       0
       0
       0
       1
       0
       2
       1
       1
       0
       2
       0
       0
       1
       1
       0
       1
       0
       0
       0
       1
       1
       0
       1
       0
       0
       0
       1
       2
       0
       0
       1
       4
       1
       0
       0
       0
       0
       0
       2
       0
       1
       0
       1
       1
       2
       1
       0
       0
       0
       0
       2
       1
       1
       0
       0
       1
       1
       3
       0
       1
       1
       1
       2
       0
       1
       1
       2
       2
       1
       3
       1
       1
       2
       1
       2
       1
       3
       1
       1
       1
       2
       0
       1
       0
       0
       1
       1
       3
       0
       0
       1
       0
       1
       0
       0
       0
       0
       0
       0
       1
       0
       2
       0
       0
       0
       1
       0
       0
       0
       2
       0
       0
       0
       0
       0
       1
       0
       0
       0
       1
       0
       0
       1
       0
       0
       0
       1
       1
       0
       1
       1
       1
       0
       0
       0
       1
       2
       0
       0
       1
       2
       2
       1
       2
       0
       1
       0
       4
       2
       0
       1
       1
       0
       0
       0
       1
       0
       2
       3
       1
       3
       0
       1
       1
       1
       0
       0
       0
       3
       2
       1
       3
       4
       3
       6
       7
       1
       3
       2
       5
       1
       0
       1
       1
       1
       0
       1
       0
       0
       1
       0
       0
       0
       0
       1
       0
       2
       2
       2
       0
       1
       1
       3
       2
       0
       0
       1
       1
       1
       2
       0
       1
       1
       1
       0
       1
       0
       1
       0
       0
       0
       0
       1
       0
       1
       0
       1
       2
       0
       1
       0
       0
       0
       1
       0
       2
       0
       1
       0
       1
       0
       1
       0
       2
       1
       3
       2
       1
       0
       0
       0
       1
       0
       0
       0
       0
       0
       1
       1
       1
       2
       0
       0
       0
       1
       0
       1
       0
       0
       0
       1
       0
       0
       0
       0
       0
       0
       0
       0
       0
       2
       0
       2
       1
       0
       0
       0
       1
       0
       1
       3
       0
       0
       2
       1
       1
       0
       0
       0
       0
       0
       1
       2
       0
       0
       0
       0
       0
       2
       0
       0
       0
       0
       0
       0
       3
       0
       0
       1
       0
       0
       1
       0
       0
       0
       0
       0
       1
       0
       1
       0
       0
       1
       0
       2
       1
       2
       0
       0
       0
       1
       0
       0
       0
       2
       0
       1
       0
       1
       0
       2
       0
       1
       0
       0
       0
       1
       4
       2
       1
       1
       0
       0
       0
       1
       1
       1
       0
       0
       0
       1
       2
       0
       1
       0
       0
       0
       1
       2
       0
       0
       0
       1
       1
       1
       2
       0
       2
       0
       1
       0
       1
       1
       1
       0
       0
       0
       0
       0
       0
       0
       0
       1
       1
       0
       0
       0
       1
       0
       1
       0
       1
       0
       0
       1
       1
       0
       2
       1
       1
       0
       2
       0
       1
       2
       0
       0
       0
       1
       0
       0
       0
       0
       0
       2
       0
       0
       0
       2
       0
       0
       0
       0
       0
       1
       0
       0
       1
       1
       0
       0
       1
       1
       1
       0
       0
       0
       1
       1
       0
       1
       1
       1
       1
       0
       0
       1
       1
       1
       1
       2
       0
       1
       0
       0
       0
       0
       0
       1
       0
       3
       2
       0
       0
       1
       0
       1
       1
       0
       0
       0
       0
       0
       0
       0
       0
       0
       0
       0
       1
       0
       0
       0
       0
       0
       0
       0
       0
       1
       0
       0
       0
       0
       0
       0
       0
       0
       0
       0
       0
       0
       0
       1
       1
       1
       1
       1
       1
       0
       1
       0
       0
       0
       0
       1
       1
       0
       0
       1
       1
       1
       0
       0
       1
       1
       0
       1
       0
       0
       0
       0
       1
       0
       0
       0
       1
       1
       0
       1
       1
       0
       0
       0
       0
       0
       0
       0
       0
       0
       1
       1
       0
       1
       0
       0
       1
       1
       0
       0
       0
       0
       0
       0
       0
       0
       0
       0
       1
       0
       0
       0
       0
       0
       1
       0
       1
       1
       1
       0
       2
       1
       1
       0
       1
       1
       0
       0
       0
       0
       0
       0
       0
       0
       0
       0
       1
       0
       1
       0
       0
       1
       0
       0
       0
       1
       0
       0
       2
       0
       1
       0
       1
       0
       1
       2
       0
       1
       1
       0
       1
       0
       1
       0
       0
       0
       1
       1
       0
       0
       0
       0
       1
       0
       0
       0
       0
       0
       3
       1
       0
       0
       0
       0
       0
       1
       0
       0
       2
       0
       1
       1
       1
       1
       2
       1
       0
       0
       0
       1
       0
       1
       0
       0
       0
       1
       0
       0
       1
       3
       0
       1
       0
       0
       1
       0
       0
       0
       2
       0
       1
       0
       0
       0
       0
       0
       0
       1
       0
       0
       0
       0
       1
       0
       0
       0
       0
       0
       0
       1
       1
       1
       1
       1
       0
       2
       0
       1
       1
       0
       0
       0
       0
       1
       0
       1
       2
       0
       0
       0
       0
       0
       0
       1
       0
       1
       1
       0
       0
       0
       0
       0
       0
       0
       0
       1
       0
       0
       0
       0
       1
       0
       0
       0
       1
       0
       0
       0
       0
       0
       1
       1
       0
       0
       1
       1
       0
       0
       0
       1
       0
       0
       0
       0
       1
       0
       0
       1
       3
       0
       2
       0
       1
       0
       2
       0
       1
       1
       1
       2
       0
       0
       0
       0
       0
       0
       0
       0
       0
       0
       1
       0
       0
       0
       0
       0
       1
       0
       1
       1
       0
       2
       1
       0
       1
       0
       1
       0
       1
       0
       0
       1
       1
       2
       0
       0
       1
       2
       0
       0
       0
       0
       0
       2
       1
       0
       0
       0
       2
       0
       0
       1
       0
       0
       0
       1
       1
       0
       1
       1
       1
       0
       1
       0
       1
       1
       0
       0
       1
       1
       0
       0
       1
       0
       1
       0
       1
       0
       0
       0
       0
       0
       1
       1
       0
       0
       1
       0
       1
       1
       1
       0
       1
       0
       0
       1
       1
       0
       0
       1
       1
       0
       0
       1
       2
       3
       1
       1
       0
       0
       1
       1
       0
       1
       1
       0
       1
       1
       1
       0
       1
       0
       0
       0
       0
       0
       0
       2
       0
       0
       0
       0
       0
       0
       0
       0
       0
       0
       1
       0
       1
       1
       0
       0
       2
       2
       1
       1
       0
       0
       0
       2
       1
       0
       0
       1
       1
       0
       1
       0
       1
       1
       0
       0
       0
       0
       0
       0
       0
       0
       1
       1
       0
       0
       0
       0
       0
       0
       0
       0
       0
       0
       0
       1
       1
       0
       0
       2
       0
       1
       0
       0
       2
       1
       0
       1
       0
       0
       2
       0
       0
       0
       0
       1
       0
       0
       0
       0
       0
       0
       0
       0
       2
       0
       0
       0
       3
       0
       1
       1
       1
       1
       2
       0
       0
       1
       0
       0
       2
       0
       0
       0
       0
       0
       0
       0
       1
       0
       0
       0
       1
       0
       1
       1
       1
       2
       1
       0
       2
       1
       0
       0
       0
       0
       1
       1
       0
       2
       0
       0
       0
       2
       0
       0
       1
       0
       0
       0
       0
       1
       0
       0
       0
       0
       0
       1
       0
       0
       0
       1
       0
       0
       0
       2
       0
       1
       1
       0
       0
       1
       0
       1
       0
       1
       0
       2
       0
       1
       0
       0
       0
       0
       0
       0
       0
       0
       1
       0
       1
       0
       0
       1
       0
       1
       0
       1
       0
       1
       2
       0
       0
       0
       0
       2
       0
       1
       0
       0
       0
       0
       0
       0
       1
       0
       1
       0
       0
       1
       0
       1
       0
       1
       1
       0
       0
       0
       2
       0
       0
       0
       0
       0
       2
       1
       0
       0
       0
       0
       0
       0
       1
       0
       1
       0
       0
       1
       0
       0
       0
       0
       0
       0
       0
       2
       0
       1
       0
       0
       0
       1
       0
       0
       0
       0
       0
       0
       0
       0
       0
       0
       0
       1
       0
       0
       0
       0
       1
       0
       0
       1
       0
       0
       0
       0
       0
       0
       0
       0
       0
       0
       2
       0
       2
       0
       1
       1
       1
       0
       1
       1
       1
       2
       0
       0
       0
       1
       0
       0
       0
       0
       0
       0
       1
       0
       2
       0
       0
       1
       0
       1
       0
       0
       0
       1
       0
       0
       0
       1
       0
       0
       0
       0
       0
       1
       0
       1
       0
       0
       0
       0
       0
       0
       1
       0
       0
       0
       1
       0
       0
       0
       1
       0
       2
       0
       0
       1
       0
       0
       0
       1
       1
       0
       1
       0
       0
       0
       1
       0
       1
       1
       0
       0
       0
       0
       0
       1
       0
       0
       1
       1
       1
       1
       0
       1
       0
       0
       0
       0
       0
       1
       1
       0
       0
       1
       0
       2
       0
       0
       0
       0
       0
       0
       1
       0
       2
       0
       1
       0
       0
       0
       1
       0
       0
       0
       0
       1
       0
       0
       0
       0
       0
       1
       0
       0
       0
       0
       0
       0
       0
       0
       0
       0
       2
       0
       0
       1
       0
       1
       3
       1
       3
       1
       0
       2
       0
       1
       0
       0
       0
       0
       0
       0
       0
       1
       1
       0
       0
       1
       0
       1
       0
       1
       0
       0
       0
       1
       0
       0
       0
       0
       1
       1
       0
       0
       0
       0
       0
       0
       0
       0
       1
       0
       0
       0
       0
       0
       0
       0
       0
       1
       1
       0
       0
       0
       2
       0
       0
       1
       0
       0
       0
       0
       0
       0
       1
       0
       0
       1
       0
       0
       0
       1
       2
       1
       0
       0
       0
       0
       0
       2
       1
       1
       0
       0
       0
       1
       0
       1
       2
       1
       0
       0
       1
       0
       0
       0
       0
       0
       0
       0
       0
       1
       0
       1
       0
       0
       0
       0
       0
       1
       0
       0
       1
       1
       0
       1
       0
       0
       0
       1
       1
       1
       0
       0
       0
       0
       1
       0
       2
       1
       0
       0
       1
       0
       0
       0
       1
       0
       0
       0
       0
       0
       0
       0
       0
       0
       0
       0
       1
       0
       0
       2
       0
       0
       0
       1
       0
       1
       1
       0
       0
       0
       0
       0
       0
       0
       2
       0
       0
       1
       0
       0
       0
       0
       0
       0
       0
       1
       0
       0
       0
       0
       0
       0
       1
       0
       0
       0
       0
       0
       1
       0
       0
       0
       0
       0
       0
       0
       0
       1
       0
       0
       0
       0
       0
       1
       0
       0
       0
       1
       1
       2
       0
       0
       2
       1
       2
       1
       0
       1
       0
       0
       1
       2
       2
       0
       0
       0
       1
       1
       0
       0
       0
       0
       1
       1
       0
       0
       0
       1
       1
       0
       2
       0
       1
       0
       0
       1
       0
       0
       0
       0
       0
       0
       0
       0
       0
       1
       1
       3
       1
       2
       0
       0
       0
       0
       0
       0
       0
       0
       0
       1
       1
       0
       0
       0
       0
       0
       0
       0
       0
       1
       0
       1
       0
       0
       0
       0
       1
       1
       0
       0
       0
       0
       1
       0
       0
       0
       0
       0
       0
       0
       1
       0
       0
       1
       0
       1
       0
       0
       0
       1
       0
       0
       2
       0
       1
       0
       0
       0
       1
       1
       1
       0
       0
       0
       0
       0
       0
       0
       0
       0
       0
       2
       0
       1
       0
       0
       0
       0
       0
       0
       0
       0
       1
       0
       0
       3
       0
       0
       0
       0
       0
       0
       0
       1
       0
       0
       0
       0
       0
       0
       0
       0
       0
       0
       0
       0
       1
       1
       1
       0
       0
       0
       0
       1
       0
       0
       0
       0
       1
       0
       1
       0
       0
       1
       0
       0
       0
       2
       1
       0
       0
       0
       0
       0
       0
       0
       0
       0
       0
       1
       0
       1
       0
       0
       0
       0
       0
       0
       0
       1
       1
       1
       0
       0
       0
       0
       1
       0
       0
       0
       0
       1
       0
       0
       1
       0
       0
       0
       0
       0
       0
       0
       0
       0
       0
       0
       0
       0
       0
       1
       0
       0
       1
       1
       0
       0
       0
       0
       0
       0
       0
       1
       1
       1
       1
       1
       0
       0
       0
       0
       0
       0
       0
       1
       0
       0
       0
       0
       0
       0
       0
       0
       0
       0
       1
       0
       0
       0
       0
       1
       0
       0
       1
       0
       0
       0
       1
       0
       1
       0
       0
       1
       0
       1
       1
       0
       0
       0
       0
       0
       0
       0
       0
       1
       0
       0
       1
       0
       1
       0
       0
       0
       0
       0
       0
       0
       0
       0
       1
       0
       0
       0
       0
       1
       0
       0
       0
       1
       0
       2
       0
       0
       0
       0
       0
       0
       1
       1
       0
       1
       0
       1
       0
       0
       0
       0
       1
       0
       0
       0
       0
       0
       0
       0
       0
       0
       0
       0
       0
       1
       1
       0
       0
       1
       0
       0
       0
       0
       0
       0
       2
       0
       0
       1
       0
       0
       1
       0
       0
       0
       1
       0
       0
       0
       1
       0
       0
       2
       0
       0
       0
       0
       0
       1
       0
       0
       1
       0
       0
       0
       0
       0
       0
       1
       0
       0
       2
       0
       1
       0
       0
       1
       1
       0
       0
       0
       0
       0
       1
       0
       1
       1
       1
       0
       0
       1
       0
       0
       0
       0
       1
       0
       0
       1
       0
       0
       0
       0
       0
       0
       0
       0
       0
       0
       0
       1
       1
       0
       0
       0
       0
       0
       0
       0
       2
       0
       0
       0
       0
       1
       0
       1
       0
       0
       0
       0
       0
       0
       0
       0
       1
       1
       0
       1
       0
       1
       0
       0
       0
       0
       0
       0
       0
       1
       1
       0
       0
       0
       0
       0
       0
       0
       0
       0
       1
       0
       1
       1
       0
       0
       0
       0
       0
       1
       0
       2
       0
       1
       0
       0
       2
       0
       0
       0
       0
       0
       0
       1
       0
       0
       0
       0
       0
       0
       0
       0
       1
       0
       0
       0
       0
       0
       0
       1
       1
       0
       0
       0
       1
       0
       0
       0
       0
       0
       0
       0
       1
       0
       0
       1
       1
       0
       0
       1
       0
       1
       0
       0
       0
       0
       0
       0
       1
       0
       2
       0
       1
       1
       0
       0
       0
       0
       0
       1
       1
       0
       0
       0
       1
       1
       1
       0
       0
       0
       0
       3
       1
       0
       0
       0
       0
       0
       0
       0
       1
       0
       0
       1
       1
       0
       0
       0
       1
       0
       0
       0
       1
       0
       0
       0
       0
       0
       0
       1
       2
       0
       0
       0
       0
       2
       1
       1
       2
       0
       1
       0
       1
       0
       0
       0
       1
       0
       0
       0
       0
       0
       0
       0
       1
       0
       0
       0
       1
       0
       1
       0
       0
       0
       0
       0
       0
       0
       0
       0
       0
       0
       0
       0
       0
       0
       1
       1
       0
       1
       0
       0
       0
       0
       1
       0
       0
       2
       1
       0
       0
       0
       0
       2
       1
       1
       1
       0
       0
       0
       0
       0
       0
       0
       1
       0
       0
       0
       0
       0
       0
       1
       1
       0
       0
       0
       0
       0
       0
       0
       0
       0
       0
       1
       1
       0
       0
       0
       0
       0
       0
       0
       1
       0
       1
       2
       0
       0
       0
       0
       1
       0
       0
       0
       0
       0
       0
       0
       0
       0
       0
       1
       1
       0
       2
       0
       1
       0
       0
       0
       0
       0
       3
       1
       0
       0
       0
       0
       0
       1
       0
       0
       0
       0
       0
       0
       1
       0
       0
       1
       0
       0
       0
       0
       0
       0
       0
       0
       0
       0
       1
       0
       0
       0
       0
       0
       0
       0
       0
       1
       0
       1
       1
       0
       0
       0
       1
       0
       0
       2
       0
       1
       0
       1
       0
       0
       1
       1
       0
       0
       0
       0
       0
       0
       0
       0
       1
       0
       0
       0
       0
       1
       0
       0
       0
       0
       1
       0
       0
       0
       0
       1
       0
       1
       0
       0
       0
       0
       0
       0
       0
       0
       0
       0
       0
       0
       0
       0
       1
       0
       0
       0
       0
       0
       0
       0
       0
       0
       1
       1
       0
       0
       1
       0
       1
       0
       1
       0
       1
       1
       0
       0
       0
       0
       0
       0
       0
       0
       0
       0
       0
       0
       0
       2
       0
       0
       0
       0
       0
       0
       0
       0
       0
       0
       0
       0
       0
       0
       0
       0
       0
       0
       0
       0
       0
       2
       0
       0
       2
       0
       0
       0
       0
       0
       1
       0
       1
       1
       1
       0
       0
       0
       0
       0
       0
       1
       0
       1
       0
       1
       1
       0
       1
       1
       1
       1
       0
       1
       0
       0
       2
       0
       0
       0
       1
       0
       0
       0
       0
       0
       0
       1
       0
       0
       0
       0
       0
       1
       0
       1
       0
       1
       1
       0
       0
       0
       0
       1
       0
       1
       0
       0
       0
       0
       0
       0
       0
       1
       0
       0
       0
       0
       1
       1
       0
       1
       0
       2
       0
       1
       0
       1
       1
       1
       0
       3
       0
       1
       0
       0
       1
       0
       0
       0
       2
       0
       0
       0
       0
       1
       0
       1
       0
       0
       0
       1
       0
       0
       0
       0
       0
       0
       0
       1
       0
       1
       0
       0
       0
       0
       0
       0
       1
       1
       0
       0
       0
       1
       1
       0
       1
       0
       1
       0
       0
       0
       0
       0
       0
       0
       1
       0
       0
       0
       0
       0
       0
       0
       0
       0
       0
       0
       0
       0
       1
       0
       0
       0
       1
       0
       0
       0
       0
       0
       1
       0
       0
       0
       1
       1
       0
       2
       0
       2
       1
       0
       1
       0
       1
       0
       1
       0
       2
       0
       0
       1
       0
       1
       0
       0
       0
       0
       0
       0
       0
       1
       0
       0
       1
       0
       1
       0
       1
       0
       1
       0
       0
       0
       0
       0
       0
       0
       0
       0
       0
       0
       0
       0
       0
       0
       1
       1
       0
       0
       0
       2
       0
       0
       2
       0
       0
       1
       1
       0
       0
       1
       1
       1
       0
       0
       1
       0
       0
       0
       0
       0
       0
       0
       0
       0
       0
       0
       0
       0
       0
       0
       0
       1
       0
       0
       1
       0
       0
       0
       0
       0
       0
       0
       0
       0
       1
       0
       1
       0
       0
       0
       0
       1
       0
       0
       0
       0
       0
       0
       0
       0
       0
       0
       0
       1
       0
       0
       1
       1
       0
       0
       1
       0
       0
       0
       0
       1
       0
       0
       0
       0
       1
       1
       1
       0
       2
       0
       0
       0
       0
       1
       0
       0
       0
       1
       0
       0
       0
       0
       1
       0
       0
       0
       0
       0
       0
       0
       2
       0
       0
       0
       0
       1
       1
       0
       1
       0
       0
       0
       0
       2
       0
       0
       1
       0
       0
       0
       0
       0
       0
       0
       0
       0
       0
       1
       0
       0
       0
       0
       0
       0
       0
       0
       0
       1
       0
       0
       0
       0
       0
       0
       0
       0
       0
       0
       0
       0
       0
       0
       0
       0
       1
       1
       0
       1
       1
       0
       0
       0
       0
       0
       1
       0
       0
       0
       0
       1
       0
       1
       0
       0
       0
       1
       0
       0
       0
       0
       0
       0
       0
       0
       0
       0
       0
       0
       1
       0
       0
       1
       0
       0
       1
       0
       1
       0
       0
       1
       1
       0
       0
       0
       1
       1
       0
       0
       0
       0
       0
       0
       0
       0
       0
       0
       0
       0
       0
       0
       0
       3
       0
       1
       0
       0
       0
       0
       0
       0
       1
       0
       0
       0
       0
       0
       0
       0
       0
       0
       0
       0
       0
       0
       0
       0
       0
       0
       0
       0
       0
       1
       0
       1
       0
       1
       0
       0
       0
       0
       0
       0
       0
       0
       0
       0
       2
       0
       0
       0
       0
       0
       0
       1
       0
       1
       0
       0
       0
       1
       0
       0
       0
       0
       0
       0
       0
       0
       0
       0
       0
       0
       0
       0
       1
       0
       0
       0
       0
       0
       0
       0
       0
       0
       0
       0
       0
       0
       0
       0
       0
       0
       0
       0
       0
       0
       0
       1
       0
       0
       0
       0
       0
       1
       1
       0
       0
       0
       0
       0
       0
       1
       2
       0
       0
       0
       1
       0
       1
       0
       0
       0
       0
       0
       0
       0
       0
       1
       0
       0
       0
       0
       0
       0
       0
       0
       0
       1
       0
       0
       0
       0
       0
       0
       0
       0
       0
       0
       0
       0
       0
       0
       0
       0
       0
       1
       0
       0
       0
       0
       0
       0
       0
       0
       0
       0
       0
       0
       0
       0
       0
       1
       0
       0
       0
       0
       0
       0
       0
       0
       0
       0
       0
       0
       0
       0
       0
       1
       0
       0
       0
       0
       0
       0
       0
       0
       1
       0
       0
       0
       0
       0
       0
       0
       0
       0
       0
       1
       0
       0
       0
       0
       1
       1
       0
       1
       0
       0
       0
       0
       0
       0
       0
       0
       0
       0
       0
       1
       1
       0
       0
       0
       0
       0
       0
       1
       0
       0
       1
       0
       0
       0
       0
       0
       0
       0
       0
       0
       0
       1
       0
       0
       0
       0
       1
       0
       0
       0
       0
       0
       0
       0
       0
       0
       1
       0
       0
       0
       0
       0
       0
       1
       1
       0
       0
       0
       1
       0
       0
       0
       0
       0
       0
       0
       0
       0
       1
       0
       0
       0
       0
       0
       0
       0
       0
       0
       0
       1
       0
       0
       0
       0
       0
       1
       0
       1
       0
       0
       0
       0
       0
       0
       0
       0
       0
       0
       0
       1
       0
       0
       0
       0
       0
       0
       1
       0
       0
       0
       0
       0
       0
       1
       0
       0
       0
       1
       0
       0
       1
       0
       0
       0
       0
       0
       0
       0
       1
       0
       0
       0
       0
       0
       0
       0
       0
       0
       0
       1
       0
       0
       1
       0
       0
       0
       0
       0
       1
       0
       0
       0
       0
       0
       0
       0
       0
       0
       0
       0
       0
       0
       0
       0
       0
       0
       1
       0
       0
       0
       0
       0
       1
       1
       0
       2
       0
       0
       0
       0
       0
       0
       0
       0
       0
       0
       0
       0
       0
       0
       0
       0
       0
       0
       0
       0
       0
       0
       0
       0
       0
       0
       0
       0
       1
       0
       0
       0
       0
       0
       0
       0
       0
       0
       0
       0
       0
       0
       1
       0
       0
       0
       0
       0
       1
       0
       0
       1
       0
       0
       1
       0
       0
       0
       0
       0
       0
       0
       0
       0
       0
       0
       0
       0
       0
       0
       0
       1
       0
       0
       0
       0
       0
       0
       0
       0
       0
       0
       0
       0
       0
       1
       0
       0
       0
       0
       0
       0
       0
       0
       0
       2
       0
       0
       0
       1
       0
       0
       0
       0
       0
       0
       0
       0
       0
       0
       0
       0
       0
       0
       0
       0
       0
       0
       0
       0
       0
       0
       0
       0
       0
       0
       0
       0
       0
       0
       0
       0
       0
       0
       0
       0
       1
       0
       1
       0
       1
       0
       0
       0
       0
       0
       0
       0
       0
       0
       0
       0
       0
       0
       1
       0
       0
       0
       0
       1
       0
       0
       0
       0
       0
       0
       0
       0
       0
       0
       0
       1
       0
       0
       0
       0
       0
       0
       0
       0
       0
       0
       0
       0
       0
       0
       0
       0
       0
       1
       1
       1
       0
       0
       2
       2
       5
       4
       9
       6
       9
      11
       6
       5
       7
       2
       3
       2
       0
       1
       0
       1
       0
       0
       0
       0
       0
       0
       0
       0
       0
       0
       0
       0
       0
       0
       0
       0
       1
       0
       0
       0
       0
       0
       0
       0
       0
       0
       0
       0
       0
       0
       0
       0
       0
       0
       0
       1
       1
       0
       0
       0
       0
       0
       1
       0
       0
       0
       0
       0
       0
       0
       0
       0
       0
       0
       0
       0
       0
       0
       0
       0
       0
       0
       0
       0
       0
       0
       0
       0
       0
       0
       0
       0
       0
       0
       0
       0
       0
       0
       0
       0
       0
       0
       0
       0
       0
       0
       0
       0
       0
       0
       0
       1
       0
       0
       0
       0
       0
       0
       0
       0
       0
       0
       0
       0
       0
       0
       0
       0
       0
       0
       0
       0
       0
       0
       0
       0
       0
       0
       1
       0
       0
       0
       0
       0
       0
       0
       0
       0
       0
       0
       0
       0
       0
       0
       0
       0
       0
       0
       0
       0
       1
       0
       0
       0
       0
       0
       0
       0
       0
       0
       0
       0
       0
       0
       0
       0
       0
       0
       0
       0
       0
       1
       0
       0
       0
       0
       0
       1
       0
       0
       0
       1
       0
       0
       0
       0
       0
       1
       1
       1
       0
       0
       0
       0
       0
       0
       1
       0
       0
       0
       0
       0
       0
       0
       0
       0
       0
       0
       0
       0
       0
       0
       0
       0
       0
       0
       0
       0
       0
       1
       0
       0
       0
       0
       0
       0
       0
       0
       0
       0
       0
       0
       1
       0
       0
       0
       0
       0
       0
       0
       0
       0
       0
       0
       0
       0
       0
       1
       0
       0
       0
       0
       0
       0
       0
       0
       0
       0
       0
       0
       0
       0
       0
       0
       0
       0
       0
       0
       0
       0
       0
       0
       0
       0
       0
       1
       1
       0
       0
       0
       0
       0
       0
       0
       0
       0
       0
       0
       1
       0
       0
       0
       0
       0
       0
       0
       0
       1
       0
       0
       0
       0
       0
       0
       0
       0
       0
       0
       0
       0
       0
       0
       0
       0
       0
       0
       0
       0
       0
       1
       0
       0
       0
       0
       1
       0
       0
       0
       0
       0
       0
       0
       0
       0
       0
       0
       0
       0
       0
       0
       0
       0
       0
       0
       0
       0
       0
       0
       1
       0
       0
       0
       0
       0
       0
       0
       0
       0
       0
       0
       0
       0
       0
       0
       0
       0
       0
       0
       0
       1
       0
       1
       0
       1
       0
       0
       0
       0
       1
       0
       0
       0
       0
       0
       0
       0
       0
       0
       0
       0
       0
       0
       0
       0
       0
       0
       0
       0
       0
       0
       0
       0
       0
       0
       0
       0
       0
       0
       0
       0
       0
       0
       0
       0
       0
       0
       0
       0
       0
       0
       0
       0
       0
       0
       0
       0
       0
       0
       1
       0
       0
       0
       0
       0
       0
       0
       0
       0
       0
       0
       0
       0
       0
       0
       0
       0
       0
       1
       0
       0
       0
       0
       0
       0
       0
       0
       0
       0
       0
       0
       0
       0
       0
       0
       1
       0
       0
       0
       0
       0
       0
       0
       0
       0
       0
       0
       0
       0
       0
       0
       0
       0
       0
       0
       0
       0
       1
       0
       0
       0
       0
       0
       0
       0
       0
       0
       0
       0
       0
       0
       0
       1
       0
       1
       0
       0
       0
       0
       0
       0
       0
       0
       0
       0
       0
       0
       0
       0
       1
       0
       0
       0
       0
       1
       0
       0
       0
       0
       0
       1
       0
       0
       0
       0
       0
       0
       0
       0
       0
       0
       0
       0
       0
       0
       0
       0
       0
       1
       0
       0
       0
       0
       0
       0
       0
       0
       0
       0
       0
       0
       0
       0
       0
       0
       0
       0
       0
       0
       0
       0
       0
       0
       0
       0
       0
       0
       0
       0
       0
       0
       0
       0
       1
       0
       0
       0
       0
       0
       0
       0
       0
       0
       0
       0
       0
       0
       0
       0
       0
       0
       0
       0
       0
       0
       0
       0
       0
       0
       0
       0
       0
       0
       0
       0
       0
       0
       1
       0
       0
       0
       0
       0
       0
       0
       0
       0
       0
       0
       0
       0
       0
       0
       0
       0
       0
       0
       0
       0
       0
       0
       0
       0
       0
       0
       0
       0
       0
       0
       0
       0
       0
       0
       0
       0
       1
       0
       0
       0
       0
       0
       0
       0
       0
       0
       0
       0
       0
       0
       0
       0
       0
       1
       0
       0
       0
       0
       1
       0
       0
       0
       0
       0
       0
       0
       0
       0
       0
       0
       0
       0
       1
       0
       0
       0
       0
       0
       0
       0
       0
       0
       0
       0
       0
       0
       0
       0
       0
       0
       0
       0
       0
       0
       0
       0
       0
       0
       0
       0
       0
       0
       0
       0
       0
       0
       0
       0
       1
       0
       0
       0
       0
       0
       0
       0
       0
       0
       0
       0
       0
       0
       0
       0
       0
       0
       0
       0
       1
       0
       0
       0
       0
       0
       0
       0
       0
       0
       0
       0
       0
       0
       0
       0
       0
       0
       0
       0
       1
       0
       0
       0
       0
       0
       0
       0
       0
       0
       0
       0
       0
       0
       0
       0
       0
       0
       0
       0
       0
       0
       0
       0
       0
       0
       0
       0
       0
       0
       0
       0
       0
       0
       0
       0
       0
       0
       0
       0
       0
       0
       0
       0
       0
       0
       0
       0
       0
       0
       0
       0
       0
       0
       0
       0
       0
       0
       0
       0
       0
       0
       0
       0
       0
       0
       0
       0
       0
       0
       0
       0
       0
       0
       0
       0
       0
       0
       0
       0
       0
       0
       0
       0
       0
       0
       0
       0
       0
       0
       0
       0
       0
       0
       0
       0
       0
       0
       1
       0
       0
       0
       0
       0
       0
       0
       0
       0
       0
       0
       0
       0
       0
       0
       0
       0
       0
       0
       0
       0
       0
       0
       0
       0
       0
       0
       0
       1
       0
       0
       0
       0
       0
       0
       0
       0
       0
       0
       0
       0
       0
       0
       0
       1
       0
       0
       1
       0
       0
       0
       0
       0
       0
       0
       0
       0
       0
       0
       0
       0
       0
       0
       0
       0
       0
       0
       0
       0
       0
       0
       0
       0
       0
       0
       0
       0
       0
       0
       0
       0
       0
       0
       0
       0
       0
       0
       0
       0
       0
       0
       0
       0
       0
       0
       1
       0
       1
       1
       0
       0
       0
       0
       0
       0
       0
       0
       0
       0
       0
       0
       0
       0
       0
       0
       0
       0
       0
       0
       0
       0
       0
       0
       0
       0
       0
       0
       0
       0
       0
       0
       0
       0
       0
       0
       0
       0
       0
       0
       0
       0
       0
       0
       0
       0
       0
       0
       0
       0
       0
       0
       0
       0
       0
       0
       0
       0
       0
       0
       0
       0
       0
       0
       0
       0
       0
       0
       0
       1
       0
       0
       0
       0
       0
       0
       1
       0
       0
       0
       0
       0
       0
       0
       0
       0
       0
       1
       0
       0
       0
       0
       0
       0
       0
       1
       0
       0
       0
       0
       0
       0
       1
       0
       0
       0
       0
       0
       0
       0
       0
       0
       0
       0
       0
       0
       0
       0
       0
       0
       1
       0
       0
       0
       1
       0
       0
       0
       0
       0
       0
       0
       0
       0
       0
       0
       0
       0
       0
       0
       0
       0
       0
       0
       0
       0
       0
       0
       0
       0
       0
       0
       0
       0
       0
       0
       0
       0
       0
       0
       0
       0
       0
       0
       0
       0
       0
       1
       0
       0
       0
       0
       0
       0
       0
       0
       0
       0
       0
       0
       0
       0
       0
       0
       2
       0
       0
       0
       0
       0
       0
       0
       0
       0
       0
       0
       0
       0
       0
       0
       0
       0
       0
       0
       0
       1
       0
       0
       0
       0
       0
       0
       0
       0
       0
       0
       0
       0
       0
       1
       1
       1
       1
       1
       0
       0
       0
       0
       3
       1
       1
       0
       0
       0
       0
       0
       0
       0
       0
       0
       0
       0
       0
       0
       0
       1
       0
       0
       0
       0
       0
       0
       0
       0
       0
       0
       0
       0
       0
       0
       0
       0
       0
       0
       0
       1
       0
       0
       0
       0
       1
       0
       0
       0
       0
       0
       0
       0
       0
       0
       0
       0
       0
       0
       0
       0
       0
       0
       0
       0
       1
       0
       0
       0
       0
       0
       0
       0
       0
       0
       0
       0
       0
       0
       0
       0
       0
       0
       0
       0
       0
       0
       0
       0
       0
       0
       0
       0
       0
       0
       0
       0
       0
       0
       0
       0
       0
       0
       0
       0
       0
       0
       0
       1
       0
       0
       0
       0
       0
       0
       0
       0
       0
       0
       0
       0
       0
       0
       0
       0
       1
       0
       0
       0
       0
       0
       0
       0
       0
       0
       0
       0
       0
       0
       0
       0
       0
       0
       0
       0
       0
       0
       0
       0
       1
       0
       0
       0
       0
       0
       1
       0
       0
       0
       0
       0
       0
       0
       0
       0
       0
       0
       0
       0
       0
       0
       0
       0
       0
       0
       0
       0
       0
       0
       0
       0
       0
       0
       0
       0
       0
       0
       0
       0
       0
       0
       0
       0
       0
       0
       0
       0
       0
       0
       0
       0
       0
       0
       0
       0
       0
       0
       0
       0
       0
       0
       0
       0
       0
       0
       1
       0
       0
       0
       0
       0
       0
       0
       0
       0
       0
       1
       0
       0
       0
       0
       0
       0
       0
       0
       0
       0
       1
       0
       0
       0
       0
       0
       0
       0
       0
       0
       0
       0
       0
       0
       0
       0
       0
       0
       0
       0
       0
       0
       0
       0
       0
       0
       0
       0
       0
       0
       0
       0
       0
       0
       0
       0
       0
       0
       0
       0
       0
       0
       0
       0
       0
       0
       0
       0
       0
       0
       0
       0
       0
       0
       0
       0
       0
       0
       0
       0
       0
       1
       0
       0
       0
       0
       0
       1
       0
       0
       0
       0
       0
       0
       0
       0
       0
       0
       0
       0
       0
       0
       0
       0
       0
       0
       0
       0
       0
       0
       0
       0
       0
       0
       0
       0
       0
       0
       0
       0
       0
       0
       0
       0
       0
       0
       0
       0
       0
       0
       0
       0
       0
       0
       1
       0
       0
       0
       0
       1
       0
       0
       0
       0
       0
       0
       0
       0
       0
       0
       0
       0
       0
       0
       0
       0
       0
       0
       0
       0
       0
       0
       0
       0
       0
       0
       0
       0
       0
       0
       0
       0
       0
       0
       0
       0
       0
       0
       0
       0
       0
       1
       0
       0
       0
       0
       0
       0
       0
       0
       0
       0
       0
       0
       0
       0
       0
       0
       0
       0
       0
       0
       0
       0
       0
       0
       0
       0
       0
       0
       0
       0
       0
       0
       0
       0
       0
       0
       0
       0
       0
       0
       0
       0
       0
       0
       0
       0
       0
       0
       0
       0
       0
       0
       0
       0
       0
       0
       0
       0
       0
       0
       1
       0
       0
       0
       0
       0
       0
       0
       0
       0
       0
       0
       0
       0
       0
       0
       0
       0
       0
       0
       0
       0
       0
       0
       0
       0
       0
       0
       0
       1
       0
       0
       0
       0
       0
       0
       0
       0
       0
       0
       0
       0
       0
       0
       0
       0
       0
       0
       0
       0
       0
       0
       0
       0
       0
       0
       1
       0
       0
       0
       0
       0
       0
       0
       0
       0
       0
       0
       0
       0
       0
       0
       0
       0
       1
       0
       0
       0
       0
       0
       0
       0
       0
       0
       0
       0
       0
       0
       0
       0
       0
       0
       0
       0
       0
       0
       0
       1
       0
       0
       0
       0
       0
       0
       0
       0
       0
       0
       0
       0
       0
       0
       0
       0
       0
       1
       0
       0
       0
       0
       0
       0
       0
       0
       0
       0
       0
       0
       1
       0
       0
       0
       0
       0
       0
       0
       0
       0
       0
       0
       0
       0
       0
       0
       0
       0
       0
       0
       0
       0
       0
       0
       1
       0
       0
       0
       0
       1
       0
       0
       0
       0
       0
       0
       0
       0
       0
       0
       0
       0
       0
       0
       0
       0
       0
       0
       0
       0
       0
       0
       0
       0
       0
       0
       0
       0
       0
       0
       0
       0
       0
       0
       0
       0
       0
       0
       0
       1
       0
       0
       0
       0
       0
       0
       0
       0
       0
       0
       0
       0
       0
       0
       0
       0
       0
       0
       0
       0
       0
       0
       0
       0
       0
       0
       0
       0
       0
       0
       0
       0
       0
       0
       0
       0
       0
       0
       0
       0
       0
       1
       0
       0
       0
       0
       0
       0
       0
       0
       0
       0
       0
       0
       1
       0
       0
       0
       0
       0
       0
       0
       0
       0
       0
       0
       0
       0
       0
       0
       0
       0
       0
       0
       0
       0
       0
       0
       0
       0
       0
       0
       0
       0
       0
       0
       0
       0
       0
       0
       0
       0
       0
       0
       0
       0
       0
       0
       0
       0
       0
       0
       0
       0
       0
       0
       0
       0
       0
       0
       0
       0
       0
       0
       0
       0
       0
       0
       0
       0
       0
       0
       0
       0
       0
       0
       1
       0
       0
       0
       0
       0
       0
       0
       0
       0
       0
       0
       0
       0
       0
       0
       0
       0
       0
       0
       0
       0
       0
       0
       0
       0
       0
       0
       0
       0
       0
       0
       0
       0
       0
       0
       0
       0
       0
       0
       0
       0
       0
       0
       0
       0
       0
       0
       1
       0
       0
       0
       0
       0
       0
       0
       0
       0
       0
       0
       0
       0
       0
       0
       0
       0
       0
       0
       0
       1
       0
       0
       0
       0
       0
       0
       0
       0
       0
       0
       0
       0
       0
       0
       0
       0
       0
       0
       0
       0
       0
       0
       0
       0
       0
       0
       0
       0
       0
       0
       0
       0
       0
       0
       0
       0
       0
       0
       0
       0
       0
       0
       0
       0
       0
       0
       0
       0
       0
       0
       0
       0
       0
       0
       0
       0
       0
       0
       0
       0
       0
       0
       0
       0
       0
       0
       0
       0
       0
       0
       0
       0
       0
       0
       0
       0
       0
       0
       0
       0
       0
       0
       0
       0
       0
       0
       0
       0
       0
       0
       0
       0
       0
       0
       0
       0
       0
       0
       0
       0
       0
       0
       0
       0
       0
       0
       0
       0
       0
       0
       0
       0
       0
       0
       0
       0
       0
       0
       0
       0
       0
       0
       0
       0
       0
       0
       0
       0
       0
       0
       0
       0
       0
       0
       0
       0
       0
       0
       0
       0
       0
       0
       0
       0
       0
       0
       0
       0
       0
       0
       0
       0
       0
       0
       0
       0
       0
       0
       0
       0
       0
       0
       0
       0
       1
       0
       0
       0
       0
       0
       0
       0
       0
       0
       0
       0
       0
       0
       0
       0
       0
       0
       0
       0
       0
       0
       0
       0
       0
       0
       0
       0
       0
       0
       0
       0
       0
       0
       0
       0
       0
       0
       1
       0
       0
       0
       0
       0
       0
       0
       0
       1
       0
       0
       0
       0
       0
       0
       0
       0
       0
       0
       0
       0
       0
       0
       0
       0
       0
       0
       0
       0
       0
       0
       0
       0
       0
       0
       0
       0
       0
       0
       0
       0
       0
       0
       0
       0
       0
       1
       0
       0
       0
       0
       0
       0
       0
       0
       0
       0
       0
       0
       0
       0
       0
       0
       0
       0
       0
       0
       0
       0
       1
       0
       0
       0
       0
       0
       0
       1
       0
       0
       0
       0
       0
       0
       0
       0
       0
       0
       0
       0
       0
       0
       0
       0
       0
       0
       0
       0
       0
       0
       0
       0
       0
       0
       0
       0
       0
       0
       0
       0
       0
       0
       0
       0
       0
       0
       0
       0
       0
       0
       0
       0
       0
       0
       0
       0
       0
       0
       0
       0
       0
       0
       0
       0
       0
       0
       0
       0
       0
       0
       0
       0
       0
       0
       0
       0
       0
       0
       0
       0
       0
       0
       0
       0
       0
       0
       0
       0
       0
       0
       0
       0
       0
       0
       0
       0
       0
       0
       0
       0
       0
       0
       0
       0
       0
       0
       0
       0
       0
       0
       0
       0
       0
       0
       0
       0
       0
       0
       0
       0
       0
       0
       0
       0
       0
       0
       0
       0
       0
       0
       0
       0
       0
       0
       0
       0
       0
       0
       0
       0
       0
       0
       0
       0
       0
       0
       0
       0
       0
       0
       0
$ROI:
11
224 244
765 907
1350 1411
1828 1908
2525 2667
2716 2799
3716 3817
4331 4427
4564 4622
5085 5259
5690 5768
$PRESETS:
Live Time
100
0
$ENER_FIT:
0.053689 0.255148
$MCA_CAL:
3
5.368913E-002 2.551478E-001 -1.853380E-009 keV
$SHAPE_CAL:
3
6.992400E+000 7.812671E-004 -3.508660E-008
