$SPEC_ID:
No sample description was entered.
$SPEC_REM:
DET# 1
DETDESC# GMX20P4 HPGe
AP# Maestro Version 7.01
$DATE_MEA:
11/28/2018 10:03:37
$MEAS_TIM:
100 101
$DATA:
0 8191
       0
       0
       0
       0
       0
       0
       0
       0
       0
       0
       0
       0
       0
       0
       0
       0
       0
       0
       0
       0
       0
       0
       0
       0
       0
       0
       0
       0
       0
       0
       0
       0
       0
       0
       0
       0
       0
       0
       0
       0
       0
       0
       0
       0
       0
       0
       0
       3
       7
      48
      82
     115
     124
     125
     131
     139
     135
     141
     151
     124
     143
     150
     138
     172
     208
     212
     246
     251
     269
     283
     242
     257
     205
     212
     205
     182
     191
     191
     178
     216
     239
     252
     252
     271
     234
     219
     180
     179
     201
     151
     181
     183
     192
     201
     201
     206
     228
     232
     251
     274
     297
     299
     322
     318
     276
     287
     265
     223
     173
     137
     140
     123
     114
     109
     102
     125
      93
      79
      88
      93
      79
      89
     101
      98
     104
      97
     114
     104
      97
     131
     114
     117
      91
     120
      95
     101
      92
     120
      90
      98
      99
     130
     120
     122
     119
     137
     149
     141
     151
     157
     136
     158
     162
     155
     148
     162
     146
     143
     175
     138
     135
     155
     147
     144
     166
     176
     169
     187
     193
     191
     203
     206
     175
     188
     199
     182
     208
     172
     226
     218
     190
     171
     213
     230
     233
     255
     304
     339
     346
     439
     479
     458
     514
     561
     569
     603
     570
     622
     643
     598
     657
     724
     696
     678
     689
     652
     725
     688
     676
     658
     663
     612
     640
     605
     596
     546
     541
     496
     472
     524
     433
     489
     526
     575
     740
     920
    1404
    2096
    2941
    4165
    5480
    6654
    7578
    7942
    7527
    6800
    5710
    4235
    2943
    1900
    1292
     664
     330
     145
      92
      41
      25
      20
      14
      11
      10
      16
      13
      17
      11
      20
      16
      15
      26
      18
      19
      23
      10
      17
      19
      15
      11
      20
      22
      12
       9
      17
      19
      13
      14
      10
      21
      15
      19
      18
      16
      20
      19
       9
      11
      13
      19
      17
      18
      20
      12
      21
      19
      26
      16
      16
      13
      11
      21
      22
      19
      21
      11
      24
      12
      24
      19
      11
      15
      14
      16
      11
      17
      14
      20
      10
      11
      20
      19
      18
      21
      16
      14
      16
      17
      14
      15
      20
      17
      21
      17
      13
      20
      13
      20
      17
      17
      16
      17
      18
      17
      20
      12
      13
      16
      13
      25
      19
      20
      16
      10
      20
      19
      15
      13
      24
      23
      21
      20
      15
       9
      14
      13
      13
      18
      21
      27
      18
      10
      22
      18
      23
      22
      14
      16
      18
      18
      12
      17
      18
      13
      12
      15
      15
      22
      19
      14
      32
      14
      16
      15
      15
      23
      19
      15
      16
      12
      12
      15
      21
      14
      16
      22
      19
      24
      16
      20
      23
      18
      16
      12
       8
      17
      17
      17
      12
      10
      17
      15
      17
      15
      15
      16
      19
      16
      10
       9
      13
       7
      19
      16
      15
      11
      13
      11
      15
       8
      16
      14
      10
      13
      14
       7
      12
      16
      11
      13
      13
      15
       8
      12
      13
      17
      13
      14
       9
      19
      13
       8
      14
      14
      12
      15
      17
      16
      12
      11
      13
      20
      14
      14
      13
      11
       8
      13
       6
       7
      12
       6
       9
      12
      15
      15
      17
      13
      16
      11
      10
      11
      16
      12
      11
      13
      12
      19
      18
      16
      13
      14
      10
      10
       9
      12
      11
      17
      18
      11
       7
      14
      14
      12
      11
       7
      11
      12
       8
      16
       8
      16
      10
       9
      17
       7
      13
       5
       8
      19
       5
      13
      10
       9
      16
       8
      11
      11
       7
       6
      12
      10
      10
      11
       4
      11
       9
      11
      14
      10
       7
      14
      12
      10
       9
      12
      13
       7
      12
       6
      11
      12
      12
       8
      14
       9
       8
       9
       9
       6
      15
       7
       4
      11
      12
       8
      15
      14
       8
      10
      13
      13
      16
       9
      11
       9
      10
      17
       6
      13
      12
       8
      14
       5
      11
      16
      12
       7
       7
      16
      13
      11
      11
       7
       6
      14
       9
       8
       8
      13
      10
       8
      16
      10
       7
       3
       9
       8
       8
       5
      10
       5
       6
      11
       8
      13
      10
      12
       9
      14
       6
      10
      15
      12
       7
       6
      13
      14
       7
       2
      11
       6
       5
      11
       9
       9
       2
      10
       9
      11
       6
       6
      10
       4
       5
       8
       6
       7
       6
       5
       6
       8
       9
      11
       6
      10
       7
       9
      11
       7
       3
       7
      11
       7
      10
       6
       6
      11
      13
       7
      11
       8
       8
       3
       2
      11
       6
       5
      18
       9
       6
       5
       9
      14
       7
      11
       5
       6
       7
       6
       7
      11
       8
       7
       9
       4
      11
      11
       7
       4
       3
       9
      12
      10
       8
       6
       4
      12
       7
       7
       8
       4
       4
       5
       9
       5
       2
       6
      11
       8
      10
       5
       4
      11
       8
       4
       7
       3
       8
       2
       8
       4
       9
       7
       3
       8
       7
       7
       6
       3
       3
       6
       7
       4
       5
       7
       8
       8
       4
      11
       3
       6
       5
       4
       5
       7
       7
       7
       8
       9
       8
       7
       4
       6
       4
       7
       9
       5
       6
       5
       6
       8
       3
       6
       7
       5
       8
       6
       4
       4
       9
       8
      12
      12
      10
       7
       9
       4
      11
       4
       8
       6
       9
       4
       8
       5
       4
       7
       5
       6
      12
       7
       6
       4
       6
       4
       9
       3
       6
       5
       6
       5
       5
       6
       4
       4
       7
       5
      11
       3
       6
       8
       4
       4
       6
       3
       2
       2
       4
       4
       5
       7
       6
       4
       9
       5
       3
       5
       6
       4
       7
       6
       8
       8
       3
       3
       3
       6
       5
       3
       1
       4
       5
       2
       2
       5
       4
       4
       3
       8
       5
       5
       0
       5
       5
       3
       2
       5
       1
       3
       6
       7
       5
       4
       4
       4
       6
       2
       6
      10
       4
       2
       5
       4
       7
       4
       5
       1
       4
       4
       7
       6
       5
       2
       7
       4
       8
       5
       2
       2
       4
       9
       4
       5
       6
       2
       4
       4
       3
       5
       3
       7
       5
       6
       7
       2
       5
       2
       4
       2
       4
       5
       4
       4
       3
       5
       2
       8
       4
       6
       8
       5
       6
       5
       6
       5
       3
       2
       7
       8
       2
       5
       5
       4
       4
       5
       5
       3
       4
       2
       2
       9
       4
       5
       2
       4
       3
       7
       2
       2
       1
       2
       5
       3
       4
       5
       5
       7
       5
       3
       1
       3
       4
       3
       6
       4
       6
       3
       4
       3
       3
       3
       5
       2
       4
       4
       2
       7
       4
       5
       3
       8
       3
       5
       5
       2
       3
       5
       6
       7
       5
       2
       3
       3
       2
       4
       3
       6
       1
       4
       3
       6
       2
       4
       5
       3
       5
       1
       3
       5
       4
       4
       8
       6
       3
       2
       3
       2
       5
       2
       3
       1
       5
       5
       4
       1
       5
       4
       3
       1
       3
       2
       3
       2
       8
       5
       4
       4
       3
       3
       2
       5
       3
       3
       4
       4
       5
       6
       4
       3
       1
       5
       0
       3
       4
       3
       2
       1
       4
       4
       2
       1
       4
       4
       4
       4
       3
       6
       3
       2
       5
       6
       4
       0
       2
       0
       2
       3
       5
       2
       0
       4
       0
       2
       3
       3
       3
       3
       1
       2
       5
       3
       3
       2
       0
       1
       3
       5
       3
       1
       2
       4
       3
       4
       4
       2
       3
       0
       4
       4
       1
       3
       2
       9
       2
       5
       1
       4
       1
       0
       5
       3
       3
       3
       4
       1
       4
       2
       1
       2
       2
       4
       4
       2
       3
       2
       4
       7
       3
       3
       4
       6
       2
       5
       4
       5
       2
       4
       1
       3
       3
       2
       0
       4
       1
       4
       7
       4
       4
       1
       4
       2
       2
       1
       2
       3
       1
       1
       1
       3
       3
       6
       1
       3
       1
       2
       5
       1
       4
       1
       1
       2
       1
       3
       2
       1
       1
       4
       1
       3
       4
       4
       6
       1
       3
       3
       3
       0
       2
       4
       3
       0
       2
       5
       5
       2
       1
       2
       3
       4
       1
       2
       3
       5
       0
       3
       4
       2
       2
       2
       4
       4
       5
       3
       3
       6
       3
       1
       5
       2
       2
       0
       2
       2
       2
       2
       1
       2
       1
       1
       0
       2
       2
       3
       5
       2
       0
       4
       2
       0
       1
       0
       3
       0
       0
       3
       4
       1
       0
       3
       2
       3
       4
       1
       0
       2
       1
       2
       2
       1
       1
       2
       1
       2
       2
       0
       1
       0
       3
       3
       4
       2
       2
       2
       6
       1
       2
       2
       0
       1
       1
       0
       7
       2
       4
       4
       3
       0
       1
       2
       5
       0
       3
       3
       1
       2
       4
       1
       4
       2
       3
       3
       2
       1
       3
       5
       2
       1
       1
       2
       3
       3
       1
       3
       1
       3
       2
       0
       1
       2
       4
       2
       0
       3
       4
       2
       1
       2
       2
       2
       0
       0
       0
       0
       4
       6
       3
       4
       3
       1
       6
       3
       1
       0
       4
       3
       3
       2
       4
       1
      11
       6
       5
       5
       2
       3
       4
       5
       1
       0
       2
       4
       4
       2
       2
       4
       2
       4
       1
       6
       1
       1
       2
       0
       0
       2
       1
       4
       0
       4
       3
       6
       4
       2
       1
       1
       0
       2
       0
       2
       0
       3
       1
       1
       3
       2
       2
       2
       0
       1
       4
       0
       1
       3
       0
       2
       1
       2
       1
       1
       0
       0
       0
       2
       1
       4
       4
       2
       1
       0
       0
       3
       2
       2
       2
       2
       2
       0
       0
       2
       2
       0
       4
       2
       1
       2
       2
       0
       0
       4
       1
       0
       0
       2
       2
       1
       1
       1
       2
       1
       2
       2
       3
       2
       2
       1
       0
       1
       1
       1
       4
       2
       1
       1
       2
       2
       2
       1
       3
       1
       2
       3
       4
       4
       0
       1
       4
       2
       1
       3
       1
       0
       4
       1
       0
       0
       1
       1
       0
       2
       3
       1
       0
       2
       2
       3
       0
       2
       0
       2
       2
       2
       0
       2
       0
       4
       3
       3
       2
       3
       0
       1
       2
       1
       2
       0
       1
       0
       0
       1
       1
       3
       2
       1
       1
       3
       4
       0
       1
       3
       2
       2
       3
       2
       1
       1
       1
       2
       2
       2
       2
       3
       4
       0
       0
       0
       1
       1
       3
       2
       1
       3
       1
       0
       2
       2
       0
       1
       2
       2
       0
       1
       1
       0
       3
       1
       3
       0
       1
       2
       1
       3
       1
       1
       1
       4
       1
       4
       2
       5
       0
       1
       0
       1
       4
       4
       1
       0
       2
       0
       1
       3
       2
       3
       0
       1
       1
       4
       1
       1
       1
       1
       2
       0
       1
       1
       0
       0
       1
       1
       3
       0
       2
       1
       1
       0
       1
       1
       1
       0
       1
       2
       0
       2
       4
       2
       1
       3
       1
       2
       2
       3
       2
       0
       1
       1
       3
       1
       2
       2
       1
       1
       3
       2
       1
       0
       1
       2
       1
       2
       4
       0
       3
       1
       1
       0
       0
       0
       2
       0
       0
       2
       0
       0
       4
       0
       0
       0
       1
       2
       3
       3
       0
       2
       1
       1
       1
       2
       2
       0
       1
       0
       1
       3
       2
       1
       0
       1
       6
       1
       0
       2
       0
       1
       2
       0
       3
       1
       2
       4
       1
       0
       3
       2
       1
       1
       1
       1
       1
       2
       0
       2
       0
       2
       2
       1
       1
       0
       2
       2
       0
       2
       1
       0
       0
       1
       1
       0
       0
       2
       0
       2
       0
       0
       2
       3
       3
       3
       4
       2
       0
       0
       2
       0
       0
       0
       0
       0
       1
       1
       3
       4
       0
       2
       1
       0
       1
       3
       2
       2
       1
       2
       1
       2
       0
       0
       3
       2
       2
       0
       1
       1
       2
       0
       1
       0
       1
       4
       2
       2
       1
       0
       4
       1
       1
       0
       1
       2
       1
       2
       0
       2
       1
       2
       4
       3
       1
       2
       1
       1
       0
       1
       2
       2
       0
       0
       0
       1
       1
       0
       1
       1
       2
       2
       5
       1
       1
       2
       0
       2
       2
       2
       1
       4
       0
       3
       1
       1
       3
       3
       2
       3
       2
       1
       3
       0
       1
       2
       1
       3
       2
       3
       2
       0
       1
       2
       1
       4
       1
       2
       2
       2
       3
       0
       2
       0
       1
       1
       0
       1
       1
       0
       1
       2
       0
       0
       2
       0
       0
       1
       1
       1
       2
       4
       1
       1
       1
       1
       2
       2
       2
       0
       2
       1
       0
       1
       0
       2
       0
       0
       3
       1
       1
       3
       1
       2
       1
       0
       0
       1
       5
       3
       0
       2
       0
       0
       2
       1
       0
       1
       3
       0
       1
       2
       1
       0
       0
       0
       2
       0
       1
       1
       1
       0
       0
       1
       0
       1
       2
       1
       2
       1
       0
       1
       1
       0
       1
       1
       1
       1
       2
       1
       1
       1
       1
       0
       2
       1
       2
       0
       0
       1
       4
       1
       1
       2
       1
       1
       0
       1
       2
       1
       0
       1
       1
       2
       3
       1
       1
       3
       1
       1
       4
       1
       3
       4
       2
       3
       0
       1
       3
       1
       3
       2
       1
       1
       2
       1
       1
       0
       2
       4
       2
       1
       1
       0
       1
       1
       1
       0
       1
       2
       1
       1
       0
       2
       0
       0
       1
       0
       2
       1
       4
       1
       1
       0
       0
       0
       1
       1
       0
       2
       1
       1
       1
       0
       0
       1
       0
       0
       0
       3
       1
       0
       1
       2
       0
       0
       2
       2
       0
       0
       1
       0
       2
       1
       0
       0
       1
       1
       1
       2
       0
       1
       3
       0
       1
       1
       0
       2
       0
       1
       0
       2
       2
       0
       0
       0
       0
       0
       2
       1
       0
       2
       0
       0
       0
       0
       0
       1
       0
       2
       2
       2
       0
       1
       0
       3
       0
       0
       0
       1
       0
       1
       1
       2
       3
       1
       2
       1
       4
       2
       2
       1
       0
       1
       0
       1
       1
       1
       0
       2
       0
       2
       0
       1
       0
       1
       0
       1
       2
       0
       0
       1
       0
       1
       1
       1
       2
       1
       2
       0
       1
       1
       1
       0
       0
       0
       1
       0
       0
       2
       0
       0
       2
       2
       1
       1
       0
       0
       3
       0
       2
       1
       1
       0
       1
       1
       0
       0
       2
       0
       2
       0
       1
       0
       0
       1
       0
       0
       1
       1
       0
       1
       0
       1
       0
       1
       1
       3
       1
       0
       0
       0
       1
       0
       2
       1
       1
       1
       0
       0
       0
       0
       0
       0
       2
       1
       0
       0
       0
       1
       0
       0
       3
       2
       3
       0
       2
       0
       1
       1
       1
       0
       3
       0
       2
       0
       2
       0
       1
       0
       0
       1
       2
       0
       1
       0
       1
       1
       0
       0
       1
       1
       2
       1
       2
       2
       0
       0
       0
       0
       0
       0
       0
       2
       3
       1
       1
       0
       1
       0
       1
       1
       3
       2
       2
       1
       2
       0
       0
       0
       2
       2
       2
       2
       0
       4
       1
       0
       0
       0
       0
       0
       0
       1
       2
       0
       1
       1
       0
       2
       0
       0
       1
       1
       0
       0
       0
       2
       1
       1
       0
       0
       2
       1
       0
       0
       2
       1
       1
       0
       0
       0
       1
       0
       2
       1
       0
       2
       1
       0
       2
       0
       0
       1
       1
       2
       0
       1
       1
       0
       0
       0
       0
       0
       0
       0
       0
       1
       1
       1
       0
       0
       0
       0
       2
       1
       1
       0
       1
       0
       1
       3
       1
       2
       0
       1
       0
       1
       0
       2
       1
       1
       0
       3
       1
       1
       3
       5
       2
       3
       3
       3
       2
       2
       2
       4
       1
       0
       1
       2
       1
       0
       1
       2
       0
       2
       1
       1
       1
       0
       0
       0
       1
       3
       0
       2
       0
       1
       0
       0
       0
       1
       1
       4
       0
       0
       1
       0
       2
       1
       0
       0
       0
       0
       0
       0
       0
       0
       1
       1
       0
       0
       0
       2
       1
       1
       1
       1
       2
       0
       1
       0
       1
       1
       0
       1
       1
       0
       0
       1
       0
       1
       1
       1
       0
       1
       0
       1
       0
       0
       1
       0
       2
       0
       0
       0
       1
       2
       0
       1
       1
       0
       0
       3
       1
       2
       1
       1
       0
       0
       2
       1
       0
       1
       0
       0
       1
       1
       1
       0
       1
       0
       1
       0
       0
       1
       0
       1
       0
       2
       1
       1
       0
       0
       0
       1
       2
       3
       1
       0
       0
       0
       1
       0
       1
       0
       0
       1
       0
       0
       0
       1
       0
       1
       1
       0
       0
       0
       0
       1
       0
       0
       1
       0
       0
       0
       1
       0
       0
       0
       2
       1
       0
       0
       0
       1
       1
       1
       1
       0
       0
       2
       0
       0
       0
       1
       1
       2
       0
       1
       1
       0
       2
       0
       0
       0
       0
       1
       0
       1
       1
       0
       0
       0
       0
       2
       3
       5
       6
       4
       7
      10
      19
      15
       8
      10
      10
      10
       5
       7
       5
       1
       0
       4
       0
       2
       0
       0
       1
       0
       0
       0
       1
       3
       1
       0
       0
       0
       2
       1
       0
       1
       0
       0
       0
       0
       1
       2
       0
       0
       1
       0
       1
       0
       0
       0
       0
       0
       0
       0
       1
       1
       0
       1
       0
       0
       0
       0
       1
       1
       3
       0
       0
       1
       0
       1
       2
       0
       0
       0
       0
       1
       0
       0
       1
       0
       0
       0
       2
       1
       0
       0
       0
       1
       1
       1
       1
       0
       0
       0
       1
       0
       0
       0
       1
       0
       0
       0
       0
       1
       0
       1
       0
       1
       1
       0
       1
       2
       0
       1
       0
       1
       2
       0
       0
       0
       0
       0
       0
       1
       0
       0
       0
       0
       0
       0
       0
       0
       0
       1
       0
       0
       1
       2
       0
       1
       0
       0
       1
       2
       1
       2
       0
       0
       0
       1
       0
       0
       0
       1
       0
       2
       0
       0
       0
       0
       3
       1
       1
       1
       0
       0
       0
       1
       1
       0
       0
       0
       0
       0
       1
       0
       1
       0
       1
       0
       0
       0
       2
       0
       0
       0
       0
       1
       1
       0
       1
       1
       1
       1
       0
       0
       1
       0
       0
       2
       0
       0
       0
       1
       1
       1
       0
       0
       3
       1
       0
       0
       0
       1
       1
       1
       0
       0
       0
       0
       1
       0
       2
       0
       1
       0
       0
       1
       0
       1
       1
       0
       1
       0
       0
       0
       0
       0
       0
       0
       0
       0
       0
       0
       0
       1
       0
       0
       1
       0
       0
       1
       0
       0
       0
       1
       0
       0
       1
       0
       0
       1
       1
       1
       0
       1
       0
       0
       2
       2
       1
       1
       1
       0
       2
       1
       4
       1
       0
       0
       2
       0
       0
       3
       0
       1
       0
       1
       0
       0
       0
       1
       0
       0
       0
       0
       0
       0
       0
       0
       2
       0
       0
       0
       1
       0
       0
       0
       0
       1
       1
       1
       0
       0
       2
       1
       0
       0
       0
       0
       0
       0
       1
       0
       0
       0
       0
       0
       2
       1
       0
       0
       0
       0
       0
       0
       1
       2
       0
       1
       1
       2
       0
       0
       0
       1
       0
       0
       0
       1
       1
       1
       0
       1
       0
       1
       1
       0
       1
       0
       0
       2
       0
       1
       0
       0
       0
       0
       1
       0
       0
       3
       0
       0
       0
       0
       2
       1
       0
       1
       0
       0
       0
       0
       2
       0
       0
       0
       0
       0
       0
       0
       0
       0
       0
       0
       0
       1
       0
       0
       0
       0
       0
       0
       0
       0
       0
       0
       2
       1
       1
       0
       2
       0
       1
       1
       0
       0
       1
       0
       0
       1
       0
       0
       0
       0
       1
       2
       0
       0
       0
       0
       0
       1
       1
       2
       0
       0
       0
       0
       0
       0
       0
       1
       2
       1
       1
       0
       0
       0
       0
       2
       1
       0
       0
       1
       0
       0
       0
       0
       0
       0
       0
       2
       0
       0
       1
       0
       0
       1
       0
       0
       1
       0
       0
       2
       0
       0
       0
       0
       0
       1
       1
       0
       0
       0
       0
       2
       1
       1
       0
       1
       1
       1
       0
       2
       1
       0
       0
       0
       0
       0
       1
       1
       0
       0
       0
       0
       1
       0
       0
       0
       0
       0
       1
       0
       0
       1
       0
       1
       0
       1
       0
       1
       1
       0
       0
       1
       0
       1
       0
       0
       1
       0
       0
       0
       0
       1
       0
       0
       0
       0
       0
       1
       0
       0
       0
       0
       0
       0
       0
       0
       0
       1
       1
       0
       0
       0
       0
       0
       1
       0
       1
       0
       0
       1
       0
       0
       0
       1
       1
       1
       2
       0
       0
       0
       1
       0
       0
       1
       0
       0
       0
       0
       0
       0
       0
       0
       1
       0
       0
       0
       0
       0
       0
       1
       0
       0
       0
       0
       0
       1
       0
       0
       1
       0
       0
       2
       0
       0
       0
       0
       0
       0
       0
       0
       0
       0
       0
       0
       0
       0
       0
       0
       0
       0
       0
       1
       0
       0
       0
       0
       1
       0
       0
       0
       1
       0
       0
       1
       0
       1
       0
       0
       0
       0
       1
       0
       1
       0
       0
       1
       0
       0
       0
       1
       0
       0
       0
       0
       0
       0
       1
       0
       0
       1
       0
       0
       1
       1
       0
       0
       0
       0
       0
       1
       0
       0
       2
       0
       1
       0
       1
       1
       0
       1
       2
       1
       0
       0
       0
       0
       2
       1
       0
       1
       1
       0
       1
       1
       0
       0
       0
       0
       2
       0
       0
       3
       0
       0
       1
       0
       0
       0
       1
       1
       0
       0
       1
       0
       0
       1
       1
       0
       0
       0
       0
       0
       0
       0
       1
       1
       0
       0
       1
       0
       1
       0
       0
       0
       1
       0
       2
       1
       2
       0
       0
       0
       0
       0
       0
       0
       0
       0
       1
       0
       1
       0
       2
       0
       0
       0
       0
       0
       0
       0
       0
       0
       0
       0
       1
       0
       0
       0
       0
       2
       0
       0
       1
       0
       0
       0
       0
       0
       0
       0
       0
       0
       1
       1
       1
       0
       0
       0
       0
       0
       0
       0
       1
       0
       1
       0
       1
       0
       0
       0
       0
       1
       1
       0
       0
       0
       0
       0
       1
       0
       0
       0
       0
       0
       1
       0
       0
       0
       0
       1
       0
       0
       0
       0
       0
       1
       0
       0
       0
       0
       2
       1
       0
       0
       1
       2
       1
       0
       0
       0
       1
       0
       0
       0
       0
       1
       0
       0
       1
       1
       1
       0
       0
       0
       1
       0
       0
       0
       2
       1
       0
       0
       1
       0
       1
       0
       0
       1
       0
       0
       1
       0
       1
       1
       1
       0
       1
       0
       0
       0
       1
       0
       0
       0
       0
       1
       0
       1
       0
       0
       1
       0
       1
       0
       1
       0
       0
       0
       0
       0
       1
       1
       0
       0
       0
       0
       0
       0
       0
       1
       1
       0
       0
       0
       1
       1
       1
       0
       0
       1
       1
       0
       0
       0
       0
       0
       0
       0
       0
       0
       0
       0
       0
       1
       0
       0
       0
       0
       0
       0
       1
       0
       1
       2
       1
       1
       1
       0
       1
       0
       0
       0
       1
       0
       1
       0
       0
       1
       2
       0
       1
       0
       0
       1
       0
       0
       0
       1
       1
       0
       0
       1
       1
       1
       2
       1
       2
       3
       0
       2
       1
       1
       0
       0
       2
       3
       1
       0
       2
       0
       0
       1
       0
       1
       0
       0
       0
       0
       0
       0
       1
       0
       0
       1
       1
       1
       1
       0
       0
       0
       0
       1
       0
       3
       0
       0
       2
       0
       0
       2
       0
       0
       0
       1
       1
       1
       0
       0
       0
       0
       0
       0
       0
       0
       0
       0
       0
       0
       1
       1
       0
       0
       1
       0
       2
       1
       0
       0
       0
       0
       0
       0
       0
       0
       1
       1
       0
       0
       2
       0
       0
       0
       1
       0
       0
       0
       0
       2
       0
       0
       1
       0
       1
       0
       1
       2
       0
       0
       1
       0
       0
       0
       1
       0
       1
       0
       0
       0
       0
       0
       0
       2
       1
       3
       2
       1
       0
       0
       1
       1
       1
       0
       0
       0
       0
       0
       0
       1
       1
       0
       0
       0
       0
       1
       0
       0
       0
       1
       2
       0
       0
       1
       0
       0
       1
       2
       1
       3
       0
       1
       1
       0
       0
       0
       1
       0
       0
       0
       0
       0
       0
       0
       0
       0
       0
       1
       0
       0
       1
       0
       0
       0
       0
       0
       0
       0
       0
       1
       0
       1
       0
       0
       0
       0
       0
       1
       0
       0
       0
       0
       1
       1
       0
       1
       0
       0
       0
       1
       0
       0
       0
       0
       0
       0
       0
       0
       0
       0
       0
       0
       1
       0
       0
       0
       0
       0
       0
       0
       0
       1
       0
       2
       0
       1
       2
       1
       0
       2
       1
       0
       0
       2
       0
       0
       0
       0
       0
       1
       2
       0
       0
       0
       0
       1
       0
       0
       0
       0
       3
       0
       0
       1
       1
       0
       0
       0
       2
       0
       0
       3
       0
       0
       0
       1
       0
       0
       0
       0
       1
       0
       1
       2
       0
       0
       1
       0
       0
       0
       0
       1
       1
       0
       0
       0
       1
       0
       0
       1
       0
       1
       0
       1
       0
       1
       1
       0
       0
       0
       0
       1
       0
       0
       0
       0
       0
       0
       1
       0
       0
       0
       0
       0
       0
       0
       0
       0
       1
       0
       0
       0
       0
       2
       0
       1
       0
       0
       0
       2
       0
       1
       1
       0
       0
       0
       0
       0
       1
       0
       0
       0
       0
       0
       0
       1
       0
       0
       0
       0
       0
       0
       0
       0
       0
       0
       1
       0
       0
       1
       0
       1
       2
       0
       0
       1
       0
       0
       0
       0
       0
       0
       0
       1
       0
       0
       1
       0
       0
       0
       0
       0
       1
       0
       0
       1
       1
       1
       0
       1
       0
       1
       0
       0
       1
       0
       0
       1
       1
       1
       1
       0
       1
       0
       0
       0
       0
       0
       1
       0
       1
       1
       0
       0
       0
       0
       0
       1
       0
       1
       0
       0
       0
       0
       0
       0
       0
       0
       0
       0
       2
       0
       0
       1
       0
       0
       0
       0
       0
       0
       0
       1
       0
       1
       1
       0
       0
       0
       1
       0
       1
       0
       0
       0
       1
       0
       0
       0
       0
       1
       0
       1
       0
       0
       0
       0
       0
       1
       0
       1
       2
       0
       1
       0
       0
       0
       0
       0
       1
       1
       0
       1
       0
       1
       1
       2
       0
       0
       0
       0
       0
       0
       0
       1
       0
       0
       0
       0
       0
       0
       1
       1
       0
       0
       0
       1
       0
       0
       0
       0
       1
       0
       0
       0
       0
       0
       0
       0
       0
       0
       0
       0
       0
       0
       0
       0
       1
       0
       0
       0
       0
       0
       0
       0
       0
       0
       0
       1
       1
       0
       0
       2
       0
       0
       0
       0
       0
       0
       2
       1
       0
       0
       0
       0
       0
       1
       0
       0
       0
       1
       1
       0
       0
       0
       0
       0
       0
       0
       1
       0
       0
       0
       0
       1
       0
       0
       0
       1
       0
       0
       1
       0
       0
       0
       0
       0
       0
       0
       0
       1
       0
       0
       0
       0
       0
       0
       1
       0
       0
       0
       0
       1
       0
       0
       1
       0
       0
       1
       2
       0
       0
       0
       0
       0
       0
       0
       0
       0
       0
       1
       0
       1
       0
       0
       0
       0
       1
       1
       0
       0
       0
       0
       1
       1
       0
       0
       0
       0
       0
       0
       0
       0
       1
       0
       0
       0
       0
       0
       0
       0
       0
       0
       0
       1
       0
       0
       2
       0
       1
       0
       1
       1
       0
       0
       0
       1
       0
       0
       1
       2
       1
       0
       0
       0
       0
       1
       0
       0
       0
       0
       0
       0
       0
       0
       0
       0
       0
       0
       2
       0
       0
       0
       0
       0
       0
       0
       1
       0
       0
       0
       0
       0
       0
       4
       1
       0
       0
       0
       0
       0
       0
       1
       0
       0
       0
       1
       0
       0
       0
       0
       0
       0
       0
       1
       0
       0
       0
       0
       0
       1
       1
       0
       0
       0
       0
       0
       0
       0
       1
       0
       0
       0
       0
       1
       0
       0
       0
       0
       0
       1
       1
       0
       0
       0
       0
       0
       0
       0
       0
       0
       1
       2
       0
       0
       1
       0
       0
       0
       0
       0
       0
       1
       0
       0
       0
       1
       0
       0
       0
       0
       0
       0
       1
       0
       0
       0
       0
       0
       0
       0
       0
       0
       0
       0
       0
       0
       0
       0
       0
       0
       0
       0
       0
       0
       2
       0
       0
       0
       1
       0
       0
       0
       0
       1
       0
       0
       1
       2
       1
       0
       0
       1
       1
       0
       3
       0
       5
       0
       0
       2
       0
       0
       1
       2
       1
       1
       0
       0
       0
       0
       0
       0
       1
       1
       1
       1
       0
       0
       0
       1
       1
       1
       2
       0
       1
       0
       0
       0
       0
       1
       4
       1
       0
       0
       0
       0
       0
       0
       0
       0
       0
       0
       0
       1
       0
       0
       0
       0
       0
       0
       0
       0
       2
       0
       0
       0
       0
       0
       0
       0
       0
       0
       0
       0
       0
       0
       0
       1
       0
       0
       0
       0
       0
       0
       2
       0
       0
       1
       1
       0
       1
       0
       0
       0
       0
       0
       0
       1
       0
       0
       1
       0
       0
       0
       0
       0
       0
       0
       0
       0
       0
       0
       0
       1
       0
       0
       0
       0
       0
       0
       0
       2
       0
       0
       0
       0
       1
       0
       0
       1
       0
       1
       0
       1
       1
       1
       0
       0
       0
       0
       0
       1
       0
       0
       0
       1
       2
       0
       0
       1
       0
       1
       1
       0
       0
       1
       0
       1
       0
       0
       0
       0
       0
       0
       0
       1
       0
       0
       0
       0
       2
       0
       0
       0
       0
       0
       0
       0
       0
       0
       0
       0
       0
       0
       0
       0
       0
       1
       0
       0
       0
       0
       0
       2
       0
       0
       0
       0
       1
       0
       0
       0
       0
       1
       1
       0
       0
       1
       1
       1
       0
       1
       1
       0
       0
       1
       1
       0
       1
       1
       0
       0
       0
       1
       0
       0
       0
       1
       0
       0
       0
       0
       0
       0
       1
       1
       0
       0
       0
       1
       1
       1
       0
       0
       0
       0
       1
       0
       1
       0
       0
       0
       0
       1
       0
       0
       0
       1
       0
       1
       0
       0
       0
       1
       0
       1
       0
       0
       1
       0
       0
       0
       0
       0
       1
       1
       2
       0
       0
       0
       0
       0
       0
       0
       0
       0
       0
       0
       0
       0
       0
       0
       0
       0
       0
       0
       0
       1
       0
       1
       1
       0
       0
       0
       0
       0
       0
       0
       0
       2
       0
       0
       0
       0
       0
       1
       0
       0
       1
       1
       0
       0
       1
       1
       0
       0
       0
       0
       0
       0
       0
       0
       0
       0
       1
       0
       0
       1
       0
       1
       0
       0
       1
       0
       0
       0
       0
       0
       1
       0
       1
       1
       0
       1
       0
       0
       1
       0
       1
       0
       0
       0
       1
       0
       0
       0
       0
       0
       1
       0
       0
       1
       0
       0
       0
       0
       0
       1
       0
       0
       0
       1
       1
       0
       0
       0
       0
       0
       1
       0
       1
       0
       0
       1
       0
       0
       0
       0
       0
       0
       1
       1
       0
       0
       0
       0
       0
       0
       0
       0
       1
       0
       1
       0
       2
       2
       1
       0
       0
       0
       0
       0
       0
       0
       1
       0
       0
       0
       1
       2
       0
       0
       0
       0
       1
       0
       0
       1
       0
       0
       1
       0
       1
       0
       0
       0
       1
       0
       0
       0
       1
       0
       0
       2
       0
       1
       0
       1
       0
       0
       0
       1
       0
       1
       1
       0
       1
       0
       2
       0
       0
       0
       0
       0
       1
       0
       2
       0
       0
       0
       0
       0
       0
       0
       1
       1
       0
       0
       0
       0
       0
       1
       0
       0
       1
       0
       0
       0
       1
       1
       0
       0
       0
       0
       0
       0
       0
       0
       0
       0
       1
       0
       0
       0
       1
       0
       0
       0
       0
       1
       0
       2
       1
       0
       1
       1
       0
       0
       0
       0
       1
       0
       0
       0
       0
       0
       0
       1
       0
       1
       0
       0
       0
       0
       0
       0
       0
       0
       0
       1
       0
       0
       0
       0
       0
       0
       0
       0
       0
       0
       0
       1
       1
       0
       0
       1
       1
       0
       1
       0
       1
       0
       0
       0
       0
       0
       1
       0
       0
       0
       0
       0
       0
       1
       0
       0
       0
       0
       0
       0
       1
       0
       0
       0
       0
       0
       0
       0
       0
       1
       0
       0
       1
       1
       1
       0
       0
       0
       0
       1
       0
       0
       0
       0
       0
       1
       0
       0
       0
       0
       0
       1
       0
       0
       0
       0
       1
       0
       0
       0
       0
       0
       0
       0
       1
       0
       0
       0
       0
       0
       0
       1
       0
       0
       1
       1
       0
       0
       0
       0
       0
       0
       0
       1
       0
       0
       0
       0
       0
       1
       0
       0
       0
       0
       0
       0
       0
       0
       1
       0
       0
       0
       0
       0
       0
       0
       0
       1
       0
       1
       0
       1
       0
       0
       0
       0
       0
       0
       1
       0
       0
       0
       1
       0
       0
       1
       0
       0
       0
       0
       0
       0
       0
       0
       0
       0
       0
       0
       0
       0
       1
       0
       0
       0
       0
       1
       0
       0
       0
       1
       0
       0
       0
       1
       1
       0
       0
       0
       0
       0
       0
       0
       1
       0
       0
       0
       0
       1
       0
       0
       0
       0
       1
       1
       0
       1
       0
       0
       0
       0
       1
       0
       0
       1
       1
       0
       0
       0
       0
       0
       1
       0
       0
       0
       0
       1
       0
       0
       1
       0
       0
       0
       0
       0
       0
       0
       0
       0
       0
       0
       0
       1
       0
       0
       0
       0
       1
       0
       0
       0
       1
       0
       0
       0
       0
       1
       0
       0
       0
       0
       0
       0
       0
       0
       0
       0
       1
       0
       0
       0
       0
       0
       0
       0
       0
       1
       1
       0
       0
       1
       1
       0
       1
       0
       0
       0
       0
       0
       0
       0
       0
       0
       0
       0
       2
       0
       0
       0
       1
       0
       1
       0
       1
       0
       0
       0
       0
       0
       0
       0
       0
       0
       0
       0
       0
       0
       0
       0
       0
       0
       0
       0
       0
       0
       0
       0
       0
       0
       0
       0
       0
       0
       0
       0
       0
       0
       0
       0
       0
       0
       1
       0
       0
       0
       0
       0
       0
       0
       0
       2
       0
       0
       0
       0
       0
       0
       0
       0
       0
       0
       0
       0
       0
       0
       0
       0
       0
       0
       0
       1
       0
       0
       0
       0
       0
       0
       0
       0
       0
       0
       0
       1
       0
       0
       0
       0
       0
       0
       0
       0
       0
       0
       0
       0
       0
       0
       0
       0
       0
       0
       2
       0
       0
       0
       0
       0
       0
       0
       0
       0
       0
       0
       0
       0
       0
       0
       0
       0
       0
       0
       0
       1
       0
       0
       0
       0
       0
       0
       0
       0
       1
       0
       0
       0
       0
       0
       0
       0
       1
       0
       0
       0
       0
       0
       0
       0
       0
       0
       0
       0
       0
       0
       0
       0
       0
       0
       0
       0
       0
       0
       0
       0
       0
       0
       0
       0
       1
       1
       0
       0
       1
       0
       1
       0
       1
       1
       0
       0
       0
       0
       0
       0
       0
       0
       0
       0
       1
       0
       0
       0
       0
       0
       0
       0
       0
       0
       0
       1
       0
       0
       0
       0
       0
       0
       0
       0
       0
       0
       0
       0
       1
       0
       0
       0
       0
       0
       0
       0
       0
       0
       0
       0
       0
       0
       0
       1
       0
       0
       0
       0
       0
       0
       1
       0
       0
       0
       0
       0
       0
       0
       1
       0
       0
       1
       0
       0
       0
       0
       1
       0
       0
       0
       0
       0
       0
       0
       0
       0
       0
       0
       0
       0
       0
       0
       0
       0
       1
       0
       0
       0
       0
       0
       1
       1
       0
       0
       1
       0
       0
       0
       0
       0
       0
       0
       0
       0
       1
       0
       0
       0
       0
       0
       0
       0
       0
       0
       0
       1
       0
       0
       0
       0
       0
       0
       0
       0
       0
       0
       0
       0
       1
       0
       0
       0
       0
       0
       0
       0
       1
       0
       0
       0
       1
       0
       0
       0
       0
       0
       0
       0
       0
       0
       0
       0
       1
       0
       0
       0
       0
       0
       0
       0
       0
       0
       0
       0
       0
       0
       0
       0
       0
       0
       0
       0
       1
       0
       0
       0
       0
       0
       1
       0
       1
       0
       0
       0
       0
       0
       0
       0
       0
       0
       0
       0
       0
       0
       0
       0
       0
       0
       0
       0
       0
       0
       0
       0
       0
       0
       0
       0
       0
       0
       0
       1
       0
       0
       0
       0
       0
       0
       0
       0
       0
       0
       0
       0
       0
       0
       0
       0
       0
       0
       1
       0
       0
       0
       0
       0
       0
       0
       0
       0
       1
       0
       0
       0
       0
       2
       1
       0
       0
       0
       0
       0
       0
       0
       0
       0
       0
       0
       0
       0
       0
       0
       0
       0
       0
       1
       0
       0
       0
       1
       0
       0
       0
       0
       0
       1
       0
       0
       0
       1
       0
       0
       0
       0
       0
       0
       0
       0
       0
       0
       0
       0
       0
       0
       1
       0
       0
       0
       0
       0
       0
       0
       0
       0
       2
       0
       1
       3
       2
       7
       3
       6
       5
       5
       5
       6
       9
       8
       9
       4
       6
       1
       3
       3
       2
       1
       0
       0
       0
       0
       0
       0
       0
       0
       0
       0
       1
       0
       0
       1
       0
       0
       0
       0
       0
       0
       0
       0
       0
       0
       0
       0
       0
       0
       0
       0
       0
       0
       0
       0
       0
       0
       0
       0
       0
       0
       0
       0
       1
       0
       0
       0
       0
       0
       0
       0
       0
       0
       0
       0
       0
       0
       0
       0
       0
       0
       0
       0
       0
       0
       0
       0
       0
       0
       0
       0
       0
       0
       0
       0
       0
       0
       0
       1
       0
       0
       0
       0
       0
       0
       0
       0
       0
       0
       0
       1
       0
       0
       1
       0
       0
       0
       0
       0
       0
       0
       0
       0
       1
       0
       0
       0
       0
       0
       0
       0
       0
       0
       1
       0
       0
       0
       0
       0
       0
       0
       0
       0
       0
       0
       0
       0
       0
       0
       0
       0
       0
       0
       0
       0
       0
       0
       0
       0
       0
       0
       1
       0
       0
       0
       0
       0
       0
       0
       0
       0
       0
       0
       0
       0
       0
       0
       0
       0
       0
       0
       0
       0
       1
       0
       0
       0
       0
       0
       0
       0
       0
       0
       0
       0
       0
       0
       0
       0
       1
       0
       1
       0
       0
       0
       0
       0
       0
       0
       0
       0
       0
       0
       0
       1
       0
       0
       0
       0
       0
       1
       0
       0
       0
       0
       0
       0
       0
       0
       0
       0
       0
       0
       0
       0
       0
       0
       0
       0
       0
       0
       0
       0
       0
       0
       0
       0
       0
       0
       0
       0
       0
       0
       0
       0
       0
       1
       0
       0
       0
       0
       0
       0
       0
       0
       0
       0
       0
       0
       0
       0
       0
       0
       0
       0
       0
       0
       0
       0
       0
       0
       0
       0
       0
       0
       0
       0
       0
       0
       0
       0
       0
       0
       0
       0
       0
       0
       0
       0
       0
       0
       0
       0
       0
       0
       0
       0
       1
       0
       0
       0
       0
       0
       0
       0
       0
       0
       0
       0
       0
       0
       0
       0
       0
       0
       0
       0
       0
       0
       0
       0
       0
       0
       0
       0
       0
       0
       0
       0
       0
       0
       0
       0
       0
       0
       0
       0
       0
       0
       1
       0
       0
       0
       0
       0
       0
       0
       0
       0
       0
       0
       0
       0
       0
       0
       1
       0
       1
       0
       0
       0
       0
       0
       1
       0
       0
       0
       0
       0
       0
       0
       0
       0
       0
       0
       0
       0
       0
       0
       0
       0
       0
       0
       0
       0
       0
       0
       0
       0
       0
       0
       0
       0
       0
       0
       0
       0
       0
       0
       1
       0
       0
       0
       0
       0
       0
       0
       0
       0
       0
       0
       0
       0
       0
       0
       0
       0
       0
       0
       0
       0
       0
       0
       0
       0
       0
       0
       0
       0
       0
       0
       0
       0
       0
       0
       0
       0
       0
       0
       0
       0
       0
       0
       0
       0
       0
       0
       0
       0
       0
       0
       0
       0
       0
       0
       0
       0
       0
       0
       0
       0
       0
       0
       0
       0
       0
       0
       0
       0
       0
       0
       0
       0
       0
       0
       0
       0
       0
       0
       0
       0
       0
       0
       0
       0
       1
       0
       0
       0
       0
       0
       0
       0
       0
       0
       0
       0
       0
       0
       0
       0
       0
       0
       0
       0
       0
       0
       1
       0
       1
       0
       0
       0
       0
       0
       0
       0
       0
       0
       0
       0
       1
       0
       0
       1
       0
       0
       0
       0
       0
       1
       1
       1
       0
       0
       0
       0
       0
       0
       2
       0
       0
       0
       0
       1
       0
       0
       0
       0
       0
       0
       0
       0
       0
       0
       0
       0
       0
       0
       0
       0
       0
       0
       0
       0
       0
       0
       0
       0
       0
       0
       0
       0
       0
       1
       0
       0
       1
       0
       0
       0
       0
       0
       0
       1
       0
       0
       0
       0
       0
       0
       0
       0
       0
       0
       0
       0
       0
       0
       0
       1
       0
       0
       0
       0
       0
       0
       0
       0
       0
       0
       0
       0
       0
       0
       0
       0
       0
       0
       0
       0
       0
       0
       0
       0
       0
       0
       0
       0
       0
       0
       0
       0
       0
       0
       0
       0
       0
       0
       0
       0
       0
       0
       0
       0
       0
       0
       0
       0
       0
       0
       0
       0
       0
       0
       0
       0
       0
       0
       0
       0
       0
       0
       0
       0
       0
       1
       0
       0
       0
       0
       0
       0
       0
       0
       0
       0
       0
       0
       0
       0
       0
       0
       0
       0
       0
       0
       0
       0
       0
       0
       0
       0
       0
       0
       0
       0
       0
       0
       0
       0
       0
       0
       0
       0
       0
       0
       0
       0
       0
       0
       0
       0
       0
       0
       0
       0
       0
       0
       0
       0
       0
       0
       0
       0
       0
       0
       0
       0
       0
       0
       0
       0
       0
       0
       0
       0
       0
       0
       0
       0
       0
       0
       0
       0
       0
       0
       0
       0
       0
       0
       0
       0
       0
       0
       0
       2
       0
       0
       0
       0
       0
       0
       0
       0
       0
       0
       0
       0
       0
       0
       0
       0
       0
       0
       0
       0
       0
       0
       1
       0
       0
       0
       0
       0
       0
       0
       1
       0
       0
       0
       0
       0
       0
       0
       0
       0
       0
       0
       0
       0
       0
       0
       0
       0
       0
       0
       0
       0
       0
       0
       0
       0
       0
       0
       0
       0
       0
       0
       0
       0
       0
       0
       0
       0
       0
       0
       0
       0
       0
       0
       0
       0
       0
       0
       0
       0
       0
       0
       0
       0
       0
       0
       0
       0
       0
       0
       0
       0
       1
       0
       0
       0
       0
       0
       0
       0
       1
       0
       1
       0
       0
       0
       0
       0
       0
       0
       0
       0
       0
       0
       0
       0
       0
       0
       0
       0
       0
       0
       0
       0
       0
       0
       0
       0
       0
       0
       0
       0
       0
       0
       0
       0
       0
       0
       0
       0
       0
       0
       0
       0
       0
       0
       0
       0
       0
       0
       0
       0
       0
       0
       0
       0
       0
       0
       0
       0
       0
       0
       0
       0
       0
       0
       0
       0
       0
       0
       0
       0
       0
       0
       0
       0
       0
       0
       0
       0
       0
       0
       0
       0
       0
       0
       0
       0
       0
       0
       0
       0
       0
       0
       0
       0
       0
       0
       0
       0
       0
       0
       0
       1
       0
       0
       0
       0
       0
       0
       0
       0
       0
       0
       0
       0
       0
       0
       0
       0
       0
       1
       0
       0
       1
       0
       0
       0
       0
       0
       0
       0
       0
       0
       0
       0
       0
       0
       0
       0
       0
       0
       1
       0
       0
       0
       0
       0
       0
       0
       0
       0
       0
       0
       0
       0
       0
       0
       0
       0
       0
       0
       0
       0
       0
       0
       0
       0
       0
       0
       0
       0
       0
       0
       0
       0
       0
       0
       0
       0
       0
       0
       0
       0
       0
       0
       0
       0
       0
       0
       0
       0
       0
       0
       1
       0
       0
       0
       0
       0
       0
       1
       0
       0
       0
       0
       0
       0
       0
       0
       0
       0
       0
       0
       0
       0
       0
       0
       0
       0
       0
       0
       0
       0
       0
       0
       0
       0
       0
       0
       0
       0
       0
       0
       0
       0
       0
       0
       0
       0
       0
       0
       0
       0
       0
       0
       0
       0
       0
       0
       0
       0
       0
       0
       0
       0
       0
       0
       0
       0
       0
       0
       0
       0
       0
       0
       0
       0
       0
       0
       0
       0
       0
       0
       0
       0
       0
       0
       0
       0
       0
       0
       0
       0
       0
       0
       0
       0
       0
       0
       0
       0
       0
       0
       0
       0
       0
       0
       0
       0
       0
       0
       0
       0
       0
       0
       0
       0
       0
       0
       0
       1
       0
       1
       0
       0
       0
       0
       0
       1
       0
       0
       0
       0
       0
       0
       0
       0
       0
       1
       0
       1
       0
       1
       0
       1
       1
       1
       1
       0
       1
       0
       1
       0
       0
       1
       0
       0
       0
       0
       0
       0
       0
       0
       0
       0
       0
       0
       0
       0
       0
       0
       0
       0
       0
       0
       0
       0
       0
       0
       0
       0
       0
       0
       0
       0
       0
       0
       0
       0
       0
       0
       0
       0
       0
       0
       0
       0
       0
       0
       0
       0
       0
       0
       0
       0
       0
       0
       0
       0
       0
       0
       0
       0
       0
       0
       0
       0
       0
       0
       0
       0
       0
       0
       0
       0
       0
       0
       0
       0
       0
       0
       0
       0
       0
       0
       0
       0
       0
       0
       0
       0
       0
       0
       0
       0
       0
       0
       0
       1
       0
       0
       0
       0
       0
       0
       0
       0
       0
       0
       0
       0
       0
       0
       0
       0
       0
       0
       0
       0
       0
       0
       0
       0
       0
       0
       0
       0
       0
       0
       0
       0
       0
       1
       0
       0
       0
       0
       0
       0
       0
       0
       0
       0
       0
       0
       0
       0
       0
       0
       0
       0
       0
       0
       0
       0
       0
       0
       0
       0
       0
       0
       0
       0
       0
       0
       0
       0
       0
       0
       0
       0
       0
       0
       0
       0
       0
       0
       0
       0
       0
       0
       0
       0
       0
       0
       0
       0
       0
       0
       0
       0
       0
       0
       0
       0
       0
       0
       0
       0
       0
       0
       0
       0
       0
       0
       0
       0
       0
       0
       0
       0
       0
       0
       0
       0
       0
       0
       0
       0
       0
       0
       0
       0
       0
       0
       0
       0
       0
       0
       0
       0
       0
       0
       0
       0
       0
       0
       0
       0
       0
       0
       0
       0
       0
       0
       0
       0
       0
       0
       0
       0
       0
       0
       0
       0
       0
       0
       0
       0
       0
       0
       0
       0
       0
       0
       0
       0
       0
       0
       0
       0
       0
       0
       0
       0
       1
       0
       0
       0
       0
       0
       0
       0
       0
       0
       0
       0
       0
       0
       0
       0
       0
       0
       0
       0
       0
       0
       0
       0
       0
       0
       0
       0
       0
       0
       0
       0
       0
       0
       0
       0
       0
       0
       0
       0
       0
       0
       0
       0
       0
       0
       0
       0
       0
       0
       0
       0
       0
       0
       0
       0
       0
       0
       0
       0
       0
       0
       0
       0
       0
       0
       0
       0
       0
       0
       0
       0
       0
       0
       0
       0
       0
       0
       0
       0
       0
       0
       0
       0
       0
       0
       0
       0
       0
       0
       0
       0
       0
       1
       0
       0
       0
       0
       0
       0
       1
       0
       0
       0
       0
       0
       0
       0
       0
       0
       0
       0
       0
       0
       0
       0
       0
       0
       0
       0
       0
       0
       0
       0
       0
       0
       0
       0
       0
       0
       0
       1
       0
       0
       0
       0
       0
       1
       0
       0
       0
       0
       0
       0
       0
       0
       0
       0
       0
       0
       0
       0
       0
       0
       0
       0
       0
       0
       0
       0
       1
       0
       0
       0
       0
       0
       0
       0
       0
       0
       0
       0
       0
       0
       0
       0
       0
       0
       0
       0
       0
       0
       0
       0
       0
       0
       0
       0
       1
       0
       1
       0
       0
       0
       0
       0
       0
       0
       0
       0
       0
       0
       0
       0
       0
       0
       0
       0
       0
       0
       1
       0
       0
       0
       0
       0
       0
       0
       0
       0
       0
       0
       0
       0
       1
       0
       0
       0
       0
       0
       0
       0
       0
       0
       0
       0
       0
       0
       0
       0
       0
       0
       0
       0
       0
       0
       0
       0
       1
       0
       0
       0
       0
       0
       0
       0
       0
       0
       0
       0
       0
       0
       0
       0
       0
       0
       0
       0
       0
       0
       0
       0
       0
       0
       0
       0
       0
       0
       0
       0
       0
       0
       0
       0
       0
       0
       0
       0
       0
       0
       0
       0
       0
       0
       0
       0
       0
       0
       0
       0
       0
       0
       0
       0
       0
       0
       0
       0
       0
       0
       0
       0
       0
       0
       0
       0
       0
       0
       1
       0
       0
       0
       0
       0
       0
       0
       0
       0
       0
       0
       0
       0
       0
       0
       0
       0
       0
       0
       0
       0
       0
       0
       0
       0
       0
       0
       0
       0
       0
       0
       0
       0
       0
       0
       0
       0
       0
       0
       0
       0
       0
       0
       0
       0
       0
       0
       0
       0
       0
       0
       0
       0
       0
       0
       0
       0
       0
       0
       0
       0
       0
       0
       0
       0
       0
       0
       0
       0
       0
       0
       0
       0
       0
       0
       0
       0
       0
       0
       0
       1
       1
       0
       0
       0
       0
       0
       0
       0
       0
       0
       0
       0
       0
       0
       0
       0
       0
       0
       0
       1
       0
       0
       0
       0
       0
       0
       0
       0
       0
       0
       0
       0
       0
       0
       0
       0
       0
       0
       0
       0
       0
       0
       0
       0
       1
       0
       0
       0
       0
       0
       0
       0
       0
       0
       0
       0
       0
       0
       0
       0
       0
       0
       0
       0
       0
       0
       0
       0
       0
       0
       0
       0
       0
       0
       0
       0
       0
       0
       0
       0
       0
       0
       0
       0
       0
       0
       0
       0
       0
       0
       0
       0
       0
       0
       0
       0
       0
       0
       0
       0
       0
       0
       0
       0
       0
       0
       0
       0
       0
       0
       0
       0
       0
       1
       0
       0
       0
       0
       0
       0
       0
       0
       0
       0
       0
       0
       0
       0
       0
       0
       0
       0
       0
       0
       0
       0
       0
       0
       0
       0
       0
       0
       0
       0
       0
       0
       0
       0
       0
       0
       0
       0
       0
       0
       0
       1
       0
       0
       0
       0
       0
       0
       0
       0
       0
       0
       0
       1
       0
       0
       0
       0
       0
       0
       0
       0
       0
       0
       0
       0
       0
       0
       0
       0
       0
       0
       0
       0
       0
       0
       0
       0
       0
       0
       0
       0
       0
       0
       0
       0
       0
       0
       0
       0
       0
       0
       0
       0
       0
       0
       0
       0
       0
       0
       0
       0
       0
       0
       0
       0
       0
       0
       0
       0
       0
       0
       0
       0
       0
       0
       0
       1
       0
       0
       0
       0
       0
       0
       0
       0
       0
       0
       0
       0
       0
       0
       0
       0
       0
       0
       0
       0
       0
       0
       0
       0
       1
       0
       0
       0
       0
       0
       0
       0
       0
       0
       0
       0
       0
       0
       0
       0
       0
       0
       0
       0
       0
       0
       0
       0
       0
       0
       0
       0
       0
       0
       0
       0
       0
       0
       0
       0
       0
       0
       0
       0
       0
       0
       0
       0
       0
       0
       0
       0
       0
       0
       0
       0
       0
       0
       0
       0
       0
       0
       0
       0
       0
       0
       0
       0
       0
       0
       0
       0
       0
       0
       0
       0
       0
       0
       0
       0
       0
       0
       0
       0
       0
       0
       0
       0
       0
       0
       0
       1
       1
       0
       0
       0
       0
       0
       0
       0
       0
       0
       1
       0
       0
       0
       0
       0
       0
       0
       0
       0
       0
       1
       0
       0
       0
       0
       0
       0
       0
       0
       0
       0
       0
       0
       0
       0
       0
       0
       0
       0
       0
       0
       0
       0
       0
       0
       0
       0
       0
       0
       0
       0
       0
       0
       0
       0
       0
       0
       0
       0
       0
       0
       0
       0
       0
       1
       0
       0
       0
       0
       0
       0
       0
       0
       0
       0
       0
       0
       0
       0
       0
       0
       0
       1
       0
       0
       0
       0
       0
       0
       0
       0
       0
       0
       0
       0
       0
       0
       0
       0
       0
       0
       0
       0
       0
       0
       0
       0
       0
       0
       0
       0
       0
       0
       0
       0
       0
       0
       0
       0
       0
       0
       0
       0
       0
       0
       0
       0
       0
       0
       0
       0
       0
       0
       0
       0
       0
       0
       0
       0
       0
       0
       0
       0
       0
       0
       0
       0
       0
       0
       0
       0
       0
       0
       0
       0
       0
       0
       0
       0
       0
       0
       1
       0
       0
       0
       0
       0
       0
       0
       0
       0
       0
       0
       0
       0
       0
       0
       0
       0
       0
       0
       0
       0
       0
       0
       0
       0
       0
       0
       0
       0
       0
       0
       0
       0
       0
       0
       0
       0
       0
       0
       0
       0
       0
       0
       0
       0
       0
       0
       0
       0
       0
       0
       0
       0
       0
       0
       0
       0
       0
       0
       1
       0
       0
       0
       0
       0
       0
       0
       0
       0
       0
       0
       0
       0
       0
       0
       0
       0
       0
       0
       0
       0
       0
       0
       0
       0
       0
$ROI:
11
224 244
765 907
1350 1411
1828 1908
2525 2667
2716 2799
3716 3817
4331 4427
4564 4622
5085 5259
5690 5768
$PRESETS:
Live Time
100
0
$ENER_FIT:
0.053689 0.255148
$MCA_CAL:
3
5.368913E-002 2.551478E-001 -1.853380E-009 keV
$SHAPE_CAL:
3
6.992400E+000 7.812671E-004 -3.508660E-008
