$SPEC_ID:
No sample description was entered.
$SPEC_REM:
DET# 1
DETDESC# GMX20P4 HPGe
AP# Maestro Version 7.01
$DATE_MEA:
11/23/2018 16:55:12
$MEAS_TIM:
100 100
$DATA:
0 8191
       0
       0
       0
       0
       0
       0
       0
       0
       0
       0
       0
       0
       0
       0
       0
       0
       0
       0
       0
       0
       0
       0
       0
       0
       0
       0
       0
       0
       0
       0
       0
       0
       0
       0
       0
       0
       0
       0
       0
       0
       0
       0
       0
       0
       0
       0
       0
       0
       1
      12
      26
      54
      48
      44
      71
      55
      58
      52
      48
      48
      52
      41
      57
      84
      72
     110
     134
     142
     130
     131
     131
     107
      92
      74
      56
      55
      74
      81
      74
      87
     108
     107
     100
     103
      85
      96
      72
      63
      53
      71
      84
     119
     162
     167
     150
     162
     155
     145
     129
     156
     157
     145
     163
     177
     155
     126
     118
     102
      81
      47
      32
      25
      35
      18
       9
      20
      13
      19
      15
      16
      17
      25
      18
      26
      21
      22
      31
      20
      33
      28
      39
      37
      23
      15
      27
      18
      22
      23
      20
      27
      21
      31
      24
      16
      30
      38
      33
      24
      30
      34
      36
      29
      34
      35
      48
      46
      34
      47
      60
      62
      61
      61
      66
     100
      65
      81
      87
      97
     102
     107
     106
      90
      96
     107
     114
     133
     116
     140
     131
     135
     151
     165
     134
     156
     198
     197
     211
     265
     300
     311
     338
     331
     381
     380
     382
     410
     416
     429
     484
     437
     425
     461
     410
     406
     406
     437
     449
     409
     379
     426
     409
     401
     380
     361
     358
     389
     363
     333
     353
     338
     326
     294
     366
     368
     431
     583
     770
    1253
    1756
    2740
    3761
    4704
    5358
    5737
    5440
    4742
    3870
    2673
    1759
    1017
     552
     297
     132
      55
      37
      16
      17
      15
      18
      13
      12
      19
      13
      17
      15
       9
      14
      11
      10
      20
      17
      19
      19
      14
      14
      11
      19
      17
      11
      18
      11
      13
      23
      16
      14
      19
      17
      24
      12
      14
      15
       9
      15
      15
      13
      13
      23
      11
      14
      16
      12
      14
      14
      15
      17
      11
      24
      13
      17
      14
      12
      14
      22
      14
      17
      15
      17
      11
      19
      21
       7
      22
      16
       9
      18
      12
      17
      16
      16
      15
      13
      20
      24
      18
      18
      13
      16
      23
      18
      17
      15
      15
      16
      22
      20
      18
      16
      22
      12
      17
      14
      14
      26
      26
      17
      10
      14
      15
      16
      15
      13
      18
      19
      19
      18
      17
       6
      13
      18
      18
      20
      22
      24
      18
      18
      14
      24
      20
      20
      15
      21
      16
      21
      16
      18
      20
      18
      11
      11
      21
       9
      13
      19
      14
      18
      12
      13
      23
      27
      24
      22
      14
      19
      19
      14
      18
      18
      14
      17
      12
      21
      14
      14
      25
      17
      17
      17
      24
      13
      17
      19
      16
      13
      19
      20
      19
      14
      16
      15
      13
      19
      22
      12
      12
      14
       8
      16
      13
      12
      16
      14
      16
      12
      16
      10
       8
      13
      15
       7
      11
      12
      14
      10
      17
      12
      19
      16
      15
      10
       9
      14
      14
      11
       8
      11
      13
      16
       5
      12
      16
      10
      12
      22
      14
      17
      18
      18
      10
      10
       8
      10
       8
      16
      12
      13
      14
      11
      10
      14
      11
      20
      10
      12
       9
      12
      14
      17
       9
       6
      13
      13
      13
      12
       8
      12
      13
      11
      19
      16
      11
      10
      13
       9
       7
      10
       9
      12
      15
      11
      12
      11
      11
      10
      14
       8
      11
      13
       8
      15
      10
      14
      11
      10
      15
      14
      12
       6
       9
      13
      10
      13
       8
      11
      10
       6
       8
      15
       7
      12
      15
      14
      14
       9
       8
      12
       9
      15
       7
       8
      10
       2
       6
      13
      16
      12
      12
       7
      13
      10
      11
       8
      13
       9
       9
      14
       9
       9
       9
      12
      17
       6
      10
       8
      12
       8
       9
       7
      15
       9
       5
      12
      10
      11
      10
       7
       5
       5
       6
      12
      12
      14
       9
      12
       9
       8
      12
       8
       7
      11
       7
       7
       3
       6
       8
      10
      13
      12
      10
       8
      11
       8
       6
      14
       7
      12
      13
       8
      12
       5
      12
       7
       7
       9
      10
       6
       8
       7
      14
       5
      10
      10
       8
       9
       5
       7
      11
       5
       6
       7
      12
       6
       9
      11
       9
       6
       5
       6
       9
       8
       9
      10
      11
      12
       7
       8
       5
       4
       4
       6
       6
       7
      10
       5
       7
       8
       5
       6
       6
       7
       5
       5
      11
       5
       7
       3
       7
       7
      10
       9
       9
       5
       9
      11
       6
       9
       4
       8
       5
       5
       5
       7
       4
       5
       7
       3
       3
       6
       6
       9
      11
      11
       3
      12
      12
       4
       6
       4
       7
       7
       2
       2
       9
       4
       7
       6
       3
       4
       4
       7
       9
       8
       6
       9
       9
       5
       4
       7
       6
       7
       8
       5
       9
       8
       5
      11
       4
       4
      10
       5
       9
       5
       2
       9
       2
       8
       4
       3
       8
       4
       9
       7
       3
       7
       4
       8
       4
       7
       6
       3
       8
       3
       7
       9
       8
       5
       7
       8
       4
       8
       7
       5
       4
       6
       5
       2
       5
       0
       8
       1
       3
       6
       7
      11
       3
      10
       5
       7
       5
       7
       4
       7
       6
       8
       9
       3
       3
       4
       7
       7
       7
       5
       5
       3
       6
       5
       5
       6
       5
       5
       5
       5
       5
       8
       3
       3
       2
       9
       5
       2
       7
       2
       5
       3
       8
       6
       9
       5
       2
       4
       4
       4
       8
       4
       2
       4
       4
       2
       3
       7
       5
       3
       4
       5
       5
       5
       2
       5
       5
       7
       4
       4
       3
       5
       3
       3
       0
       4
       4
       7
       5
       5
       3
       2
       2
       8
       9
       4
       4
       1
       5
       6
       0
       0
       2
       3
       5
       6
       2
       6
       2
       6
       6
       4
       6
       6
       8
       7
       1
       1
       4
       2
       7
       5
       1
       5
       4
       4
       7
       6
      11
       3
       4
       5
       5
       5
       5
       3
       4
       4
       0
       4
       1
       1
       2
       7
       4
       6
       4
       3
       4
       4
       2
       2
       2
       6
       4
       4
       4
       3
       4
       8
       5
       2
       6
       8
       8
       6
       9
       8
       5
       8
       5
       4
       5
       7
       4
       9
       6
       7
       7
       9
       5
       4
       1
       4
       3
       2
       5
       4
       3
       1
       1
       6
       2
       4
       5
       4
       6
       2
       3
       6
       4
       7
       5
       3
       4
       4
       4
       3
       1
       3
       4
       4
       4
       3
       6
       9
       3
       5
       3
       1
       5
       2
       3
       2
       3
       5
       3
       3
       2
       3
       5
       2
       2
       5
       1
       6
       6
       8
       4
       0
       3
       3
       3
       3
       3
       2
       2
       7
       0
       0
       2
       4
       3
       4
       7
       1
       1
       3
       3
       1
       4
       1
       1
       5
       2
       0
       4
       3
       3
       3
       4
       3
       3
       3
       3
       2
       1
       2
       3
       2
       2
       3
       3
       5
       2
       0
       1
       2
       2
       2
       3
       4
       3
       6
       1
       6
       4
       6
       5
       2
       1
       5
       0
       4
       6
       2
       6
       4
       5
       4
       4
       3
       1
       4
       3
       2
       2
       9
       0
       2
       1
       6
       1
       5
       5
       6
       2
       4
       1
       2
       3
       2
       1
       2
       1
       3
       2
       3
       8
       4
       3
       3
       2
       3
       0
       1
       0
       1
       5
       1
       4
       2
       2
       3
       2
       2
       2
       4
       1
       0
       0
       1
       4
       4
       0
       3
       0
       1
       2
       3
       3
       3
       4
       2
       3
       4
       1
       1
       4
       2
       3
       3
       2
       5
       4
       3
       3
       3
       5
       7
       2
       3
       3
       2
       1
       1
       4
       1
       4
       1
       4
       1
       3
       2
       0
       3
       3
       2
       1
       1
       0
       4
       3
       0
       2
       3
       3
       4
       2
       3
       2
       1
       3
       2
       4
       2
       0
       1
       2
       2
       0
       1
       3
       3
       2
       0
       3
       2
       1
       2
       2
       2
       3
       2
       0
       1
       0
       2
       0
       2
       2
       1
       1
       2
       2
       3
       3
       2
       1
       0
       4
       4
       5
       3
       3
       3
       0
       2
       0
       3
       3
       2
       3
       1
       2
       4
       4
       2
       2
       2
       0
       0
       1
       2
       2
       1
       2
       1
       1
       0
       0
       2
       2
       4
       0
       1
       0
       1
       1
       3
       4
       3
       2
       5
       2
       0
       2
       3
       3
       2
       2
       1
       2
       1
       1
       0
       0
       3
       1
       4
       3
       1
       6
       2
       1
       0
       2
       1
       0
       1
       3
       0
       3
       1
       1
       4
       1
       1
       3
       4
       2
       2
       2
       0
       2
       0
       2
       0
       2
       1
       3
       4
       1
       2
       3
       1
       4
       1
       1
       1
       2
       2
       2
       1
       1
       1
       2
       1
       1
       1
       2
       1
       2
       2
       2
       0
       2
       0
       5
       1
       3
       3
       4
       1
       0
       2
       2
       2
       1
       2
       1
       2
       1
       1
       1
       4
       1
       0
       1
       1
       2
       1
       2
       2
       3
       2
       7
       4
       6
      12
       1
       8
       1
       1
       2
       3
       1
       2
       2
       3
       2
       1
       0
       0
       1
       3
       1
       1
       0
       1
       2
       5
       2
       1
       2
       1
       1
       0
       3
       1
       1
       0
       1
       2
       0
       2
       2
       3
       1
       1
       0
       1
       0
       1
       0
       0
       1
       1
       1
       0
       1
       2
       2
       0
       1
       1
       1
       1
       0
       1
       1
       0
       1
       3
       1
       0
       2
       1
       1
       0
       0
       0
       3
       1
       1
       2
       0
       1
       0
       1
       0
       1
       1
       1
       1
       2
       1
       0
       1
       1
       1
       1
       1
       1
       2
       1
       2
       0
       3
       1
       5
       3
       2
       0
       0
       5
       1
       2
       1
       2
       2
       0
       0
       1
       1
       2
       2
       1
       1
       0
       1
       1
       2
       1
       0
       0
       2
       1
       1
       1
       1
       0
       3
       1
       1
       3
       0
       0
       3
       2
       2
       0
       1
       3
       1
       0
       0
       2
       1
       2
       3
       1
       2
       0
       0
       2
       1
       1
       2
       1
       2
       0
       1
       2
       2
       1
       2
       1
       0
       1
       0
       2
       0
       0
       2
       1
       1
       1
       2
       0
       3
       0
       1
       0
       0
       0
       1
       1
       1
       2
       3
       2
       1
       1
       1
       0
       1
       1
       0
       2
       0
       2
       2
       0
       0
       0
       2
       2
       1
       2
       0
       2
       0
       2
       3
       0
       2
       2
       2
       0
       1
       0
       0
       1
       0
       2
       0
       0
       0
       1
       2
       0
       2
       0
       2
       2
       1
       1
       0
       1
       1
       3
       1
       1
       1
       2
       1
       1
       1
       3
       0
       1
       0
       1
       3
       1
       0
       2
       1
       2
       0
       4
       2
       1
       2
       0
       0
       2
       0
       0
       2
       3
       1
       2
       1
       1
       2
       0
       0
       1
       1
       1
       3
       0
       1
       1
       0
       3
       1
       2
       0
       2
       0
       1
       1
       0
       0
       0
       1
       0
       3
       3
       1
       1
       0
       1
       0
       0
       2
       0
       0
       0
       0
       2
       0
       1
       0
       0
       1
       1
       4
       0
       0
       2
       0
       1
       3
       2
       1
       1
       2
       1
       2
       3
       0
       3
       3
       0
       2
       0
       1
       1
       0
       1
       1
       1
       2
       2
       1
       0
       3
       2
       1
       1
       0
       3
       1
       2
       2
       1
       0
       0
       1
       0
       2
       0
       1
       0
       0
       0
       1
       0
       0
       2
       0
       0
       2
       1
       2
       1
       1
       0
       1
       0
       0
       1
       1
       1
       0
       1
       0
       1
       0
       3
       2
       1
       0
       2
       0
       2
       0
       1
       4
       1
       1
       0
       1
       2
       3
       1
       2
       0
       2
       1
       1
       0
       1
       1
       1
       1
       1
       2
       0
       0
       0
       0
       0
       2
       1
       0
       0
       1
       0
       1
       0
       0
       1
       2
       1
       1
       0
       1
       0
       0
       1
       1
       0
       1
       1
       1
       0
       1
       0
       2
       1
       0
       0
       0
       1
       0
       0
       4
       0
       2
       0
       1
       0
       0
       3
       1
       4
       0
       1
       2
       3
       0
       1
       0
       2
       1
       1
       1
       0
       0
       0
       2
       2
       1
       1
       0
       1
       1
       1
       2
       3
       0
       0
       0
       2
       0
       0
       1
       1
       1
       0
       1
       0
       0
       0
       2
       2
       1
       0
       3
       1
       1
       0
       0
       0
       1
       0
       0
       1
       0
       1
       1
       1
       0
       0
       0
       0
       2
       1
       1
       0
       0
       2
       1
       0
       1
       2
       0
       0
       0
       1
       3
       0
       0
       0
       2
       0
       0
       0
       0
       1
       1
       1
       0
       2
       1
       0
       0
       0
       0
       0
       0
       3
       0
       0
       0
       0
       1
       1
       0
       1
       4
       0
       1
       2
       0
       0
       0
       2
       1
       1
       2
       1
       1
       1
       2
       2
       3
       0
       2
       0
       1
       0
       2
       1
       0
       0
       0
       0
       1
       0
       0
       2
       0
       1
       0
       1
       1
       2
       1
       2
       0
       0
       1
       0
       2
       0
       3
       2
       2
       0
       3
       0
       0
       2
       1
       0
       2
       0
       2
       2
       3
       1
       2
       1
       0
       1
       0
       2
       0
       1
       0
       1
       3
       1
       1
       0
       0
       0
       1
       0
       0
       1
       2
       2
       1
       1
       0
       1
       0
       1
       2
       1
       0
       0
       0
       0
       0
       0
       1
       0
       0
       0
       3
       1
       0
       0
       0
       0
       0
       1
       0
       2
       2
       1
       0
       1
       1
       2
       1
       0
       0
       0
       0
       3
       1
       2
       0
       1
       0
       1
       0
       0
       1
       0
       0
       1
       1
       0
       0
       0
       0
       2
       0
       2
       1
       0
       0
       0
       0
       1
       0
       0
       3
       0
       1
       2
       2
       0
       0
       1
       1
       0
       1
       2
       0
       0
       1
       0
       0
       2
       0
       0
       1
       0
       1
       1
       1
       0
       2
       1
       1
       0
       2
       0
       0
       0
       0
       1
       1
       1
       1
       0
       0
       1
       0
       1
       1
       0
       0
       1
       0
       2
       2
       1
       2
       0
       1
       1
       0
       0
       2
       3
       1
       2
       0
       1
       0
       0
       2
       1
       1
       0
       0
       1
       0
       1
       1
       2
       0
       0
       1
       1
       1
       0
       1
       0
       0
       2
       0
       3
       1
       2
       1
       3
       1
       0
       0
       3
       0
       0
       1
       0
       0
       0
       0
       1
       0
       1
       0
       0
       0
       0
       1
       0
       3
       1
       3
       1
       0
       1
       1
       0
       3
       1
       1
       1
       1
       0
       2
       0
       0
       1
       1
       1
       0
       0
       1
       1
       0
       0
       0
       0
       0
       0
       0
       0
       2
       0
       0
       2
       1
       0
       0
       1
       0
       0
       1
       0
       1
       0
       0
       1
       1
       1
       0
       0
       0
       1
       0
       1
       0
       0
       3
       0
       1
       2
       1
       2
       1
       0
       1
       0
       1
       2
       3
       0
       1
       0
       0
       0
       0
       0
       0
       1
       2
       1
       0
       0
       2
       0
       1
       0
       1
       1
       1
       2
       2
       3
       0
       2
       1
       1
       1
       0
       1
       1
       1
       1
       0
       1
       0
       1
       1
       0
       2
       1
       1
       1
       0
       1
       0
       0
       0
       2
       1
       0
       1
       1
       0
       0
       0
       0
       0
       1
       0
       0
       0
       0
       0
       0
       0
       0
       1
       0
       0
       0
       0
       2
       3
       0
       1
       0
       1
       0
       0
       0
       1
       1
       0
       0
       1
       1
       0
       0
       0
       3
       1
       3
       1
       7
       2
       5
       5
       9
       4
       3
       6
       5
       2
       2
       3
       0
       0
       0
       1
       0
       0
       1
       0
       1
       1
       0
       0
       1
       0
       0
       0
       1
       0
       0
       0
       0
       0
       1
       0
       0
       0
       1
       1
       1
       0
       0
       0
       0
       0
       1
       0
       0
       0
       1
       0
       0
       0
       1
       0
       3
       0
       0
       0
       0
       0
       0
       0
       0
       0
       0
       1
       0
       0
       1
       0
       0
       0
       0
       0
       1
       0
       0
       0
       1
       0
       1
       0
       1
       3
       0
       0
       3
       0
       1
       0
       1
       0
       0
       1
       2
       0
       0
       2
       0
       0
       0
       0
       2
       0
       1
       0
       0
       0
       0
       0
       1
       0
       0
       0
       2
       1
       1
       0
       1
       0
       1
       0
       1
       0
       1
       1
       0
       0
       0
       0
       0
       0
       0
       0
       0
       0
       0
       1
       1
       0
       0
       0
       0
       0
       2
       0
       0
       0
       1
       1
       0
       1
       0
       0
       0
       2
       0
       0
       1
       1
       0
       0
       0
       0
       0
       0
       1
       0
       0
       0
       0
       0
       0
       0
       1
       1
       1
       1
       0
       1
       0
       0
       1
       0
       1
       1
       0
       4
       0
       1
       1
       0
       1
       1
       0
       1
       1
       0
       0
       1
       1
       0
       1
       0
       2
       0
       1
       2
       1
       0
       1
       4
       0
       0
       0
       0
       1
       3
       1
       0
       0
       0
       0
       0
       1
       2
       0
       0
       1
       1
       1
       1
       1
       1
       1
       0
       2
       2
       0
       0
       0
       0
       1
       1
       0
       0
       1
       0
       1
       0
       1
       0
       1
       0
       0
       0
       2
       0
       0
       1
       1
       0
       1
       0
       1
       0
       1
       1
       1
       0
       1
       0
       0
       0
       0
       0
       0
       1
       0
       1
       0
       0
       0
       0
       1
       1
       0
       0
       1
       0
       0
       0
       1
       2
       0
       0
       0
       1
       0
       0
       0
       0
       0
       0
       1
       1
       2
       2
       0
       0
       0
       1
       0
       0
       1
       0
       3
       2
       0
       0
       1
       0
       1
       0
       2
       1
       0
       0
       0
       1
       2
       0
       0
       0
       0
       0
       2
       0
       1
       3
       1
       0
       1
       1
       0
       1
       2
       1
       0
       0
       1
       0
       1
       0
       0
       2
       1
       1
       0
       1
       0
       0
       0
       0
       1
       2
       1
       0
       0
       0
       1
       0
       0
       1
       1
       0
       1
       1
       0
       0
       1
       1
       1
       0
       2
       0
       0
       0
       1
       1
       0
       0
       1
       1
       0
       0
       0
       0
       1
       1
       1
       1
       1
       0
       0
       1
       1
       1
       0
       1
       1
       1
       1
       0
       0
       0
       1
       0
       0
       0
       1
       1
       1
       0
       1
       1
       2
       0
       1
       0
       0
       1
       0
       0
       0
       1
       3
       0
       1
       0
       1
       0
       0
       0
       1
       0
       0
       1
       1
       0
       0
       1
       1
       0
       0
       0
       0
       0
       0
       0
       0
       0
       0
       1
       0
       0
       0
       1
       0
       0
       2
       1
       1
       0
       0
       0
       0
       0
       0
       1
       0
       0
       0
       0
       0
       1
       1
       0
       0
       1
       1
       0
       2
       0
       1
       0
       0
       1
       0
       1
       1
       1
       0
       1
       1
       0
       0
       1
       1
       0
       0
       2
       0
       2
       0
       0
       0
       0
       0
       0
       0
       0
       0
       0
       2
       1
       0
       1
       0
       2
       0
       0
       0
       0
       0
       0
       0
       0
       0
       0
       0
       0
       0
       0
       1
       0
       0
       0
       1
       0
       1
       2
       0
       0
       0
       0
       0
       0
       1
       2
       0
       1
       0
       1
       0
       0
       1
       0
       1
       0
       1
       0
       3
       2
       0
       1
       2
       0
       1
       0
       0
       0
       1
       2
       0
       0
       2
       0
       0
       2
       0
       0
       0
       1
       0
       0
       0
       1
       2
       0
       1
       1
       0
       0
       1
       1
       0
       0
       0
       0
       0
       0
       2
       0
       0
       0
       0
       0
       0
       1
       1
       0
       2
       0
       1
       0
       1
       0
       0
       0
       0
       1
       0
       1
       0
       1
       1
       2
       1
       0
       0
       0
       0
       0
       0
       0
       0
       0
       0
       0
       1
       0
       1
       1
       0
       1
       0
       0
       0
       1
       0
       1
       0
       0
       0
       0
       1
       0
       0
       0
       0
       1
       0
       0
       0
       0
       0
       2
       0
       0
       0
       0
       0
       0
       0
       1
       0
       0
       1
       0
       0
       2
       2
       1
       0
       0
       1
       1
       1
       0
       2
       1
       0
       1
       1
       1
       0
       0
       0
       0
       2
       0
       1
       0
       0
       0
       0
       0
       0
       0
       0
       0
       0
       1
       2
       0
       0
       0
       0
       0
       1
       0
       1
       1
       0
       0
       0
       0
       1
       0
       0
       1
       0
       0
       0
       0
       1
       0
       2
       1
       0
       0
       1
       0
       0
       1
       0
       1
       0
       2
       1
       0
       0
       0
       1
       0
       1
       0
       0
       1
       0
       1
       0
       0
       0
       0
       1
       1
       1
       0
       0
       0
       0
       0
       1
       2
       0
       1
       2
       2
       1
       0
       0
       0
       1
       0
       1
       0
       0
       0
       0
       0
       0
       0
       0
       0
       0
       0
       0
       1
       3
       0
       0
       0
       1
       0
       0
       0
       0
       0
       1
       1
       0
       2
       0
       0
       4
       1
       1
       0
       0
       0
       1
       1
       0
       0
       1
       0
       1
       0
       0
       0
       0
       0
       0
       0
       0
       0
       0
       0
       0
       0
       1
       0
       0
       0
       1
       0
       1
       0
       0
       0
       0
       0
       1
       0
       0
       1
       1
       0
       1
       0
       1
       0
       1
       0
       1
       2
       0
       0
       0
       0
       1
       0
       1
       0
       1
       1
       1
       0
       0
       0
       1
       2
       0
       0
       0
       0
       0
       1
       2
       0
       1
       0
       0
       0
       1
       0
       0
       0
       0
       0
       0
       1
       0
       0
       2
       0
       0
       1
       0
       0
       0
       2
       0
       0
       0
       0
       2
       0
       0
       0
       0
       0
       0
       2
       0
       0
       1
       2
       0
       0
       0
       0
       2
       0
       0
       1
       1
       0
       0
       0
       1
       0
       1
       0
       3
       2
       0
       0
       1
       1
       0
       2
       1
       0
       0
       0
       0
       2
       2
       1
       0
       2
       0
       0
       0
       0
       2
       0
       1
       0
       0
       0
       0
       1
       0
       0
       0
       1
       2
       0
       0
       1
       1
       0
       0
       0
       1
       0
       0
       1
       0
       0
       1
       0
       2
       0
       0
       0
       0
       0
       0
       0
       0
       0
       1
       2
       0
       0
       0
       0
       1
       1
       1
       0
       0
       0
       0
       1
       0
       0
       0
       0
       0
       0
       0
       0
       0
       1
       0
       0
       0
       0
       0
       1
       0
       1
       0
       0
       0
       0
       0
       0
       0
       0
       0
       0
       0
       1
       0
       0
       1
       1
       0
       0
       0
       0
       0
       0
       0
       2
       0
       0
       0
       0
       0
       1
       0
       0
       0
       1
       0
       0
       1
       0
       0
       0
       1
       0
       1
       0
       0
       0
       0
       0
       1
       0
       1
       0
       0
       0
       0
       0
       0
       0
       0
       0
       0
       0
       0
       0
       1
       0
       0
       0
       1
       0
       0
       0
       0
       0
       0
       1
       0
       0
       0
       0
       0
       0
       0
       0
       0
       0
       1
       1
       0
       0
       0
       1
       0
       0
       0
       0
       0
       0
       0
       1
       1
       1
       0
       1
       1
       0
       0
       1
       2
       0
       0
       1
       1
       2
       0
       1
       1
       0
       0
       0
       0
       0
       0
       2
       0
       0
       0
       0
       0
       0
       0
       2
       1
       3
       1
       0
       1
       0
       2
       2
       2
       0
       0
       1
       0
       0
       0
       2
       0
       0
       0
       0
       0
       0
       1
       0
       0
       0
       0
       0
       2
       1
       0
       0
       1
       0
       0
       1
       0
       0
       0
       0
       0
       0
       0
       2
       0
       0
       2
       0
       0
       1
       1
       1
       0
       0
       0
       0
       0
       0
       0
       0
       0
       0
       1
       0
       0
       1
       1
       0
       0
       1
       1
       0
       2
       1
       0
       0
       0
       1
       0
       0
       0
       0
       0
       0
       0
       0
       0
       0
       0
       0
       1
       1
       0
       0
       0
       1
       0
       1
       0
       0
       0
       0
       0
       0
       1
       1
       0
       0
       1
       0
       0
       0
       0
       0
       0
       0
       0
       0
       0
       0
       2
       0
       0
       0
       2
       0
       0
       0
       0
       0
       1
       0
       0
       0
       0
       0
       0
       0
       1
       0
       0
       1
       0
       1
       0
       1
       1
       1
       1
       1
       0
       0
       0
       0
       0
       0
       0
       0
       0
       2
       1
       0
       1
       0
       0
       0
       1
       1
       1
       1
       0
       0
       0
       0
       0
       0
       1
       0
       0
       0
       0
       0
       0
       0
       2
       1
       0
       0
       0
       0
       0
       1
       1
       0
       1
       1
       0
       1
       1
       0
       0
       0
       0
       0
       0
       0
       0
       0
       0
       0
       1
       0
       0
       1
       0
       0
       0
       0
       1
       0
       1
       1
       1
       0
       0
       0
       0
       1
       0
       1
       1
       2
       2
       2
       1
       1
       0
       1
       1
       0
       0
       0
       1
       2
       0
       0
       0
       0
       1
       0
       0
       0
       0
       2
       0
       0
       0
       0
       0
       0
       0
       2
       0
       0
       0
       1
       1
       0
       1
       0
       0
       0
       0
       0
       0
       0
       0
       0
       0
       0
       0
       1
       0
       1
       1
       0
       0
       0
       1
       0
       0
       0
       1
       1
       0
       0
       1
       0
       0
       0
       0
       0
       0
       0
       0
       1
       0
       0
       0
       0
       0
       1
       0
       0
       0
       0
       1
       0
       1
       0
       0
       0
       0
       0
       0
       0
       0
       0
       0
       1
       1
       0
       1
       0
       0
       0
       0
       0
       0
       0
       0
       0
       0
       0
       0
       0
       1
       0
       1
       0
       3
       0
       0
       0
       0
       1
       1
       0
       0
       0
       0
       1
       0
       0
       0
       0
       1
       0
       1
       0
       0
       0
       0
       0
       0
       0
       1
       0
       0
       0
       0
       1
       2
       0
       0
       0
       0
       0
       0
       0
       1
       0
       0
       0
       0
       0
       0
       0
       0
       0
       0
       0
       0
       0
       1
       0
       1
       0
       1
       1
       1
       0
       0
       1
       0
       0
       0
       0
       0
       0
       0
       1
       0
       0
       0
       1
       0
       0
       0
       1
       0
       0
       0
       1
       0
       2
       1
       0
       0
       0
       0
       0
       0
       0
       0
       0
       0
       0
       0
       0
       0
       0
       0
       0
       1
       0
       0
       0
       0
       0
       1
       0
       0
       0
       0
       0
       0
       0
       0
       0
       1
       0
       0
       0
       0
       1
       0
       0
       1
       1
       0
       0
       1
       0
       0
       1
       1
       0
       0
       0
       1
       0
       0
       0
       0
       0
       0
       1
       0
       0
       2
       0
       0
       0
       0
       1
       0
       0
       1
       1
       0
       0
       1
       1
       0
       1
       0
       0
       0
       0
       0
       0
       0
       0
       0
       0
       0
       0
       2
       0
       0
       0
       0
       0
       1
       0
       0
       0
       0
       1
       1
       0
       0
       0
       0
       0
       0
       0
       0
       0
       1
       0
       0
       0
       1
       1
       0
       0
       0
       0
       1
       1
       0
       0
       0
       2
       0
       2
       0
       1
       0
       1
       1
       0
       0
       0
       0
       0
       0
       0
       0
       0
       0
       2
       0
       0
       1
       0
       0
       0
       0
       0
       0
       0
       0
       0
       0
       0
       0
       0
       0
       0
       0
       0
       0
       1
       1
       0
       0
       0
       1
       0
       0
       0
       1
       1
       0
       2
       2
       1
       2
       1
       0
       1
       0
       0
       2
       0
       0
       0
       0
       0
       0
       0
       0
       0
       0
       0
       0
       0
       0
       0
       0
       1
       1
       0
       0
       0
       0
       1
       0
       0
       0
       0
       0
       0
       0
       0
       0
       0
       0
       0
       0
       0
       0
       0
       1
       0
       0
       0
       0
       0
       0
       0
       0
       0
       0
       0
       0
       0
       0
       0
       0
       1
       0
       0
       0
       0
       1
       0
       0
       0
       0
       0
       0
       0
       0
       0
       1
       0
       0
       1
       0
       0
       1
       0
       0
       0
       0
       1
       0
       2
       0
       0
       1
       0
       0
       3
       0
       1
       0
       0
       0
       0
       0
       0
       0
       0
       0
       0
       0
       0
       0
       0
       1
       0
       0
       2
       0
       0
       1
       0
       0
       0
       0
       0
       1
       0
       0
       0
       0
       0
       0
       0
       0
       0
       0
       0
       1
       0
       0
       0
       0
       0
       0
       1
       0
       0
       0
       0
       0
       1
       0
       1
       1
       0
       0
       0
       0
       1
       0
       1
       1
       0
       0
       0
       1
       0
       2
       0
       0
       2
       0
       1
       0
       0
       0
       0
       0
       1
       0
       3
       0
       0
       0
       0
       0
       0
       1
       1
       0
       0
       0
       1
       0
       1
       1
       1
       2
       1
       1
       1
       0
       1
       4
       1
       0
       2
       1
       1
       1
       0
       1
       2
       0
       0
       0
       0
       0
       1
       0
       0
       0
       0
       0
       0
       0
       1
       0
       1
       0
       1
       0
       0
       0
       2
       0
       1
       0
       0
       0
       0
       0
       1
       1
       0
       1
       0
       0
       0
       0
       2
       0
       0
       0
       0
       1
       0
       1
       0
       0
       0
       0
       0
       0
       1
       1
       0
       0
       0
       2
       0
       0
       0
       1
       0
       0
       0
       1
       0
       1
       0
       0
       0
       0
       0
       0
       0
       0
       0
       0
       0
       1
       0
       0
       1
       0
       1
       0
       0
       0
       0
       1
       0
       0
       0
       1
       0
       1
       1
       0
       0
       0
       0
       0
       1
       0
       0
       0
       0
       0
       1
       0
       0
       0
       0
       1
       1
       2
       0
       0
       0
       1
       0
       0
       1
       0
       0
       0
       1
       0
       2
       0
       0
       0
       0
       1
       1
       0
       1
       0
       0
       0
       1
       1
       0
       0
       1
       0
       0
       1
       1
       0
       0
       2
       0
       0
       0
       1
       0
       1
       1
       1
       0
       0
       0
       0
       0
       0
       0
       0
       0
       0
       0
       0
       0
       0
       1
       1
       1
       0
       0
       0
       0
       1
       1
       0
       0
       0
       0
       0
       1
       1
       0
       0
       0
       0
       0
       0
       0
       0
       0
       0
       0
       1
       0
       0
       0
       0
       0
       1
       0
       0
       0
       2
       0
       0
       0
       1
       0
       0
       0
       1
       0
       0
       0
       0
       1
       0
       0
       0
       0
       0
       0
       0
       0
       0
       0
       0
       0
       0
       0
       0
       1
       0
       0
       0
       0
       0
       1
       1
       0
       2
       0
       0
       0
       0
       0
       0
       0
       1
       0
       0
       0
       1
       0
       0
       0
       0
       2
       0
       0
       0
       0
       1
       0
       0
       0
       0
       1
       1
       0
       0
       0
       0
       0
       0
       0
       0
       0
       0
       1
       0
       0
       1
       0
       0
       1
       0
       0
       0
       0
       0
       0
       0
       0
       0
       0
       0
       0
       0
       1
       0
       1
       1
       0
       0
       0
       1
       0
       0
       1
       0
       0
       2
       0
       0
       0
       0
       0
       0
       0
       0
       0
       0
       0
       0
       0
       0
       1
       0
       0
       1
       0
       0
       0
       0
       0
       0
       0
       0
       1
       0
       0
       1
       1
       1
       0
       0
       0
       1
       0
       4
       0
       0
       0
       2
       0
       0
       0
       0
       0
       0
       0
       0
       0
       1
       1
       0
       0
       0
       0
       0
       1
       1
       1
       0
       0
       1
       0
       0
       0
       1
       2
       0
       0
       0
       0
       0
       0
       0
       0
       0
       0
       0
       1
       0
       2
       0
       0
       0
       0
       0
       0
       0
       1
       1
       0
       0
       0
       1
       2
       1
       0
       0
       1
       0
       1
       0
       0
       0
       0
       1
       0
       0
       0
       1
       1
       0
       0
       0
       0
       0
       1
       0
       0
       0
       0
       0
       1
       1
       0
       1
       0
       0
       1
       2
       2
       2
       0
       1
       0
       0
       0
       1
       1
       2
       0
       0
       0
       1
       0
       1
       1
       0
       0
       2
       0
       0
       0
       1
       0
       0
       1
       0
       1
       0
       0
       0
       0
       1
       1
       0
       1
       0
       0
       0
       0
       0
       0
       0
       0
       0
       0
       0
       0
       0
       0
       0
       0
       0
       0
       0
       1
       1
       0
       0
       0
       1
       0
       0
       1
       0
       0
       0
       0
       0
       0
       1
       0
       0
       1
       0
       0
       0
       1
       0
       0
       0
       0
       0
       0
       0
       0
       0
       1
       0
       0
       0
       0
       0
       0
       0
       0
       0
       0
       0
       1
       0
       0
       0
       1
       0
       0
       0
       0
       0
       0
       0
       0
       0
       1
       1
       0
       0
       0
       0
       0
       1
       1
       1
       0
       0
       0
       0
       0
       0
       0
       0
       0
       0
       0
       0
       0
       0
       0
       1
       1
       0
       0
       1
       0
       0
       0
       0
       1
       1
       2
       0
       0
       0
       0
       1
       1
       1
       0
       0
       1
       0
       0
       1
       0
       0
       0
       0
       0
       0
       0
       0
       0
       0
       0
       0
       0
       0
       0
       0
       0
       0
       0
       0
       0
       1
       1
       0
       0
       0
       0
       0
       0
       0
       0
       0
       0
       0
       1
       0
       0
       1
       0
       1
       0
       0
       0
       0
       0
       0
       0
       0
       0
       1
       1
       0
       0
       1
       0
       0
       1
       0
       0
       0
       0
       1
       0
       0
       0
       0
       0
       0
       0
       1
       0
       1
       0
       0
       0
       0
       0
       1
       0
       0
       0
       0
       0
       0
       0
       0
       0
       0
       0
       1
       0
       1
       1
       0
       0
       0
       0
       0
       0
       0
       0
       0
       0
       1
       0
       0
       0
       0
       0
       0
       0
       0
       0
       0
       0
       0
       0
       0
       0
       1
       0
       0
       0
       0
       0
       0
       0
       1
       0
       0
       0
       1
       0
       0
       0
       1
       0
       0
       0
       1
       0
       0
       0
       0
       0
       0
       0
       1
       0
       0
       1
       1
       0
       0
       0
       0
       0
       0
       0
       0
       0
       0
       0
       0
       1
       2
       0
       0
       1
       0
       0
       0
       0
       0
       1
       0
       0
       1
       1
       1
       0
       0
       0
       1
       0
       0
       0
       0
       0
       0
       0
       0
       0
       1
       0
       0
       0
       0
       0
       0
       0
       0
       0
       0
       0
       0
       0
       0
       0
       0
       1
       0
       0
       0
       0
       0
       0
       0
       0
       0
       0
       0
       0
       0
       0
       0
       0
       1
       0
       0
       0
       0
       1
       0
       0
       0
       0
       1
       0
       0
       0
       0
       0
       0
       0
       0
       0
       0
       0
       0
       1
       0
       0
       0
       1
       0
       0
       0
       0
       0
       0
       0
       0
       0
       0
       0
       0
       0
       0
       0
       0
       0
       1
       0
       0
       0
       0
       0
       0
       0
       0
       0
       0
       0
       0
       0
       0
       0
       0
       0
       0
       0
       0
       0
       0
       0
       0
       0
       0
       0
       0
       0
       0
       0
       1
       0
       0
       0
       0
       0
       0
       0
       0
       0
       1
       0
       0
       0
       0
       0
       0
       0
       0
       0
       0
       0
       0
       1
       0
       0
       0
       0
       0
       0
       0
       0
       0
       0
       0
       0
       0
       0
       0
       0
       0
       0
       0
       0
       0
       0
       0
       0
       0
       0
       0
       0
       0
       2
       0
       0
       0
       0
       1
       0
       0
       0
       0
       1
       0
       0
       0
       3
       0
       0
       0
       0
       0
       0
       0
       1
       1
       2
       1
       0
       0
       1
       0
       0
       0
       0
       0
       0
       0
       0
       0
       0
       0
       0
       0
       1
       1
       0
       0
       0
       0
       2
       0
       0
       0
       0
       0
       0
       0
       0
       0
       0
       0
       0
       0
       0
       0
       0
       0
       0
       0
       0
       0
       0
       0
       0
       0
       0
       0
       0
       0
       0
       0
       0
       0
       0
       0
       0
       1
       0
       1
       0
       0
       0
       0
       0
       0
       0
       0
       1
       0
       0
       0
       0
       0
       0
       0
       0
       0
       0
       1
       0
       0
       0
       0
       0
       1
       0
       1
       0
       0
       0
       1
       0
       0
       0
       0
       0
       0
       0
       0
       0
       0
       0
       0
       0
       0
       0
       0
       0
       1
       2
       0
       0
       1
       0
       0
       0
       0
       0
       0
       0
       0
       0
       0
       0
       0
       0
       0
       0
       0
       0
       2
       0
       0
       0
       0
       0
       0
       0
       0
       0
       0
       0
       1
       0
       0
       0
       0
       0
       1
       0
       0
       0
       0
       0
       0
       1
       0
       0
       0
       0
       0
       0
       0
       0
       0
       0
       0
       0
       0
       0
       0
       0
       0
       0
       0
       0
       0
       0
       0
       0
       0
       0
       0
       0
       0
       0
       0
       0
       1
       0
       1
       1
       0
       1
       0
       0
       0
       0
       0
       0
       0
       0
       0
       0
       0
       0
       1
       0
       0
       0
       1
       1
       0
       0
       0
       0
       0
       1
       1
       0
       0
       0
       0
       0
       0
       0
       0
       0
       0
       0
       0
       0
       0
       0
       0
       0
       0
       0
       0
       0
       0
       0
       0
       0
       0
       0
       0
       0
       1
       0
       0
       0
       1
       0
       0
       0
       0
       0
       0
       0
       0
       0
       0
       0
       0
       0
       0
       0
       0
       0
       0
       0
       0
       0
       0
       0
       0
       0
       0
       0
       0
       0
       0
       0
       0
       0
       0
       0
       0
       0
       0
       0
       0
       1
       0
       0
       0
       0
       0
       1
       1
       1
       0
       0
       0
       0
       0
       0
       1
       0
       0
       1
       1
       0
       6
       3
       3
       4
       9
      12
       7
      11
       6
      11
       9
       3
       5
       2
       2
       1
       1
       1
       0
       0
       0
       1
       0
       0
       0
       0
       0
       0
       0
       0
       0
       0
       0
       0
       0
       0
       0
       0
       0
       0
       0
       0
       0
       0
       0
       0
       0
       0
       0
       0
       0
       0
       0
       0
       0
       0
       0
       0
       0
       0
       0
       0
       0
       0
       0
       2
       1
       0
       0
       0
       0
       0
       0
       0
       0
       0
       0
       0
       0
       0
       0
       0
       0
       0
       1
       0
       0
       0
       0
       0
       0
       0
       0
       0
       0
       0
       0
       0
       0
       0
       0
       0
       0
       0
       0
       0
       0
       0
       0
       0
       1
       0
       0
       0
       0
       0
       0
       0
       0
       0
       0
       0
       0
       0
       0
       0
       0
       0
       0
       0
       0
       0
       0
       0
       0
       0
       0
       0
       0
       0
       0
       0
       0
       0
       0
       0
       0
       0
       0
       0
       0
       0
       0
       0
       0
       0
       0
       0
       0
       0
       0
       0
       1
       0
       0
       0
       0
       0
       0
       0
       0
       0
       0
       0
       0
       0
       0
       0
       0
       0
       0
       0
       0
       0
       0
       0
       0
       0
       0
       0
       0
       0
       0
       0
       0
       1
       0
       0
       0
       0
       0
       0
       0
       0
       0
       1
       0
       0
       0
       0
       0
       0
       0
       0
       0
       0
       0
       0
       0
       0
       0
       0
       0
       0
       0
       1
       0
       0
       0
       0
       0
       0
       0
       0
       0
       0
       0
       0
       0
       0
       0
       0
       0
       0
       0
       0
       0
       0
       0
       0
       0
       0
       0
       1
       0
       0
       0
       0
       0
       0
       0
       0
       0
       0
       0
       0
       0
       0
       0
       0
       0
       0
       0
       0
       0
       0
       0
       0
       0
       0
       0
       0
       0
       0
       0
       0
       0
       0
       0
       0
       0
       0
       0
       0
       2
       0
       0
       0
       0
       1
       0
       1
       0
       0
       0
       0
       0
       0
       0
       0
       1
       0
       0
       0
       0
       0
       0
       0
       0
       0
       0
       0
       0
       0
       0
       0
       0
       0
       0
       0
       0
       0
       0
       0
       0
       0
       0
       0
       0
       0
       0
       0
       0
       0
       1
       0
       0
       0
       0
       0
       0
       0
       0
       0
       0
       1
       0
       0
       0
       0
       0
       0
       0
       0
       0
       0
       0
       0
       0
       0
       0
       0
       0
       0
       0
       0
       0
       1
       0
       0
       0
       0
       0
       0
       0
       0
       0
       0
       0
       0
       0
       0
       0
       0
       0
       0
       0
       0
       0
       0
       0
       1
       0
       0
       0
       0
       0
       0
       0
       0
       0
       0
       0
       0
       0
       0
       0
       0
       0
       0
       0
       0
       0
       0
       0
       0
       0
       0
       0
       0
       0
       0
       0
       0
       0
       0
       0
       0
       0
       0
       0
       0
       0
       0
       0
       0
       0
       0
       0
       0
       0
       0
       0
       0
       0
       0
       0
       0
       0
       0
       0
       0
       0
       0
       1
       0
       0
       0
       0
       0
       0
       0
       0
       0
       0
       0
       0
       0
       0
       0
       0
       0
       0
       0
       0
       0
       0
       0
       0
       0
       0
       0
       0
       0
       0
       0
       0
       0
       0
       0
       0
       0
       1
       0
       0
       0
       0
       0
       0
       0
       0
       1
       0
       0
       0
       0
       0
       1
       0
       0
       0
       0
       0
       0
       1
       0
       0
       0
       0
       1
       0
       0
       0
       0
       0
       0
       0
       0
       0
       1
       0
       0
       0
       0
       1
       0
       0
       0
       0
       0
       0
       0
       0
       0
       0
       0
       0
       0
       0
       0
       0
       1
       1
       0
       0
       0
       0
       0
       0
       0
       0
       0
       0
       0
       0
       0
       1
       0
       0
       0
       0
       0
       0
       0
       0
       0
       0
       0
       0
       0
       0
       0
       0
       0
       0
       0
       0
       0
       0
       0
       1
       0
       0
       0
       0
       0
       0
       0
       0
       0
       0
       0
       0
       0
       0
       0
       0
       0
       0
       0
       0
       0
       0
       0
       0
       0
       0
       0
       0
       0
       0
       0
       0
       0
       0
       0
       0
       0
       0
       0
       0
       0
       0
       0
       0
       0
       0
       1
       0
       0
       0
       0
       0
       0
       0
       0
       0
       0
       0
       0
       0
       0
       0
       0
       0
       0
       0
       0
       0
       0
       0
       0
       0
       0
       0
       0
       0
       0
       0
       0
       0
       0
       0
       0
       0
       0
       0
       0
       0
       0
       0
       0
       0
       0
       0
       0
       0
       0
       0
       0
       0
       0
       0
       0
       0
       0
       0
       0
       0
       0
       0
       0
       0
       0
       0
       0
       0
       0
       0
       0
       1
       0
       1
       0
       0
       0
       0
       0
       0
       0
       0
       0
       0
       0
       0
       0
       0
       0
       0
       0
       0
       0
       0
       0
       0
       0
       0
       0
       0
       0
       0
       0
       0
       1
       0
       0
       0
       0
       0
       0
       0
       0
       0
       0
       0
       1
       0
       0
       0
       0
       0
       0
       0
       0
       0
       0
       0
       0
       0
       0
       0
       0
       0
       0
       0
       0
       0
       0
       0
       0
       0
       0
       0
       0
       0
       0
       0
       0
       1
       0
       0
       0
       0
       0
       0
       0
       0
       0
       0
       0
       0
       0
       0
       0
       0
       0
       0
       0
       0
       0
       0
       1
       0
       0
       0
       0
       0
       0
       0
       0
       0
       0
       0
       0
       0
       0
       0
       0
       0
       0
       0
       0
       0
       0
       0
       0
       0
       0
       0
       0
       0
       0
       0
       0
       0
       0
       0
       0
       0
       0
       0
       0
       0
       0
       1
       0
       0
       0
       0
       0
       0
       0
       0
       0
       0
       0
       0
       0
       0
       0
       0
       0
       0
       0
       0
       0
       0
       0
       0
       0
       0
       0
       0
       0
       0
       0
       0
       0
       0
       0
       0
       0
       0
       0
       0
       0
       0
       0
       0
       0
       0
       0
       0
       0
       0
       0
       0
       0
       0
       0
       0
       0
       0
       0
       0
       0
       0
       0
       0
       0
       0
       0
       0
       0
       0
       0
       0
       0
       0
       0
       0
       0
       0
       0
       0
       0
       0
       0
       0
       0
       0
       0
       0
       0
       0
       1
       0
       0
       0
       0
       0
       0
       0
       0
       0
       0
       0
       0
       0
       0
       0
       0
       0
       0
       0
       0
       0
       0
       0
       0
       0
       0
       0
       0
       0
       0
       0
       0
       0
       0
       0
       0
       1
       0
       0
       0
       0
       0
       0
       0
       0
       0
       0
       1
       0
       0
       0
       0
       0
       0
       0
       0
       0
       0
       0
       0
       0
       0
       0
       0
       0
       0
       0
       0
       0
       0
       0
       0
       0
       0
       0
       0
       0
       0
       0
       1
       0
       0
       0
       0
       0
       0
       0
       0
       0
       0
       0
       0
       0
       0
       0
       0
       0
       0
       0
       0
       0
       0
       0
       0
       0
       0
       0
       0
       0
       0
       0
       0
       0
       0
       0
       0
       0
       0
       0
       0
       0
       0
       0
       0
       0
       0
       0
       0
       0
       0
       0
       0
       0
       0
       0
       0
       0
       0
       1
       0
       0
       0
       0
       0
       0
       0
       0
       0
       0
       0
       0
       0
       0
       0
       0
       0
       0
       0
       0
       0
       0
       0
       0
       0
       0
       0
       0
       0
       0
       0
       0
       0
       0
       0
       0
       0
       0
       0
       0
       0
       0
       0
       0
       0
       0
       0
       0
       0
       0
       0
       0
       0
       0
       0
       0
       0
       0
       0
       0
       0
       0
       0
       0
       0
       0
       0
       0
       0
       0
       0
       0
       0
       0
       0
       0
       0
       0
       0
       0
       0
       0
       0
       0
       0
       0
       0
       0
       0
       0
       0
       0
       0
       0
       1
       0
       0
       0
       1
       1
       0
       0
       1
       0
       0
       0
       1
       1
       3
       0
       0
       0
       0
       0
       0
       0
       0
       0
       0
       0
       0
       0
       0
       0
       0
       0
       0
       0
       0
       0
       0
       0
       0
       0
       0
       0
       0
       0
       0
       0
       0
       0
       0
       0
       0
       0
       0
       0
       0
       0
       0
       0
       0
       0
       0
       0
       0
       0
       0
       0
       0
       0
       0
       0
       0
       0
       0
       0
       0
       0
       0
       0
       0
       0
       0
       0
       0
       0
       0
       0
       0
       0
       0
       0
       0
       0
       0
       0
       0
       0
       0
       0
       0
       0
       0
       0
       0
       0
       0
       0
       0
       0
       0
       0
       0
       0
       0
       0
       0
       0
       0
       0
       0
       0
       0
       0
       0
       0
       0
       0
       0
       0
       0
       0
       0
       0
       0
       0
       0
       0
       0
       0
       0
       0
       0
       0
       0
       0
       0
       0
       0
       0
       0
       0
       0
       0
       0
       0
       0
       0
       0
       0
       0
       0
       0
       0
       0
       0
       0
       0
       0
       0
       0
       0
       0
       0
       0
       0
       0
       0
       0
       0
       0
       0
       0
       0
       0
       0
       0
       0
       0
       0
       0
       0
       0
       0
       0
       0
       0
       0
       1
       0
       0
       0
       0
       0
       0
       0
       0
       0
       0
       0
       0
       0
       0
       0
       0
       0
       0
       0
       0
       0
       0
       0
       0
       0
       0
       0
       0
       0
       0
       0
       0
       0
       0
       0
       0
       0
       0
       0
       0
       0
       0
       0
       0
       0
       0
       0
       0
       0
       0
       1
       0
       0
       0
       0
       0
       0
       0
       0
       0
       0
       0
       0
       0
       0
       0
       0
       0
       0
       0
       0
       0
       0
       0
       0
       0
       0
       0
       0
       0
       1
       0
       0
       0
       0
       0
       0
       0
       0
       0
       0
       0
       0
       0
       0
       0
       0
       0
       0
       0
       0
       0
       0
       0
       0
       0
       0
       0
       0
       0
       0
       0
       0
       0
       0
       0
       0
       0
       0
       0
       1
       1
       0
       0
       0
       0
       0
       0
       0
       0
       0
       0
       0
       0
       0
       0
       0
       0
       0
       0
       0
       1
       0
       0
       0
       0
       0
       0
       0
       0
       0
       0
       0
       1
       0
       0
       0
       0
       0
       0
       0
       0
       0
       0
       0
       1
       0
       0
       0
       0
       0
       0
       0
       1
       0
       0
       0
       0
       0
       0
       0
       0
       0
       0
       0
       0
       0
       0
       0
       0
       0
       0
       0
       0
       0
       0
       0
       0
       0
       0
       0
       0
       0
       0
       0
       0
       0
       0
       0
       0
       0
       0
       0
       0
       0
       0
       0
       0
       0
       0
       0
       0
       0
       0
       0
       0
       0
       0
       0
       0
       0
       0
       0
       0
       0
       0
       0
       0
       0
       0
       0
       0
       0
       0
       0
       0
       0
       0
       0
       0
       0
       0
       0
       0
       0
       1
       0
       0
       0
       0
       0
       0
       0
       0
       0
       0
       0
       0
       0
       0
       0
       0
       0
       0
       0
       0
       0
       0
       0
       0
       0
       0
       0
       0
       0
       0
       0
       0
       0
       0
       0
       0
       0
       0
       0
       0
       0
       0
       0
       0
       0
       0
       0
       0
       0
       0
       0
       0
       0
       0
       0
       0
       0
       0
       0
       0
       0
       0
       0
       0
       0
       0
       0
       0
       0
       0
       0
       0
       0
       0
       0
       0
       0
       0
       0
       0
       0
       0
       0
       0
       0
       0
       0
       0
       0
       0
       0
       0
       0
       0
       0
       0
       0
       0
       0
       0
       0
       0
       0
       0
       0
       0
       0
       0
       0
       0
       1
       0
       0
       0
       0
       0
       0
       0
       0
       0
       0
       0
       0
       0
       0
       0
       0
       0
       0
       1
       0
       0
       0
       0
       0
       0
       0
       0
       0
       0
       0
       0
       0
       0
       0
       0
       0
       0
       0
       0
       0
       0
       0
       0
       0
       0
       0
       0
       0
       0
       0
       0
       0
       0
       0
       0
       0
       0
       0
       0
       0
       0
       0
       0
       0
       0
       0
       0
       0
       0
       0
       0
       0
       0
       0
       1
       0
       0
       0
       0
       0
       0
       0
       0
       0
       0
       1
       0
       0
       0
       0
       0
       0
       0
       0
       0
       0
       0
       0
       0
       0
       0
       0
       0
       1
       0
       0
       0
       0
       0
       0
       0
       0
       0
       0
       0
       0
       0
       0
       0
       0
       0
       0
       0
       0
       0
       0
       0
       0
       1
       0
       0
       0
       0
       0
       0
       0
       0
       1
       0
       0
       0
       0
       0
       0
       0
       0
       0
       0
       0
       0
       0
       0
       0
       0
       0
       0
       0
       0
       0
       0
       0
       0
       0
       0
       0
       0
       0
       0
       0
       0
       0
       0
       0
       0
       0
       0
       0
       0
       0
       0
       0
       0
       0
       0
       0
       0
       0
       0
       0
       0
       0
       0
       0
       0
       0
       0
       0
       0
       0
       0
       0
       0
       0
       0
       0
       0
       0
       0
       0
       0
       0
       0
       0
       0
       1
       0
       0
       0
       0
       0
       0
       0
       0
       0
       0
       0
       0
       0
       1
       0
       0
       0
       0
       0
       1
       0
       0
       0
       0
       0
       0
       0
       0
       0
       0
       0
       0
       0
       0
       0
       0
       0
       0
       0
       0
       0
       0
       0
       0
       0
       0
       0
       0
       0
       0
       0
       0
       0
       0
       0
       0
       0
       0
       0
       0
       0
       0
       0
       0
       0
       0
       0
       0
       0
       0
       0
       0
       0
       0
       0
       0
       0
       0
       0
       0
       0
       0
       0
       0
       0
       0
       1
       0
       0
       0
       0
       0
       0
       0
       0
       0
       0
       0
       0
       0
       0
       0
       0
       0
       0
       0
       0
       0
       0
       0
       0
       0
       0
       0
       0
       0
       0
       0
       0
       0
       0
       0
       0
       0
       0
       0
       0
       0
       0
       0
       0
       0
       0
       0
       0
       0
       0
       0
       0
       0
       0
       0
       0
       0
       0
       1
       0
       0
       0
       0
       0
       0
       0
       0
       0
       0
       0
       0
       0
       0
       0
       0
       0
       0
       0
       0
       0
       0
       0
       0
       0
       0
       0
       0
       0
       1
       0
       0
       0
       0
       0
       0
       0
       0
       1
       0
       0
       0
       0
       0
       0
       0
       0
       0
       0
       0
       0
       1
       1
       0
       0
       0
       0
       0
       0
       0
       0
       0
       0
       0
       0
       0
       0
       0
       0
       0
       0
       0
       0
       0
       0
       0
       0
       0
       0
       0
       0
       0
       0
       0
       0
       0
       0
       0
       0
       0
       0
       0
       0
       0
       0
       0
       0
       0
       0
       0
       0
       0
       0
       0
       0
       0
       0
       0
       0
       0
       0
       0
       0
       0
       0
       0
       0
       0
       0
       0
       0
       0
       0
       0
       0
       0
       0
       0
       0
       0
       0
       0
       0
       0
       0
       0
       0
       0
       0
       0
       0
       0
       0
       0
       0
       0
       0
       0
       0
       0
       0
       0
       0
       0
       0
       0
       0
       0
       0
       0
       0
       0
       0
       0
       0
       0
       0
       0
       0
       0
       0
       0
       0
       0
       0
       0
       0
       0
       0
       0
       1
       0
       0
       0
       0
       0
       0
       0
       0
       1
       0
       0
       0
       0
       0
       0
       0
       0
       0
       0
       0
       0
       0
       0
       0
       0
       0
       0
       0
       0
       0
       0
       0
       0
       0
       0
       0
       0
       0
       0
       0
       0
       0
       0
       0
       0
       0
       0
       0
       0
       0
       0
       0
       0
       0
       0
       0
       0
       0
       0
       0
       0
       0
       0
       0
       0
       0
       0
       0
       0
       0
       0
       0
       0
       0
       0
       0
       0
       0
       0
       0
       0
       0
       0
       0
       0
       0
       0
       0
       0
       0
       0
       0
       0
       0
       0
       0
       0
       0
       0
       0
       0
       0
       0
       0
       0
       0
       0
       0
       0
       0
       0
       0
       0
       0
       0
       0
       0
       0
       0
       0
       0
       0
       0
       0
       0
       0
       0
       0
       0
       0
       1
       0
       0
       0
       0
       0
       0
       0
       0
       0
       0
       0
       0
       0
       0
       0
       0
       0
       0
       0
       0
       0
       0
       0
       0
       0
       0
       0
       0
       0
       0
       0
       0
       0
       0
       0
       0
       0
       0
       0
       0
       0
       0
       0
       0
       0
       0
       0
       0
$ROI:
11
224 244
765 907
1350 1411
1828 1908
2525 2667
2716 2799
3716 3817
4331 4427
4564 4622
5085 5259
5690 5768
$PRESETS:
Live Time
100
0
$ENER_FIT:
0.053689 0.255148
$MCA_CAL:
3
5.368913E-002 2.551478E-001 -1.853380E-009 keV
$SHAPE_CAL:
3
6.992400E+000 7.812671E-004 -3.508660E-008
