$SPEC_ID:
No sample description was entered.
$SPEC_REM:
DET# 1
DETDESC# GMX20P4 HPGe
AP# Maestro Version 7.01
$DATE_MEA:
11/23/2018 17:10:01
$MEAS_TIM:
100 100
$DATA:
0 8191
       0
       0
       0
       0
       0
       0
       0
       0
       0
       0
       0
       0
       0
       0
       0
       0
       0
       0
       0
       0
       0
       0
       0
       0
       0
       0
       0
       0
       0
       0
       0
       0
       0
       0
       0
       0
       0
       0
       0
       0
       0
       0
       0
       0
       0
       0
       0
       0
      19
     127
     429
     724
     954
    1095
    1131
    1134
     931
     774
     616
     495
     487
     480
     591
     776
    1069
    1337
    1585
    1843
    1965
    1971
    1752
    1456
    1021
     787
     530
     393
     325
     343
     420
     485
     542
     569
     554
     523
     443
     340
     274
     179
     123
      72
      78
      59
      69
      58
      68
     103
     106
     119
     171
     201
     270
     297
     342
     341
     277
     263
     161
     122
      83
      50
      40
      15
      13
      13
      15
      19
      15
       9
      15
      10
      14
      17
      18
      27
      23
      20
      30
      33
      20
      34
      40
      33
      20
      28
      30
      16
      34
      23
      12
      15
      22
      15
      22
      23
      31
      31
      28
      27
      31
      30
      28
      31
      40
      36
      34
      47
      51
      43
      44
      55
      60
      47
      73
      64
      69
      81
      90
      95
     104
     112
      99
     104
     104
     113
     118
     111
     113
     108
     121
     121
     131
     125
     153
     135
     145
     183
     168
     236
     232
     270
     299
     304
     318
     332
     369
     356
     362
     370
     412
     394
     418
     464
     431
     482
     466
     438
     466
     427
     428
     420
     479
     410
     439
     426
     399
     381
     364
     359
     350
     311
     333
     294
     316
     321
     381
     461
     689
    1090
    1673
    2560
    3500
    4406
    5025
    5248
    4991
    4275
    3202
    2244
    1462
     810
     434
     184
      89
      44
      18
      17
      11
      17
      13
      23
       8
      13
      17
      17
      13
      19
      26
      17
      13
      10
      10
      13
      12
      18
      15
      11
      15
      11
      16
      25
      21
      13
      12
      18
      17
      17
      16
      16
      16
      16
      12
      15
      11
       9
      14
      21
      14
      23
      17
      16
      14
      17
      19
      26
      18
      12
      28
      18
      24
      15
      21
      13
      11
      19
      21
      22
       8
      20
      11
      13
      15
      12
      14
      17
      15
      17
      15
      26
      12
      18
      14
      21
      20
      19
      13
       9
      20
      14
      19
      14
      22
      10
      19
      25
      17
      13
      21
      28
      18
      15
      16
      18
      14
      18
      23
      12
      13
      19
      24
      15
      18
      14
      14
      13
      23
      25
      15
      19
      15
      12
      11
      14
      16
      13
      18
      25
      16
      14
      13
      13
      16
      15
      12
      17
      16
      15
      15
      15
      29
      18
      13
      25
      21
      19
      19
      24
      19
      11
      18
      16
      15
      19
      12
      14
      16
      16
       9
      11
      14
      14
      13
      14
      15
      13
      20
      16
      17
      17
      13
      10
      19
       9
      18
      11
      15
      25
      15
      21
       8
      12
      15
      10
      12
      17
      17
       6
      19
      14
      20
      14
      19
      13
      17
      13
      16
      16
      20
      10
      17
      16
       7
      17
      14
      14
       8
      15
      17
      11
      11
      11
      13
      15
      13
      18
       7
      11
      14
      11
      13
      14
      17
      15
       6
      19
      13
      14
      13
      10
      15
      15
      22
      15
       8
      10
      15
      11
      12
       9
       9
      14
      12
      13
      16
      13
      15
      19
      14
      10
      13
      10
      11
       3
      11
      13
       9
      10
       9
       6
      13
      11
      11
      13
      14
      10
      19
      12
      16
       9
      10
      14
      12
      12
      10
       8
       9
      14
       6
      12
      13
      15
       9
       8
       7
      14
      11
      12
      18
       6
      15
      14
      12
      12
      13
      14
       6
       3
       8
       8
       7
      14
      11
       9
      13
      13
       9
       8
       6
      19
       8
      17
      15
      13
       8
       4
      12
      12
      10
      13
      13
      10
      11
      14
      10
      11
       8
       7
      12
      12
       8
       8
      15
       7
       9
      11
      15
       6
      14
      13
      11
      10
      15
       6
      13
       6
      10
      14
       1
       8
      13
       8
      10
       8
       8
       7
      11
       9
      16
      10
       7
      11
      16
       5
       3
       6
      13
       8
      10
       9
      15
       9
       5
       9
       5
       6
      16
      11
       8
      11
       5
       7
       5
      12
       6
      11
      11
       8
       5
       9
      10
       9
       6
      11
      15
       7
       7
       6
       6
       4
      16
       9
       6
       1
       9
      10
      12
       6
      12
       8
       9
       9
       4
       6
       7
       4
       6
       7
      10
       7
      11
       9
       7
       5
       5
       9
       5
       8
       7
       6
       8
       6
       2
       5
      11
      10
      12
      13
       6
       3
       5
       9
       7
       7
       4
       6
       8
       5
       3
      10
       8
       3
       9
       6
       8
       4
       6
       6
       5
       5
       9
      10
       6
       2
       4
      10
       5
       8
       8
       4
       5
       9
       5
       7
       4
       5
       2
      10
       8
       5
       9
       9
       3
       3
       5
       6
       2
       9
      11
       5
       9
       6
       7
      12
       8
       8
      12
      11
       3
       6
      11
       6
       7
      11
       6
      12
       7
       6
       6
       8
       4
       9
       5
       4
       9
       3
       5
       2
       7
       6
       3
       7
       7
       5
       6
       9
       4
      13
       6
       5
       3
      11
       8
       5
       3
       6
       6
       2
       4
       8
       7
       9
       9
       9
       5
      11
       6
       3
       6
       4
       8
       2
       4
       8
       3
       4
       6
       7
       5
       4
       9
       8
       4
       6
       4
       1
       5
       5
       6
       2
       3
       3
       5
       4
       8
       5
       1
       7
       6
       5
       8
       4
       8
       5
       9
       4
       7
       4
       4
       7
       3
       2
       5
       3
       9
       9
       3
       1
       3
       6
       4
      10
       7
       4
       3
       3
       4
       6
       3
       6
       2
       3
       4
       6
       4
       5
       5
       2
       9
       3
       2
       5
       4
       5
      11
       5
       4
       1
       5
       3
       6
       6
       4
       4
       4
       3
       5
       6
       4
       4
       3
       6
       3
       6
       5
       5
       3
       6
       3
       2
       3
       1
       6
       6
       2
       2
       9
       1
       3
       5
       4
       5
       2
       7
       7
       5
       3
       3
       4
       3
       5
       5
       3
       4
       4
       4
       6
       5
       5
       3
       4
       5
       5
       3
       3
       5
       3
       9
       8
       1
       3
       7
       3
       5
       6
       5
       6
      12
       9
       8
       2
       4
       8
       4
       1
       2
       5
       7
       3
       5
       5
       9
       3
       2
       4
       6
       3
       5
       6
       2
       4
       8
       5
       0
       9
       5
       1
       5
       2
       6
       1
       2
       5
       5
       1
       6
       4
       1
       5
       3
       4
       2
       2
       1
       0
       2
       5
       3
       4
       3
       6
       2
       3
       3
       1
       2
       7
       3
       4
       2
       3
       2
       4
       2
       4
      11
       0
       2
       2
       3
       5
       5
       3
       4
       5
       3
       6
       3
       4
       1
       3
       6
       4
       5
       7
       4
       5
       3
       2
       2
       0
       1
       0
       4
       4
       3
       4
       4
       1
       4
       4
       5
       4
       5
       1
       4
       7
       4
       1
       2
       3
       4
       2
       1
       1
       3
       5
       4
       3
       2
       3
       1
       3
       2
       3
       3
       2
       2
       2
       3
       2
       4
       2
       2
       4
       2
       1
       2
       1
       6
       5
       2
       1
       2
       3
       7
       3
       6
       1
       2
       3
       1
       1
       3
       2
       4
       6
       2
       5
       4
       3
       1
       1
       3
       3
       2
       0
       2
       3
       0
       1
       1
       4
       1
       1
       4
       1
       3
       3
       6
       1
       1
       3
       1
       3
       7
       5
       1
       2
       4
       3
       0
       1
       5
       5
       3
       2
       1
       1
       5
       1
       3
       4
       0
       5
       1
       0
       2
       3
       3
       1
       2
       3
       5
       4
       4
       3
       5
       5
       7
       4
       7
       7
       1
       3
       4
       3
       1
       3
       2
       4
       3
       1
       4
       2
       2
       2
       4
       2
       4
       2
       1
       2
       1
       3
       4
       4
       3
       1
       2
       2
       0
       2
       3
       2
       3
       4
       1
       1
       4
       3
       1
       0
       2
       1
       1
       1
       3
       2
       2
       2
       3
       0
       3
       5
       4
       0
       1
       1
       0
       4
       4
       3
       0
       2
       2
       1
       3
       0
       0
       1
       2
       2
       2
       0
       2
       1
       3
       2
       0
       2
       1
       6
       0
       3
       1
       1
       4
       4
       1
       5
       1
       0
       5
       3
       1
       4
       1
       2
       4
       6
       2
       7
       2
       1
       3
       3
       2
       1
       1
       4
       2
       3
       2
       1
       3
       2
       2
       1
       3
       2
       2
       2
       2
       2
       2
       1
       4
       4
       1
       1
       4
       2
       1
       0
       2
       1
       5
       4
       2
       2
       1
       2
       0
       2
       4
       1
       1
       2
       1
       2
       0
       2
       6
       1
       2
       3
       2
       2
       0
       1
       1
       0
       1
       4
       6
       0
       2
       1
       2
       0
       0
       3
       2
       0
       2
       1
       4
       3
       2
       5
       1
       2
       0
       1
       0
       1
       3
       3
       2
       1
       3
       6
       1
       2
       3
       3
       3
       0
       2
       1
       1
       1
       0
       1
       1
       1
       2
       1
       3
       1
       0
       2
       0
       2
       2
       3
       2
       2
       8
       8
       7
       6
      13
       6
       8
       4
       2
       2
       3
       0
       0
       0
       0
       2
       1
       1
       1
       3
       1
       2
       2
       1
       2
       2
       0
       3
       1
       2
       4
       2
       0
       0
       1
       1
       4
       4
       2
       1
       1
       1
       0
       1
       3
       2
       0
       1
       0
       0
       0
       3
       4
       0
       0
       2
       1
       0
       0
       2
       1
       2
       5
       1
       0
       1
       0
       1
       0
       3
       0
       0
       2
       3
       3
       4
       1
       2
       1
       1
       0
       0
       1
       1
       2
       2
       2
       1
       0
       2
       0
       0
       0
       3
       1
       0
       0
       3
       3
       1
       1
       0
       2
       2
       1
       0
       2
       2
       0
       0
       0
       0
       0
       1
       2
       1
       0
       5
       3
       2
       4
       1
       6
       1
       2
       3
       2
       3
       2
       2
       2
       1
       0
       0
       1
       0
       2
       1
       0
       3
       0
       3
       3
       4
       4
       3
       1
       2
       1
       2
       0
       3
       1
       0
       3
       1
       2
       1
       2
       2
       0
       1
       1
       2
       3
       2
       0
       3
       2
       0
       0
       2
       2
       0
       1
       1
       0
       3
       0
       0
       0
       1
       2
       0
       0
       0
       2
       2
       1
       1
       1
       0
       0
       0
       4
       1
       0
       2
       2
       2
       1
       1
       2
       1
       1
       0
       1
       1
       3
       2
       2
       1
       2
       1
       2
       2
       2
       3
       2
       2
       0
       1
       3
       2
       0
       1
       0
       2
       4
       0
       1
       1
       2
       0
       1
       2
       1
       2
       1
       3
       4
       1
       2
       1
       2
       0
       1
       2
       0
       2
       2
       0
       0
       2
       3
       2
       0
       0
       0
       2
       1
       1
       3
       1
       0
       1
       1
       0
       0
       0
       0
       0
       1
       2
       0
       2
       3
       0
       0
       0
       1
       1
       2
       1
       1
       0
       3
       1
       1
       0
       1
       1
       1
       1
       0
       0
       2
       1
       1
       1
       0
       0
       2
       1
       1
       0
       2
       1
       2
       1
       0
       2
       1
       2
       2
       0
       0
       1
       1
       1
       1
       1
       1
       0
       0
       0
       1
       1
       1
       2
       0
       2
       0
       1
       0
       0
       1
       2
       4
       0
       1
       2
       2
       0
       6
       2
       3
       1
       0
       0
       0
       0
       2
       2
       1
       0
       1
       0
       0
       3
       0
       1
       2
       3
       1
       0
       3
       0
       2
       0
       0
       1
       2
       1
       1
       2
       3
       1
       0
       2
       1
       0
       2
       2
       3
       0
       0
       2
       1
       2
       0
       1
       2
       3
       1
       0
       1
       1
       2
       5
       0
       2
       0
       0
       2
       1
       2
       0
       2
       1
       2
       1
       0
       0
       2
       0
       0
       0
       1
       1
       0
       0
       0
       0
       0
       0
       1
       0
       1
       1
       1
       1
       0
       0
       0
       1
       4
       6
       0
       2
       0
       2
       0
       2
       1
       0
       0
       1
       1
       0
       1
       2
       1
       2
       2
       4
       0
       1
       1
       1
       3
       3
       0
       2
       0
       1
       3
       1
       0
       0
       1
       1
       2
       0
       0
       0
       2
       3
       1
       1
       0
       0
       0
       1
       1
       2
       1
       0
       1
       0
       0
       0
       1
       0
       1
       0
       3
       1
       0
       0
       2
       1
       0
       0
       0
       1
       1
       1
       2
       0
       2
       1
       3
       1
       0
       3
       0
       1
       1
       1
       0
       2
       2
       0
       2
       2
       1
       0
       0
       2
       1
       0
       0
       0
       2
       1
       1
       0
       2
       0
       1
       0
       1
       3
       1
       1
       2
       1
       2
       0
       2
       2
       2
       0
       1
       2
       0
       0
       0
       1
       1
       0
       1
       0
       0
       1
       1
       0
       0
       1
       1
       2
       2
       4
       2
       0
       0
       0
       1
       0
       1
       0
       0
       0
       2
       1
       0
       2
       0
       4
       2
       0
       2
       2
       2
       1
       1
       1
       0
       1
       0
       1
       1
       0
       0
       0
       0
       1
       1
       2
       1
       0
       0
       2
       0
       1
       0
       3
       5
       3
       1
       2
       1
       2
       1
       3
       4
       4
       1
       1
       2
       3
       1
       0
       1
       1
       1
       2
       1
       0
       1
       2
       2
       0
       0
       0
       0
       1
       1
       2
       1
       0
       1
       1
       0
       2
       1
       1
       0
       1
       1
       1
       0
       0
       0
       1
       1
       0
       1
       0
       2
       0
       1
       1
       3
       1
       1
       1
       2
       1
       0
       1
       1
       1
       2
       0
       1
       1
       1
       2
       1
       0
       1
       0
       0
       1
       2
       0
       0
       2
       0
       0
       0
       0
       0
       1
       0
       0
       1
       2
       0
       1
       1
       1
       0
       1
       1
       0
       1
       1
       2
       0
       1
       0
       2
       2
       0
       0
       3
       1
       1
       2
       1
       0
       0
       0
       0
       1
       0
       0
       2
       0
       1
       0
       0
       0
       2
       0
       2
       0
       0
       0
       0
       0
       0
       1
       1
       0
       0
       0
       2
       0
       0
       1
       1
       3
       3
       0
       0
       0
       0
       1
       0
       2
       0
       0
       1
       1
       0
       0
       0
       1
       0
       0
       1
       1
       1
       1
       0
       1
       1
       2
       0
       1
       2
       1
       0
       0
       2
       1
       0
       1
       0
       2
       1
       1
       0
       1
       5
       1
       1
       1
       1
       2
       0
       1
       1
       0
       0
       0
       0
       1
       0
       1
       1
       0
       1
       1
       1
       0
       0
       0
       1
       0
       1
       0
       0
       1
       1
       0
       1
       1
       3
       1
       0
       0
       2
       0
       0
       3
       0
       0
       0
       0
       0
       1
       2
       0
       0
       2
       1
       0
       0
       0
       0
       0
       0
       0
       0
       2
       1
       1
       2
       1
       1
       0
       0
       2
       0
       1
       0
       0
       0
       0
       1
       0
       0
       1
       0
       1
       2
       1
       1
       0
       0
       0
       1
       1
       2
       0
       1
       0
       1
       1
       1
       0
       3
       0
       2
       3
       1
       2
       2
       0
       0
       1
       0
       1
       1
       0
       1
       0
       0
       1
       0
       0
       1
       0
       2
       2
       1
       1
       0
       1
       1
       1
       0
       0
       0
       1
       0
       1
       2
       0
       1
       3
       0
       0
       0
       0
       1
       0
       1
       0
       0
       1
       0
       0
       1
       0
       0
       0
       0
       1
       1
       3
       1
       0
       1
       0
       1
       1
       0
       0
       0
       0
       0
       0
       0
       0
       2
       0
       0
       0
       0
       0
       1
       0
       1
       0
       1
       2
       1
       0
       1
       0
       0
       1
       0
       1
       1
       1
       0
       1
       2
       4
       3
       2
       5
       7
       6
       3
       4
       2
       3
       6
       2
       1
       0
       1
       0
       0
       0
       0
       1
       1
       0
       0
       1
       0
       0
       2
       1
       0
       0
       0
       0
       0
       2
       0
       1
       0
       0
       0
       0
       0
       0
       0
       0
       2
       0
       2
       0
       0
       0
       2
       0
       1
       0
       0
       0
       0
       0
       1
       1
       0
       1
       0
       0
       0
       1
       0
       0
       1
       0
       1
       1
       1
       0
       1
       0
       0
       1
       1
       0
       1
       0
       1
       0
       0
       0
       0
       0
       1
       0
       2
       1
       0
       0
       0
       1
       1
       0
       0
       0
       0
       0
       1
       1
       0
       0
       1
       2
       0
       0
       0
       1
       1
       0
       1
       0
       0
       1
       1
       0
       0
       1
       1
       2
       0
       0
       0
       2
       1
       0
       1
       1
       0
       0
       0
       1
       0
       0
       0
       2
       1
       1
       0
       0
       0
       0
       1
       1
       0
       1
       0
       1
       1
       1
       0
       0
       1
       0
       1
       0
       0
       0
       0
       0
       0
       1
       0
       0
       0
       0
       2
       0
       0
       0
       0
       0
       0
       2
       0
       1
       0
       1
       1
       0
       0
       2
       0
       0
       0
       0
       1
       0
       0
       0
       0
       0
       0
       1
       0
       1
       1
       0
       0
       1
       1
       1
       0
       0
       2
       0
       0
       0
       1
       0
       1
       0
       1
       0
       0
       0
       0
       1
       0
       0
       0
       0
       0
       0
       0
       0
       0
       0
       0
       1
       1
       1
       0
       1
       0
       0
       1
       0
       0
       0
       1
       0
       0
       0
       0
       0
       0
       0
       0
       1
       1
       1
       1
       0
       0
       0
       0
       1
       0
       0
       0
       0
       2
       1
       0
       0
       1
       0
       0
       0
       0
       0
       0
       0
       1
       1
       0
       1
       1
       0
       0
       0
       0
       0
       0
       0
       1
       0
       2
       2
       0
       0
       1
       0
       3
       0
       0
       0
       0
       2
       1
       0
       0
       0
       0
       0
       0
       1
       0
       1
       1
       1
       1
       0
       0
       0
       1
       0
       0
       0
       1
       2
       1
       0
       1
       0
       0
       0
       0
       0
       0
       0
       0
       1
       0
       0
       0
       1
       2
       0
       0
       1
       0
       1
       0
       2
       1
       0
       1
       0
       0
       1
       0
       1
       0
       2
       0
       1
       0
       1
       0
       0
       1
       0
       0
       0
       0
       0
       0
       0
       1
       0
       0
       0
       0
       1
       0
       1
       2
       0
       0
       1
       0
       1
       0
       0
       1
       0
       0
       0
       1
       1
       0
       0
       0
       1
       0
       0
       0
       0
       0
       0
       1
       0
       1
       0
       1
       0
       0
       0
       0
       0
       0
       0
       0
       1
       1
       0
       1
       1
       0
       1
       0
       0
       3
       1
       1
       0
       0
       0
       0
       0
       0
       0
       2
       1
       1
       0
       0
       0
       0
       0
       0
       0
       1
       1
       1
       0
       0
       0
       1
       1
       2
       0
       0
       0
       1
       1
       0
       0
       0
       2
       0
       0
       2
       1
       0
       0
       0
       0
       1
       1
       0
       0
       2
       0
       0
       0
       1
       1
       0
       0
       0
       0
       0
       0
       0
       0
       0
       0
       1
       0
       2
       0
       0
       1
       0
       0
       1
       0
       2
       0
       1
       0
       0
       0
       0
       0
       1
       0
       1
       1
       1
       0
       0
       0
       0
       0
       1
       0
       0
       0
       0
       0
       0
       0
       1
       0
       1
       0
       0
       0
       1
       0
       1
       0
       0
       0
       0
       0
       0
       0
       0
       0
       1
       0
       1
       2
       0
       0
       0
       0
       0
       0
       1
       0
       0
       0
       0
       0
       0
       1
       0
       0
       0
       0
       0
       1
       0
       0
       0
       0
       0
       0
       2
       1
       0
       0
       0
       1
       0
       0
       0
       0
       0
       1
       0
       1
       1
       0
       1
       0
       0
       1
       0
       1
       0
       0
       0
       0
       0
       0
       1
       0
       0
       1
       0
       0
       0
       0
       0
       0
       0
       1
       0
       0
       0
       0
       0
       0
       0
       2
       0
       0
       0
       1
       0
       1
       0
       0
       1
       0
       0
       0
       0
       0
       0
       0
       0
       1
       0
       0
       0
       0
       0
       0
       2
       1
       1
       1
       0
       0
       0
       1
       0
       0
       0
       0
       0
       1
       0
       0
       0
       0
       1
       1
       1
       0
       0
       1
       3
       0
       0
       0
       0
       2
       1
       0
       0
       1
       2
       0
       1
       0
       4
       0
       0
       0
       0
       0
       3
       0
       0
       0
       0
       0
       0
       0
       0
       0
       0
       0
       0
       0
       1
       0
       1
       0
       0
       0
       1
       0
       0
       0
       2
       1
       1
       0
       2
       0
       0
       0
       0
       0
       0
       0
       1
       1
       1
       0
       1
       0
       0
       0
       0
       0
       1
       1
       1
       0
       1
       0
       0
       1
       1
       2
       1
       0
       0
       1
       1
       1
       0
       0
       0
       1
       0
       0
       0
       0
       0
       2
       0
       1
       0
       1
       1
       0
       2
       0
       1
       0
       3
       1
       2
       0
       2
       1
       1
       0
       1
       0
       0
       0
       0
       1
       0
       0
       0
       0
       0
       1
       0
       1
       0
       1
       1
       0
       0
       1
       1
       1
       1
       1
       0
       0
       1
       0
       3
       0
       0
       1
       1
       0
       0
       0
       1
       0
       0
       1
       3
       0
       0
       0
       0
       0
       0
       0
       0
       0
       1
       0
       0
       0
       1
       0
       2
       0
       0
       0
       1
       0
       0
       0
       0
       1
       0
       0
       0
       0
       1
       1
       1
       0
       0
       0
       0
       0
       0
       1
       0
       1
       0
       0
       0
       0
       0
       1
       0
       0
       0
       0
       0
       0
       0
       0
       1
       0
       1
       0
       1
       0
       0
       1
       0
       1
       1
       1
       0
       1
       0
       0
       2
       1
       1
       0
       0
       1
       0
       0
       0
       1
       1
       0
       0
       0
       0
       0
       1
       2
       0
       0
       0
       1
       0
       1
       0
       1
       1
       0
       0
       1
       0
       0
       0
       1
       0
       0
       1
       0
       0
       1
       1
       1
       0
       0
       0
       0
       0
       0
       1
       1
       0
       0
       1
       0
       0
       0
       0
       0
       1
       0
       0
       0
       0
       2
       1
       0
       0
       0
       1
       0
       0
       0
       0
       0
       0
       0
       0
       0
       0
       0
       0
       1
       0
       0
       1
       1
       0
       1
       1
       0
       1
       2
       2
       0
       0
       1
       0
       0
       0
       1
       2
       0
       0
       0
       1
       0
       0
       0
       0
       0
       1
       0
       0
       1
       2
       1
       0
       1
       0
       1
       0
       0
       0
       2
       1
       0
       0
       0
       0
       0
       1
       0
       0
       0
       0
       0
       0
       0
       0
       0
       1
       0
       0
       1
       0
       0
       0
       1
       2
       0
       1
       0
       0
       2
       0
       1
       0
       1
       0
       0
       0
       0
       0
       0
       1
       0
       0
       1
       0
       0
       1
       0
       0
       0
       0
       0
       0
       0
       0
       0
       0
       0
       0
       0
       0
       0
       1
       0
       0
       0
       0
       0
       1
       0
       0
       0
       0
       0
       0
       3
       0
       0
       0
       2
       1
       0
       0
       0
       0
       0
       0
       0
       0
       1
       0
       1
       1
       0
       0
       1
       0
       0
       1
       1
       0
       0
       1
       0
       1
       0
       2
       0
       0
       0
       0
       0
       1
       0
       2
       0
       0
       2
       1
       0
       0
       0
       0
       0
       1
       2
       0
       0
       0
       0
       0
       0
       0
       0
       1
       1
       0
       0
       0
       0
       0
       0
       0
       0
       0
       1
       0
       1
       0
       0
       1
       0
       0
       0
       0
       0
       0
       0
       2
       0
       0
       0
       0
       0
       0
       0
       1
       2
       3
       0
       1
       0
       2
       0
       0
       2
       0
       0
       0
       0
       0
       1
       0
       0
       0
       0
       1
       0
       0
       0
       0
       0
       0
       0
       0
       0
       0
       0
       2
       0
       0
       0
       1
       0
       1
       0
       0
       0
       1
       0
       1
       0
       1
       0
       1
       0
       1
       0
       0
       0
       1
       0
       0
       1
       0
       1
       1
       1
       0
       0
       0
       0
       0
       0
       0
       0
       0
       0
       1
       0
       0
       1
       0
       0
       0
       0
       0
       0
       0
       0
       0
       1
       0
       0
       1
       0
       0
       0
       0
       1
       0
       0
       1
       0
       0
       0
       0
       0
       1
       1
       1
       0
       0
       0
       0
       0
       0
       2
       0
       1
       0
       0
       0
       0
       0
       1
       0
       0
       2
       1
       0
       1
       0
       0
       0
       0
       0
       0
       0
       1
       2
       1
       0
       0
       0
       2
       0
       0
       0
       1
       0
       0
       1
       0
       0
       0
       3
       0
       0
       0
       0
       0
       0
       0
       1
       0
       1
       0
       0
       0
       1
       1
       0
       0
       0
       0
       1
       0
       0
       0
       0
       0
       0
       1
       1
       0
       0
       1
       1
       1
       0
       1
       0
       0
       0
       0
       0
       0
       1
       1
       1
       1
       1
       0
       0
       0
       0
       0
       2
       0
       0
       1
       0
       0
       1
       0
       0
       1
       0
       1
       1
       0
       1
       2
       0
       1
       1
       1
       0
       1
       0
       0
       1
       0
       2
       2
       1
       0
       1
       2
       0
       0
       1
       0
       1
       0
       0
       0
       1
       0
       0
       0
       0
       1
       2
       0
       1
       0
       0
       0
       2
       0
       0
       0
       0
       1
       0
       1
       1
       0
       0
       1
       0
       0
       1
       0
       0
       0
       2
       0
       0
       0
       0
       0
       0
       0
       1
       0
       0
       0
       0
       0
       0
       0
       0
       0
       3
       2
       0
       0
       0
       0
       0
       1
       0
       1
       0
       0
       1
       1
       0
       0
       0
       0
       0
       0
       0
       0
       0
       0
       0
       1
       0
       0
       0
       0
       1
       0
       0
       0
       1
       0
       0
       0
       0
       0
       0
       0
       0
       1
       1
       0
       0
       0
       0
       1
       0
       0
       0
       0
       0
       0
       2
       0
       0
       0
       0
       0
       1
       0
       0
       0
       0
       0
       2
       0
       0
       0
       1
       0
       1
       2
       0
       0
       0
       0
       0
       0
       0
       1
       0
       0
       0
       0
       0
       0
       0
       0
       0
       1
       0
       0
       1
       0
       0
       0
       0
       1
       0
       1
       0
       0
       1
       0
       1
       0
       1
       0
       1
       0
       0
       0
       1
       0
       0
       1
       1
       0
       0
       0
       0
       0
       0
       2
       0
       0
       1
       1
       0
       0
       0
       0
       1
       0
       0
       1
       1
       0
       0
       0
       1
       0
       0
       0
       0
       0
       1
       0
       0
       0
       0
       0
       0
       1
       0
       1
       0
       0
       0
       0
       2
       0
       0
       0
       0
       1
       0
       0
       1
       0
       0
       0
       0
       0
       0
       1
       0
       0
       0
       0
       0
       0
       0
       0
       1
       0
       0
       0
       0
       0
       0
       0
       0
       0
       0
       0
       0
       1
       0
       0
       0
       0
       0
       0
       0
       0
       1
       0
       0
       0
       1
       0
       1
       0
       0
       0
       0
       0
       1
       0
       0
       1
       0
       0
       1
       0
       1
       0
       0
       0
       0
       0
       1
       1
       0
       0
       0
       1
       0
       0
       0
       1
       0
       0
       0
       0
       1
       0
       0
       1
       1
       0
       0
       1
       1
       0
       0
       0
       1
       3
       0
       1
       2
       0
       0
       0
       0
       1
       0
       0
       0
       2
       1
       0
       0
       0
       0
       1
       1
       0
       0
       0
       0
       0
       0
       0
       1
       0
       0
       0
       0
       0
       0
       0
       0
       0
       1
       0
       1
       1
       0
       1
       0
       1
       0
       0
       0
       0
       0
       0
       1
       0
       0
       0
       0
       0
       0
       0
       0
       0
       0
       0
       0
       0
       0
       0
       0
       0
       0
       0
       1
       0
       0
       0
       0
       1
       2
       0
       0
       0
       2
       1
       1
       1
       0
       2
       0
       0
       0
       0
       0
       0
       0
       0
       1
       0
       0
       0
       0
       0
       1
       0
       0
       2
       0
       0
       0
       1
       0
       0
       0
       0
       0
       0
       0
       0
       0
       0
       0
       0
       0
       0
       0
       0
       0
       0
       1
       0
       0
       0
       1
       0
       0
       0
       0
       1
       0
       0
       0
       0
       0
       0
       0
       0
       0
       0
       0
       0
       1
       0
       0
       0
       0
       0
       0
       0
       0
       0
       0
       0
       0
       0
       1
       0
       0
       0
       0
       0
       0
       0
       1
       1
       0
       0
       2
       1
       0
       0
       1
       2
       1
       1
       0
       0
       0
       0
       0
       0
       1
       2
       0
       0
       0
       0
       0
       0
       0
       0
       1
       1
       1
       0
       1
       0
       1
       0
       0
       0
       0
       0
       0
       0
       0
       0
       0
       0
       0
       0
       0
       0
       1
       0
       0
       1
       0
       0
       0
       0
       0
       0
       1
       0
       0
       0
       0
       0
       1
       0
       0
       2
       2
       1
       0
       1
       0
       1
       0
       0
       0
       1
       0
       1
       0
       0
       2
       1
       0
       0
       0
       1
       0
       0
       0
       0
       1
       1
       1
       0
       1
       2
       1
       1
       0
       2
       1
       0
       0
       0
       0
       0
       1
       1
       0
       1
       0
       0
       0
       0
       0
       0
       1
       1
       0
       0
       1
       1
       0
       0
       0
       0
       0
       0
       0
       0
       0
       1
       1
       1
       1
       0
       1
       0
       0
       0
       0
       1
       0
       0
       0
       0
       0
       0
       0
       0
       1
       1
       0
       0
       0
       0
       0
       1
       0
       0
       0
       0
       0
       0
       1
       0
       1
       0
       0
       0
       0
       0
       1
       0
       2
       0
       1
       0
       0
       0
       0
       0
       0
       0
       0
       1
       0
       0
       0
       0
       0
       0
       0
       0
       0
       0
       0
       1
       0
       0
       1
       0
       0
       1
       0
       0
       0
       2
       1
       0
       0
       1
       0
       0
       1
       0
       0
       1
       0
       0
       0
       0
       0
       0
       0
       0
       1
       0
       0
       0
       0
       2
       1
       0
       2
       0
       0
       2
       0
       0
       2
       0
       0
       0
       0
       0
       0
       0
       1
       1
       0
       0
       0
       1
       0
       3
       1
       0
       0
       0
       1
       1
       0
       0
       2
       0
       1
       0
       1
       1
       0
       0
       0
       1
       0
       0
       0
       0
       0
       1
       1
       0
       2
       0
       0
       0
       0
       0
       0
       1
       0
       0
       0
       0
       0
       0
       0
       0
       0
       0
       0
       0
       0
       0
       1
       0
       0
       1
       0
       0
       0
       0
       0
       0
       1
       1
       0
       1
       0
       1
       1
       0
       0
       0
       0
       2
       1
       0
       0
       0
       0
       0
       2
       0
       1
       0
       0
       1
       1
       0
       0
       0
       0
       0
       0
       0
       1
       2
       0
       0
       1
       0
       1
       1
       1
       1
       1
       0
       0
       0
       2
       0
       0
       1
       1
       0
       0
       0
       1
       0
       0
       0
       1
       0
       0
       0
       0
       0
       0
       0
       0
       0
       0
       0
       1
       1
       0
       0
       1
       1
       0
       1
       0
       0
       0
       1
       0
       0
       0
       0
       0
       1
       0
       0
       0
       0
       0
       0
       0
       0
       1
       0
       1
       3
       0
       0
       0
       0
       0
       0
       0
       2
       1
       1
       1
       1
       0
       0
       1
       0
       0
       1
       0
       0
       0
       0
       0
       0
       1
       0
       0
       0
       0
       0
       1
       0
       1
       0
       0
       0
       0
       0
       0
       2
       1
       1
       1
       0
       0
       0
       0
       0
       0
       0
       0
       0
       1
       1
       0
       1
       0
       1
       0
       3
       0
       0
       1
       0
       1
       0
       1
       0
       2
       0
       0
       0
       0
       0
       1
       1
       0
       0
       0
       0
       1
       0
       1
       1
       1
       0
       0
       0
       1
       1
       0
       0
       0
       1
       1
       0
       0
       4
       0
       0
       0
       2
       0
       1
       1
       1
       1
       1
       0
       1
       0
       1
       0
       0
       0
       0
       0
       1
       0
       0
       0
       0
       0
       1
       0
       1
       0
       0
       0
       0
       0
       0
       0
       1
       2
       1
       0
       1
       0
       1
       1
       0
       0
       2
       1
       1
       0
       0
       0
       2
       1
       1
       1
       0
       1
       0
       0
       0
       0
       0
       0
       0
       0
       0
       0
       2
       0
       0
       1
       0
       0
       0
       0
       0
       1
       0
       0
       0
       0
       0
       1
       1
       0
       0
       1
       1
       0
       0
       0
       0
       0
       1
       0
       0
       0
       0
       1
       2
       0
       0
       1
       0
       0
       2
       1
       0
       0
       0
       0
       0
       0
       0
       0
       0
       0
       0
       1
       1
       0
       0
       0
       0
       0
       0
       0
       0
       1
       0
       0
       0
       1
       0
       0
       0
       0
       0
       0
       0
       0
       0
       0
       0
       0
       0
       0
       0
       0
       0
       0
       0
       0
       0
       0
       0
       0
       0
       0
       0
       0
       0
       1
       1
       0
       0
       0
       0
       0
       0
       2
       1
       0
       0
       0
       0
       0
       0
       1
       0
       0
       0
       0
       0
       0
       0
       0
       0
       0
       0
       0
       0
       1
       0
       1
       0
       0
       0
       0
       0
       0
       0
       0
       0
       0
       1
       1
       0
       0
       0
       0
       1
       0
       0
       0
       1
       0
       0
       0
       0
       0
       0
       0
       0
       0
       0
       1
       0
       0
       1
       0
       0
       0
       0
       0
       0
       1
       0
       0
       0
       0
       0
       1
       1
       0
       0
       2
       0
       0
       0
       0
       0
       1
       1
       0
       0
       0
       0
       0
       0
       0
       0
       0
       0
       0
       0
       0
       0
       0
       0
       0
       0
       0
       0
       0
       0
       0
       0
       1
       0
       1
       0
       1
       0
       0
       0
       0
       0
       0
       1
       1
       0
       1
       0
       0
       1
       1
       0
       0
       1
       0
       0
       1
       0
       0
       1
       0
       0
       0
       0
       0
       0
       0
       0
       0
       0
       0
       0
       0
       0
       1
       0
       2
       0
       0
       0
       0
       0
       0
       0
       1
       2
       0
       0
       0
       0
       1
       0
       0
       0
       0
       0
       0
       0
       0
       0
       0
       0
       0
       0
       1
       0
       0
       0
       0
       0
       0
       0
       0
       0
       1
       0
       0
       0
       1
       0
       0
       1
       1
       0
       0
       0
       0
       0
       0
       0
       0
       1
       0
       0
       1
       0
       0
       0
       0
       0
       0
       0
       0
       0
       0
       0
       0
       1
       0
       0
       0
       0
       0
       1
       0
       0
       0
       0
       0
       0
       0
       0
       1
       0
       0
       1
       0
       1
       0
       1
       0
       0
       0
       0
       1
       0
       0
       0
       0
       0
       0
       0
       0
       1
       0
       0
       0
       0
       0
       0
       0
       0
       0
       0
       0
       0
       0
       0
       0
       1
       0
       0
       0
       0
       0
       0
       1
       0
       0
       0
       0
       1
       0
       0
       0
       1
       0
       0
       0
       1
       0
       0
       0
       1
       0
       0
       0
       1
       0
       0
       1
       0
       0
       0
       0
       0
       0
       0
       0
       1
       0
       0
       0
       0
       0
       0
       0
       1
       0
       0
       0
       0
       0
       0
       0
       1
       0
       0
       0
       0
       0
       0
       1
       0
       1
       0
       0
       0
       0
       1
       0
       0
       1
       0
       0
       0
       0
       0
       0
       1
       1
       0
       0
       0
       0
       0
       0
       0
       0
       0
       0
       1
       0
       0
       0
       0
       0
       0
       0
       0
       0
       1
       0
       0
       2
       0
       1
       0
       0
       1
       0
       0
       1
       0
       0
       0
       0
       0
       0
       0
       0
       0
       1
       0
       0
       0
       0
       0
       0
       0
       0
       0
       0
       0
       0
       0
       0
       0
       0
       1
       0
       0
       0
       1
       0
       1
       0
       0
       0
       0
       0
       0
       0
       0
       0
       0
       1
       1
       0
       0
       0
       0
       0
       1
       0
       1
       0
       0
       0
       0
       0
       0
       0
       0
       1
       0
       0
       1
       0
       1
       0
       1
       3
       0
       0
       0
       0
       1
       1
       1
       0
       0
       0
       0
       0
       0
       0
       0
       0
       0
       0
       0
       0
       0
       0
       0
       0
       0
       0
       0
       0
       0
       0
       0
       0
       0
       0
       0
       0
       1
       0
       0
       0
       0
       0
       0
       0
       0
       0
       0
       1
       0
       1
       1
       0
       0
       0
       0
       0
       0
       1
       0
       0
       0
       0
       0
       0
       0
       1
       0
       0
       0
       0
       0
       0
       0
       0
       0
       0
       0
       1
       0
       0
       1
       0
       1
       0
       0
       0
       0
       1
       0
       0
       0
       0
       0
       0
       0
       0
       0
       0
       0
       0
       0
       0
       0
       0
       0
       0
       0
       1
       1
       0
       0
       0
       0
       0
       0
       0
       0
       0
       0
       0
       0
       0
       0
       1
       0
       0
       0
       1
       0
       0
       0
       0
       0
       0
       0
       0
       0
       1
       0
       0
       0
       0
       0
       0
       0
       0
       0
       0
       0
       0
       2
       0
       0
       0
       0
       0
       0
       0
       0
       0
       0
       0
       0
       1
       0
       0
       0
       0
       0
       0
       0
       0
       0
       0
       1
       0
       0
       0
       0
       1
       0
       0
       0
       0
       0
       0
       0
       1
       0
       0
       0
       0
       0
       0
       0
       0
       0
       0
       0
       0
       0
       0
       0
       0
       0
       0
       0
       0
       0
       0
       0
       0
       0
       0
       0
       0
       0
       0
       0
       0
       0
       1
       0
       0
       0
       0
       0
       0
       0
       0
       0
       0
       0
       0
       0
       1
       1
       0
       0
       0
       0
       0
       0
       0
       0
       0
       0
       0
       0
       0
       0
       0
       0
       0
       0
       0
       0
       0
       0
       0
       0
       0
       0
       0
       0
       0
       0
       0
       0
       0
       0
       1
       0
       0
       1
       0
       0
       2
       0
       1
       1
       2
       4
       6
       4
       7
       8
       8
       7
       4
      11
       6
       7
       4
       0
       2
       1
       3
       1
       0
       0
       0
       0
       1
       1
       0
       0
       0
       0
       0
       0
       0
       0
       0
       0
       0
       0
       0
       0
       0
       0
       0
       0
       0
       1
       0
       0
       0
       0
       0
       0
       0
       0
       0
       0
       0
       0
       0
       0
       0
       0
       0
       0
       1
       0
       0
       1
       0
       0
       0
       0
       0
       0
       0
       0
       0
       0
       0
       0
       0
       0
       0
       0
       0
       0
       0
       1
       0
       0
       0
       0
       0
       0
       0
       0
       0
       0
       0
       0
       0
       0
       0
       0
       0
       0
       0
       0
       0
       0
       0
       0
       0
       0
       0
       0
       0
       0
       0
       0
       0
       0
       0
       0
       0
       0
       0
       1
       0
       0
       0
       1
       0
       0
       0
       0
       0
       0
       0
       0
       0
       0
       0
       0
       0
       0
       0
       0
       0
       0
       0
       0
       0
       0
       0
       0
       0
       0
       0
       0
       0
       0
       0
       0
       0
       1
       0
       0
       1
       0
       0
       0
       0
       0
       1
       0
       0
       0
       0
       0
       0
       0
       0
       0
       0
       0
       0
       0
       0
       0
       0
       0
       0
       0
       0
       0
       0
       0
       0
       2
       0
       0
       0
       0
       0
       0
       0
       0
       0
       0
       0
       0
       0
       0
       0
       0
       0
       0
       0
       0
       0
       0
       0
       0
       0
       0
       0
       0
       0
       0
       0
       0
       0
       0
       0
       0
       0
       0
       0
       0
       0
       0
       0
       0
       0
       0
       0
       0
       0
       0
       0
       0
       0
       0
       0
       0
       0
       0
       0
       0
       0
       0
       0
       0
       1
       0
       0
       0
       0
       0
       0
       0
       0
       0
       0
       0
       0
       0
       0
       0
       1
       0
       0
       0
       0
       0
       1
       0
       1
       0
       0
       1
       0
       0
       0
       0
       0
       0
       0
       0
       0
       0
       0
       0
       0
       0
       0
       0
       0
       0
       0
       0
       0
       0
       0
       0
       0
       0
       0
       0
       0
       0
       0
       0
       0
       0
       0
       0
       0
       0
       0
       0
       0
       0
       0
       0
       0
       1
       0
       0
       0
       0
       0
       0
       0
       0
       0
       0
       0
       0
       0
       0
       0
       0
       0
       0
       0
       0
       0
       0
       0
       0
       0
       0
       0
       0
       0
       0
       0
       0
       0
       0
       0
       0
       0
       0
       0
       0
       0
       1
       0
       0
       0
       0
       0
       0
       0
       0
       0
       0
       0
       0
       0
       0
       0
       0
       0
       0
       0
       0
       0
       0
       0
       0
       0
       0
       0
       0
       0
       0
       0
       0
       0
       0
       0
       0
       0
       0
       0
       0
       0
       1
       0
       1
       0
       0
       0
       0
       0
       0
       0
       0
       0
       0
       0
       0
       0
       0
       0
       0
       0
       0
       0
       0
       0
       0
       0
       0
       0
       0
       0
       0
       0
       0
       0
       0
       0
       0
       0
       1
       0
       0
       0
       0
       0
       0
       0
       0
       0
       0
       0
       0
       0
       0
       0
       0
       0
       1
       0
       0
       0
       0
       0
       1
       0
       0
       0
       0
       0
       0
       0
       0
       0
       0
       0
       0
       0
       0
       0
       0
       0
       0
       0
       0
       0
       0
       0
       0
       0
       1
       0
       0
       0
       0
       0
       0
       0
       0
       0
       0
       0
       0
       0
       0
       0
       0
       0
       0
       0
       1
       0
       0
       0
       0
       0
       0
       0
       0
       0
       0
       0
       0
       0
       0
       0
       0
       0
       0
       0
       0
       1
       0
       0
       0
       0
       0
       0
       0
       0
       0
       0
       0
       0
       0
       0
       0
       0
       0
       0
       0
       0
       0
       0
       0
       0
       0
       0
       0
       0
       0
       0
       0
       0
       0
       0
       0
       0
       0
       0
       0
       0
       0
       0
       0
       0
       0
       0
       0
       0
       0
       0
       0
       0
       0
       0
       0
       0
       0
       0
       0
       0
       0
       0
       0
       0
       0
       0
       0
       0
       0
       0
       0
       1
       0
       0
       0
       0
       0
       0
       0
       0
       0
       0
       0
       0
       0
       0
       0
       0
       0
       0
       0
       0
       0
       0
       0
       0
       0
       0
       0
       0
       0
       0
       0
       0
       0
       0
       0
       0
       1
       0
       0
       0
       0
       0
       1
       0
       0
       0
       0
       0
       0
       0
       0
       0
       0
       0
       0
       0
       0
       0
       0
       0
       0
       0
       0
       0
       0
       0
       1
       0
       0
       0
       0
       1
       0
       0
       0
       0
       0
       0
       0
       0
       0
       0
       0
       0
       0
       0
       0
       0
       0
       0
       0
       0
       0
       0
       0
       0
       0
       1
       0
       0
       0
       0
       1
       0
       0
       0
       0
       0
       0
       0
       0
       0
       0
       1
       0
       0
       0
       0
       0
       0
       0
       0
       1
       0
       0
       0
       0
       0
       0
       0
       0
       0
       1
       0
       0
       0
       0
       0
       0
       0
       0
       0
       0
       0
       0
       0
       0
       0
       0
       0
       0
       0
       1
       0
       0
       0
       0
       1
       0
       0
       1
       0
       0
       0
       0
       0
       0
       0
       0
       0
       1
       0
       0
       0
       0
       0
       0
       0
       0
       0
       1
       1
       0
       0
       1
       0
       0
       0
       0
       1
       0
       0
       0
       0
       0
       0
       0
       0
       0
       0
       0
       0
       0
       0
       0
       0
       0
       0
       0
       0
       0
       0
       0
       0
       0
       0
       0
       0
       0
       0
       0
       0
       0
       0
       0
       0
       0
       0
       0
       0
       0
       0
       0
       0
       0
       0
       0
       0
       0
       0
       0
       0
       0
       0
       0
       0
       0
       0
       0
       0
       0
       0
       0
       0
       0
       0
       0
       0
       0
       0
       0
       0
       0
       0
       0
       0
       0
       0
       0
       0
       0
       0
       0
       0
       0
       0
       0
       0
       0
       0
       0
       0
       0
       0
       1
       0
       0
       0
       0
       0
       0
       0
       1
       0
       0
       0
       0
       0
       0
       0
       0
       0
       0
       0
       0
       0
       0
       0
       0
       0
       0
       0
       0
       0
       0
       0
       0
       0
       0
       0
       0
       0
       0
       0
       0
       0
       0
       0
       0
       0
       0
       0
       0
       0
       0
       0
       0
       0
       0
       0
       0
       0
       0
       0
       0
       0
       0
       0
       0
       0
       0
       0
       1
       0
       0
       0
       1
       0
       0
       0
       0
       0
       0
       0
       0
       0
       0
       0
       0
       0
       0
       0
       0
       0
       0
       0
       0
       0
       0
       0
       0
       0
       0
       0
       0
       0
       0
       0
       0
       0
       0
       0
       0
       0
       0
       0
       0
       0
       1
       1
       0
       0
       0
       0
       0
       0
       0
       0
       0
       0
       0
       0
       0
       0
       0
       0
       0
       0
       0
       0
       0
       0
       0
       0
       0
       0
       0
       0
       0
       0
       0
       0
       0
       0
       1
       0
       0
       0
       0
       1
       0
       0
       1
       1
       0
       0
       0
       0
       0
       0
       0
       0
       0
       0
       0
       0
       0
       0
       0
       0
       0
       0
       0
       0
       0
       0
       0
       0
       0
       0
       0
       0
       0
       0
       1
       0
       0
       0
       0
       0
       0
       0
       0
       0
       0
       0
       0
       0
       0
       0
       0
       0
       0
       0
       0
       0
       0
       0
       0
       0
       1
       0
       0
       0
       0
       0
       0
       0
       0
       0
       0
       0
       0
       0
       0
       0
       0
       0
       0
       0
       0
       0
       0
       0
       0
       0
       0
       0
       0
       0
       0
       0
       0
       0
       0
       0
       0
       0
       0
       0
       0
       0
       0
       0
       0
       0
       0
       0
       0
       0
       0
       0
       0
       0
       0
       0
       0
       0
       1
       0
       0
       0
       0
       0
       1
       0
       0
       0
       1
       0
       0
       0
       0
       1
       1
       0
       2
       0
       0
       1
       0
       0
       0
       1
       2
       1
       1
       0
       0
       0
       0
       0
       0
       0
       0
       0
       0
       0
       0
       0
       0
       0
       0
       0
       0
       0
       0
       0
       0
       0
       0
       0
       0
       1
       0
       0
       0
       0
       0
       0
       0
       0
       0
       0
       0
       0
       0
       0
       0
       0
       0
       0
       0
       0
       0
       0
       0
       0
       0
       0
       0
       0
       0
       0
       0
       0
       0
       0
       0
       0
       0
       0
       0
       0
       0
       0
       0
       0
       0
       0
       0
       0
       0
       0
       0
       0
       0
       0
       0
       0
       0
       0
       0
       0
       0
       0
       0
       0
       0
       0
       0
       0
       0
       0
       0
       0
       0
       0
       0
       0
       0
       0
       0
       0
       0
       0
       0
       0
       0
       0
       1
       0
       0
       0
       0
       0
       0
       1
       0
       0
       0
       0
       0
       0
       0
       0
       0
       0
       0
       0
       0
       0
       0
       0
       0
       0
       0
       0
       0
       0
       0
       0
       0
       0
       0
       0
       0
       0
       0
       0
       0
       0
       0
       0
       0
       0
       0
       0
       0
       0
       0
       0
       0
       0
       0
       0
       0
       0
       0
       0
       0
       0
       0
       0
       0
       0
       0
       0
       0
       0
       0
       0
       0
       0
       0
       0
       0
       0
       0
       0
       0
       0
       0
       0
       0
       0
       0
       0
       0
       0
       0
       0
       0
       0
       0
       0
       0
       0
       0
       0
       0
       0
       0
       0
       0
       0
       0
       0
       0
       0
       0
       0
       0
       0
       0
       0
       0
       0
       0
       0
       0
       0
       0
       0
       0
       0
       0
       0
       0
       0
       0
       0
       0
       0
       1
       0
       0
       0
       0
       0
       0
       0
       0
       0
       0
       0
       0
       0
       0
       0
       0
       0
       0
       0
       0
       0
       0
       0
       0
       0
       0
       0
       0
       0
       0
       0
       0
       0
       0
       0
       0
       0
       0
       0
       1
       0
       0
       0
       0
       0
       0
       0
       0
       0
       0
       0
       0
       0
       0
       0
       0
       0
       0
       0
       0
       0
       0
       0
       1
       0
       0
       0
       0
       0
       0
       1
       0
       0
       0
       0
       0
       0
       0
       0
       0
       0
       0
       0
       0
       0
       0
       0
       0
       0
       0
       0
       0
       0
       0
       0
       0
       0
       0
       0
       0
       0
       0
       0
       0
       0
       0
       0
       0
       0
       0
       0
       0
       0
       0
       0
       1
       0
       0
       0
       0
       0
       0
       0
       0
       0
       0
       0
       0
       0
       0
       0
       0
       0
       0
       0
       0
       0
       0
       0
       0
       0
       0
       0
       0
       0
       1
       0
       0
       0
       0
       0
       0
       0
       0
       0
       0
       0
       0
       0
       0
       0
       0
       0
       0
       0
       0
       0
       0
       0
       0
       0
       0
       0
       0
       0
       0
       0
       0
       0
       0
       0
       0
       0
       0
       0
       0
       0
       0
       0
       0
       0
       0
       0
       0
       0
       0
       0
       0
       0
       0
       0
       0
       0
       0
       0
       0
       0
       0
       0
       0
       0
       0
       0
       0
       0
       0
       0
       0
       0
       0
       0
       0
       0
       0
       0
       0
       0
       0
       0
       0
       0
       0
       0
       0
       0
       0
       0
       0
       0
       0
       0
       0
       0
       0
       0
       0
       1
       0
       0
       0
       0
       0
       0
       0
       0
       0
       0
       0
       0
       0
       0
       0
       0
       0
       0
       0
       0
       0
       0
       0
       0
       0
       0
       0
       1
       0
       0
       0
       0
       0
       1
       0
       0
       0
       0
       0
       0
       0
       0
       0
       0
       0
       1
       0
       0
       0
       0
       0
       0
       0
       0
       0
       0
       0
       0
       0
       0
       0
       0
       0
       0
       0
       0
       0
       0
       0
       0
       0
       0
       0
       0
       0
       0
       0
       0
       0
       0
       0
       0
       0
       0
       1
       0
       0
       0
       0
       0
       1
       0
       0
       0
       0
       0
       0
       0
       0
       0
       0
       0
       0
       0
       0
       0
       0
       0
       0
       0
       0
       0
       0
       0
       0
       0
       0
       0
       0
       0
       0
       0
       0
       0
       0
       0
       0
       0
       0
       0
       0
       0
       1
       0
       0
       0
       0
       0
       0
       0
       0
       0
       0
       0
       0
       0
       0
       0
       0
       0
       0
       0
       0
       0
       0
       0
       0
       0
       0
       0
       0
       0
       0
       0
       0
       0
       0
       0
       0
       0
       0
       0
       0
       0
       0
       0
       0
       0
       0
       0
       0
       0
       1
       0
       0
       0
       0
       0
       1
       0
       0
       0
       0
       0
       0
       0
       0
       0
       0
       0
       0
       0
       0
       0
       0
       0
       0
       0
       0
       0
       0
       0
       0
       0
       0
       0
       0
       0
       0
       0
       0
       0
       0
       0
       0
       0
       0
       0
       1
       0
       0
       0
       0
       0
       0
       0
       0
       0
       0
       0
       0
       0
       0
       0
       0
       0
       0
       0
       0
       0
       0
       0
       0
       0
       0
       0
       0
       0
       0
       0
       0
       0
       0
       0
       0
       0
       0
       0
       0
       0
       0
       0
       0
       0
       0
       0
       0
       0
       0
       0
       0
       0
       0
       0
       0
       0
       0
       0
       0
       0
       0
       0
       0
       0
       0
       0
       0
       0
       0
       1
       0
       0
       1
       0
       0
       0
       0
       0
       0
       0
       0
       0
       0
       0
       0
       0
       0
       0
       0
       0
       0
       0
       0
       0
       0
       0
       0
       0
       0
       0
       0
       0
       0
       0
       1
       0
       0
       0
       0
       1
       0
       0
       0
       0
       0
       0
       0
       0
       0
       0
       0
       0
       0
       0
       0
       0
       0
       1
       0
       0
       0
       0
       0
       0
       0
       0
       0
       0
       0
       0
       0
       0
       0
       0
       0
       0
       0
       0
       0
       0
       0
       0
       0
       0
       0
       0
       0
       0
       0
       0
       0
       0
       0
       0
       0
       0
       0
       0
       0
       0
       0
       0
       0
       0
       0
       0
       0
       0
       0
       0
       0
       0
       0
       0
       0
       0
       0
       0
       0
       0
       0
       0
       0
       0
       0
       0
       0
       0
       0
       0
       0
       0
       0
       0
       0
       0
       0
       0
       0
       0
       0
       0
       0
       0
       0
       0
       0
       0
       0
       0
       0
       0
       0
       0
       0
       0
       0
       0
       0
       0
       0
       0
       0
       0
       0
       0
       0
       0
       0
       0
       0
       0
       0
       0
       0
       0
       0
       0
       0
       0
       0
       0
       0
       0
       0
       0
       0
       0
       0
       0
       0
       0
       0
       0
       0
       1
       0
       0
       0
       0
       0
       0
       0
       0
       0
       0
       0
       0
       0
       0
       0
       0
       0
       0
       0
       0
       0
       0
       0
       0
       0
       0
       0
       0
       0
       0
       0
       0
       0
       0
       0
       0
       0
       0
       0
       0
       0
       0
       0
       0
       0
       0
       0
       0
       0
       0
       0
       0
       0
       0
       0
       0
       0
       0
       0
       0
       0
       0
       0
       0
       0
       0
       0
       0
       0
       0
       0
       0
       0
       0
       0
       0
       0
       0
       0
       0
       0
       0
       0
       0
       0
       0
       0
       0
       0
       0
       0
       1
       0
       0
       0
       0
       0
       0
       0
       0
       0
       0
       0
       0
       0
       0
       0
       0
       0
       1
       0
       0
       0
       0
       0
       0
       0
       0
       0
       0
       0
       0
       0
       0
       0
       0
       0
       0
       0
       0
       0
       0
       0
       0
       0
       0
       0
       0
       0
       0
       0
       0
       0
       0
       0
       0
       0
       0
       0
       0
       0
       0
       0
       0
       0
       0
       0
       0
       0
       0
       0
       0
       0
       0
       0
       0
       0
       0
       0
       0
       0
       0
       0
       0
       0
       0
       0
       0
       0
       0
       0
       0
       0
       0
       0
       0
       0
       0
       0
       0
       0
       0
       0
       0
       0
       0
       1
       0
       0
       0
       0
       0
       0
       0
       0
       0
       0
       0
       0
       0
       0
       0
       1
       0
       0
       0
       0
       0
       0
       0
       0
       0
       0
       0
       0
       0
       0
       0
       0
       0
       0
       0
       0
       0
       0
       0
       0
       1
       0
       0
       0
       0
       0
       0
       0
       0
       0
       0
       0
       0
       0
       0
       0
       0
       0
       0
       0
       0
       0
       0
       0
       0
       0
       0
       0
       0
       0
       0
       0
       0
       0
       0
       0
       0
       1
$ROI:
11
224 244
765 907
1350 1411
1828 1908
2525 2667
2716 2799
3716 3817
4331 4427
4564 4622
5085 5259
5690 5768
$PRESETS:
Live Time
100
0
$ENER_FIT:
0.053689 0.255148
$MCA_CAL:
3
5.368913E-002 2.551478E-001 -1.853380E-009 keV
$SHAPE_CAL:
3
6.992400E+000 7.812671E-004 -3.508660E-008
