$SPEC_ID:
No sample description was entered.
$SPEC_REM:
DET# 1
DETDESC# GMX20P4 HPGe
AP# Maestro Version 7.01
$DATE_MEA:
11/23/2018 17:18:50
$MEAS_TIM:
100 100
$DATA:
0 8191
       0
       0
       0
       0
       0
       0
       0
       0
       0
       0
       0
       0
       0
       0
       0
       0
       0
       0
       0
       0
       0
       0
       0
       0
       0
       0
       0
       0
       0
       0
       0
       0
       0
       0
       0
       0
       0
       0
       0
       0
       0
       0
       0
       0
       0
       0
       0
       0
       0
      17
      30
      46
      58
      46
      51
      39
      39
      47
      41
      53
      54
      51
      78
      89
     104
     117
     143
     191
     161
     168
     149
     118
      98
     110
      70
      68
      70
      90
      96
     110
     113
     127
     116
     110
     117
      96
      89
      57
      53
      55
      63
      63
      78
      77
      95
      88
      78
      94
     107
     117
     134
     137
     140
     156
     161
     138
     105
      80
      58
      42
      30
      28
      26
      26
      28
      15
      26
      25
      18
      19
      17
      19
      17
      27
      22
      30
      33
      42
      36
      30
      34
      27
      29
      28
      25
      22
      39
      30
      24
      31
      42
      43
      38
      35
      39
      49
      57
      54
      54
      63
      66
      66
      53
      70
      60
      63
      72
      66
      63
      62
      60
      77
     106
      79
      94
      83
     100
     105
     120
     114
     125
     103
     120
     103
     125
     120
     123
     134
     137
     127
     156
     149
     153
     166
     167
     202
     233
     237
     252
     272
     321
     338
     370
     401
     410
     447
     418
     434
     487
     495
     467
     499
     480
     505
     472
     500
     480
     478
     449
     413
     443
     401
     444
     387
     393
     373
     415
     355
     363
     371
     375
     362
     363
     400
     490
     558
     858
    1325
    2041
    2954
    4060
    5166
    5881
    6129
    6104
    5144
    4149
    2804
    1827
    1080
     581
     269
     135
      66
      36
      18
      15
      13
      16
      14
      15
      17
      14
      20
      15
      21
      16
      15
       9
      13
      20
      12
      12
       9
      18
      18
      16
      14
      21
      15
      18
      15
      13
      19
      18
      19
      18
       6
      13
      20
       9
      16
      13
      16
      19
       8
      21
      18
      15
      24
      22
       9
      22
      20
      16
      25
      15
      22
       5
      17
      15
      25
      14
      21
      22
      17
      15
      22
      13
      13
      18
      20
      16
      16
      15
      15
      16
      23
      14
      16
      22
      12
      17
      20
      22
      15
      18
      15
      17
      20
      17
      12
      16
      24
      17
      13
      24
      15
       6
      17
      20
      12
      23
      16
      17
      16
      12
      10
      24
      18
      24
      18
      21
      23
      21
      23
      13
      15
      17
      13
      16
      14
      13
      11
      18
      13
      12
      15
      18
      14
      18
      19
      12
      14
      18
      15
      18
      18
      18
      13
       7
      22
      14
      22
      15
      20
      18
       9
      18
      24
      15
      11
      13
      15
      18
      16
      14
      17
      15
      23
      23
       9
      16
      17
      19
      16
      23
      21
      21
       8
       8
      13
      14
      20
      14
      15
       9
      10
      13
      12
      15
      10
      12
      16
      15
      11
      15
      15
      15
      15
      12
      15
      14
      14
      15
      21
      10
      10
      13
      12
      21
      12
      13
      18
      30
       8
      14
      12
       7
      13
      10
      11
      11
      25
      20
      15
      12
      16
      14
       9
      12
      22
      12
      12
      10
      10
      13
      18
      14
      13
      17
      11
      12
      17
      10
       9
      19
      15
      14
      15
      16
      10
      10
      12
      21
       9
      17
      14
      13
      14
       5
       3
      11
      10
      17
       6
      12
      20
      10
      10
       4
      11
      13
      11
      15
      15
      12
      14
      15
       5
      13
       7
       8
      11
      11
      14
      14
      10
      11
      11
      11
      12
      11
      13
      15
      10
      10
      11
      17
       6
      14
      13
      14
      12
      11
      16
      12
      16
      10
      15
       8
      12
       8
       9
       8
      10
      13
      14
      12
      16
      13
      14
      10
      16
      13
      13
       9
       5
      10
       7
       9
       7
       8
      13
       7
      15
       8
       7
       9
       7
      11
       9
      10
       3
       7
      15
       6
      11
      14
       9
       8
       9
      18
       9
      10
      15
      18
       9
      10
       9
      12
      12
       9
       6
      11
       8
       7
      10
       9
       6
       3
       7
      15
      15
       6
       9
      10
      15
       9
       9
      10
       7
      15
       9
       4
       3
      10
       6
       6
       9
      11
       9
      11
      13
      10
       5
       8
       4
      16
       6
      11
       5
       8
      11
       8
      11
       5
      12
       8
       5
      13
      13
       9
      10
       8
      11
       2
       3
       7
       7
       6
       1
       9
      12
      12
       9
       7
       7
      10
       5
       2
       9
       8
       5
      14
       3
       7
       4
       6
       7
      13
       5
       8
       6
       7
      12
      10
       3
       8
       7
      11
      13
      11
       4
      13
       8
      10
       8
       4
       7
       5
       4
       2
       9
       5
       5
      14
       5
       6
      15
       8
      10
      10
       9
       8
      10
       6
       4
      10
       4
       9
       5
       7
       8
       9
       5
       9
       6
       2
       8
       9
       7
       7
       6
       8
       7
       8
       9
      13
      12
       2
       7
       6
       7
       5
       4
      11
       5
       0
       8
       5
       7
      10
       3
       5
       5
       7
       3
       6
      13
       4
       5
       4
       7
       6
       5
       4
       4
       4
       9
       3
       4
       4
       7
       5
       3
       5
      14
      10
       2
       5
       7
       6
       3
      12
      10
       8
       2
       7
       2
       6
       5
       6
       6
       3
       7
       7
       5
       9
       5
       4
       6
       8
       4
       8
      10
       4
       3
       2
       8
       3
       6
       4
       6
       4
       7
       6
       5
       4
       6
       5
       5
       7
       2
       7
       4
      10
       5
       5
       6
       3
       5
       7
       5
       5
       5
       4
       4
       5
       5
       7
       4
       7
       6
       5
       3
       8
       6
       4
       3
       3
       7
       8
       2
       3
      11
       5
       2
       4
       7
       7
       8
       1
       6
       1
       3
       1
       4
       4
       6
       4
       4
       5
       5
       8
       5
       5
       2
       6
       7
       2
       5
       6
       3
       9
       5
       2
       8
       2
       8
       3
       4
       5
       6
       8
       2
       4
       4
       2
       8
       3
       3
       6
       3
       6
       3
       2
       1
       1
       6
       5
       5
      11
       5
       2
      11
       6
       4
       8
       6
       5
       3
       1
       2
       4
       9
       4
       5
       3
       3
       3
       4
       1
       1
       5
       3
       7
       3
       4
       4
       2
       5
      10
      10
       8
       3
      14
       6
       5
       9
       5
       8
       6
       8
       6
       2
       5
       5
       5
       5
      12
       4
       2
       5
       4
       3
       6
       4
       6
       5
       2
       5
       4
       1
       2
       3
       3
       2
       5
       4
       4
       5
       3
       3
       6
       2
       4
       1
       6
       3
       5
       5
       3
       2
       7
       7
       2
       4
       1
       1
       1
       0
       0
       3
       4
       5
       2
       5
       8
       1
       3
       3
       2
       0
       3
       5
       4
       3
       0
       5
       6
       6
       2
       3
       1
       3
       3
       7
       6
       7
       1
       1
       0
       4
       2
       6
       8
       3
       2
       5
       3
       4
       2
       5
       1
       8
       3
       4
       8
       5
       3
       5
       4
       4
       0
       4
       3
       6
       3
       5
       2
       2
       3
       3
       3
       0
       1
       1
       3
       4
       6
       3
       3
       2
       2
       1
       3
       5
       4
       0
       3
       3
       3
       3
       1
       2
       3
       3
       5
       2
       2
       3
       3
       2
       2
       1
       1
       2
       2
       1
       3
       2
       6
       1
       1
       5
       2
       2
       1
       2
       3
       6
       4
       5
       5
       3
       2
       3
       3
       1
       2
       3
       1
       3
       3
       0
       6
       2
       4
       2
       3
       1
       3
       1
       7
       0
       0
       4
       3
       4
       4
       2
       1
       4
       1
       3
       0
       4
       4
       4
       4
       3
       3
       1
       2
       0
       0
       4
       1
       4
       0
       4
       3
       1
       1
       5
       3
       2
       8
       5
       6
       6
       4
       1
       4
       5
       1
       1
       1
       1
       2
       2
       0
       1
       2
       1
       4
       1
       4
       2
       1
       0
       1
       1
       4
       3
       5
       1
       1
       1
       2
       2
       1
       4
       3
       3
       3
       2
       1
       4
       3
       1
       4
       2
       1
       3
       2
       0
       0
       2
       4
       0
       3
       1
       3
       2
       3
       1
       0
       0
       4
       3
       2
       1
       1
       0
       1
       2
       3
       4
       1
       2
       5
       1
       3
       2
       1
       2
       1
       2
       1
       4
       2
       1
       1
       1
       6
       2
       2
       1
       2
       1
       1
       2
       1
       1
       2
       6
       4
       4
       2
       0
       5
       1
       1
       5
       4
       2
       0
       0
       2
       1
       2
       1
       4
       6
       2
       3
       2
       1
       3
       1
       1
       2
       1
       0
       2
       0
       3
       4
       2
       1
       2
       1
       3
       1
       1
       2
       0
       1
       4
       2
       0
       3
       1
       3
       0
       2
       2
       4
       1
       2
       0
       0
       1
       1
       0
       1
       2
       1
       3
       2
       0
       1
       1
       4
       0
       2
       3
       3
       3
       3
       2
       3
       2
       1
       3
       3
       2
       0
       3
       1
       3
       0
       3
       2
       3
       0
       8
       1
       1
       0
       1
       3
       2
       2
       2
       0
       3
       1
       1
       2
       3
       2
       4
       0
       2
       0
       2
       2
       2
       1
       1
       3
       2
       2
       2
       3
       6
       3
       4
       7
       2
       9
       4
       1
       2
       4
       2
       1
       1
       4
       0
       0
       2
       0
       1
       1
       2
       1
       3
       0
       0
       4
       1
       0
       0
       2
       0
       1
       1
       1
       0
       2
       1
       3
       1
       3
       2
       1
       4
       6
       1
       2
       0
       1
       3
       2
       3
       0
       1
       1
       2
       0
       1
       0
       2
       0
       3
       2
       0
       1
       1
       2
       2
       2
       1
       1
       0
       2
       2
       1
       2
       0
       3
       2
       0
       2
       3
       0
       2
       2
       2
       1
       1
       1
       5
       2
       0
       4
       1
       1
       1
       0
       3
       1
       0
       1
       1
       1
       1
       2
       1
       2
       1
       0
       1
       1
       1
       0
       1
       1
       1
       1
       1
       2
       1
       2
       3
       3
       2
       5
       2
       1
       0
       0
       3
       1
       1
       1
       3
       1
       1
       1
       4
       2
       0
       0
       0
       2
       2
       3
       1
       0
       3
       0
       2
       2
       2
       2
       0
       1
       0
       0
       0
       1
       1
       3
       3
       4
       3
       1
       1
       1
       2
       1
       2
       1
       3
       0
       0
       0
       1
       1
       2
       0
       1
       2
       0
       0
       1
       1
       0
       4
       1
       0
       3
       1
       0
       2
       3
       1
       3
       1
       2
       0
       1
       2
       1
       1
       2
       1
       2
       2
       0
       2
       1
       2
       2
       3
       1
       2
       3
       2
       0
       0
       1
       0
       1
       0
       1
       3
       0
       1
       3
       1
       1
       1
       1
       2
       1
       1
       0
       0
       0
       1
       2
       1
       2
       2
       2
       1
       3
       2
       1
       2
       0
       0
       5
       0
       0
       0
       0
       1
       0
       1
       1
       3
       1
       1
       2
       1
       0
       1
       1
       0
       2
       1
       1
       1
       0
       0
       1
       0
       1
       1
       2
       1
       1
       2
       2
       0
       1
       0
       0
       1
       4
       2
       0
       1
       2
       1
       0
       0
       1
       3
       1
       2
       2
       3
       1
       2
       1
       1
       0
       2
       2
       0
       0
       0
       2
       0
       1
       3
       1
       3
       2
       0
       1
       1
       1
       0
       1
       4
       0
       3
       1
       1
       0
       0
       1
       1
       1
       1
       1
       1
       2
       2
       2
       2
       1
       2
       1
       1
       0
       0
       0
       1
       2
       0
       1
       0
       0
       2
       1
       3
       1
       0
       2
       0
       1
       1
       0
       0
       2
       1
       2
       0
       1
       0
       2
       1
       2
       0
       3
       1
       0
       0
       1
       1
       1
       1
       0
       1
       1
       2
       1
       3
       0
       0
       1
       0
       1
       1
       1
       0
       1
       2
       4
       1
       0
       4
       2
       1
       0
       1
       1
       0
       1
       1
       0
       1
       0
       0
       2
       1
       1
       0
       1
       0
       0
       2
       1
       1
       1
       0
       1
       0
       1
       1
       0
       1
       0
       0
       2
       2
       3
       1
       0
       2
       0
       2
       0
       0
       0
       0
       2
       1
       2
       3
       0
       2
       2
       0
       0
       0
       0
       2
       1
       2
       0
       1
       1
       1
       1
       0
       1
       1
       2
       1
       1
       1
       0
       1
       0
       0
       2
       0
       0
       2
       1
       0
       3
       0
       2
       3
       0
       3
       1
       1
       2
       1
       0
       1
       0
       1
       2
       0
       1
       1
       1
       0
       1
       0
       1
       0
       1
       2
       0
       0
       2
       1
       0
       2
       1
       0
       0
       0
       0
       1
       2
       0
       0
       0
       0
       2
       2
       0
       1
       1
       0
       1
       0
       0
       1
       0
       2
       0
       1
       1
       2
       2
       0
       1
       1
       0
       3
       0
       0
       2
       0
       1
       1
       2
       1
       0
       0
       0
       1
       1
       1
       0
       0
       1
       1
       1
       1
       1
       1
       0
       0
       0
       0
       0
       1
       0
       0
       0
       0
       0
       1
       1
       0
       1
       3
       0
       0
       2
       1
       0
       0
       0
       0
       2
       1
       1
       1
       0
       1
       3
       3
       0
       1
       0
       0
       3
       1
       0
       0
       0
       0
       1
       0
       2
       0
       1
       2
       3
       0
       2
       1
       2
       1
       1
       1
       1
       1
       3
       0
       0
       1
       0
       0
       0
       1
       0
       0
       1
       2
       0
       3
       1
       3
       2
       1
       0
       0
       1
       0
       1
       2
       1
       0
       1
       2
       0
       1
       3
       0
       1
       0
       0
       0
       1
       0
       1
       0
       1
       2
       1
       0
       3
       2
       1
       1
       0
       0
       0
       0
       0
       0
       0
       2
       1
       0
       1
       0
       2
       0
       0
       0
       0
       0
       0
       0
       1
       1
       0
       0
       2
       0
       1
       1
       0
       1
       1
       1
       0
       0
       0
       0
       0
       0
       1
       0
       0
       0
       0
       1
       1
       0
       1
       2
       0
       0
       1
       0
       0
       1
       1
       0
       0
       1
       1
       0
       1
       2
       0
       1
       1
       2
       1
       0
       0
       0
       0
       0
       0
       2
       0
       0
       1
       1
       1
       2
       0
       0
       1
       1
       0
       0
       0
       0
       1
       0
       0
       0
       2
       1
       0
       1
       0
       2
       0
       0
       0
       0
       1
       1
       0
       0
       0
       0
       3
       0
       1
       0
       0
       0
       0
       0
       0
       3
       1
       3
       0
       0
       1
       2
       1
       0
       1
       1
       2
       0
       1
       1
       0
       2
       1
       1
       2
       0
       0
       0
       1
       1
       0
       0
       0
       1
       0
       0
       0
       0
       0
       0
       0
       0
       0
       3
       2
       0
       3
       1
       0
       0
       0
       0
       1
       0
       1
       1
       0
       0
       1
       0
       1
       0
       2
       0
       2
       1
       0
       0
       0
       0
       0
       0
       1
       0
       0
       0
       0
       0
       1
       0
       0
       1
       1
       1
       0
       0
       2
       2
       0
       0
       0
       1
       3
       0
       1
       0
       1
       3
       1
       1
       0
       1
       1
       1
       2
       0
       0
       2
       0
       1
       1
       0
       0
       1
       1
       1
       2
       1
       5
       3
       0
       4
       0
       1
       3
       2
       1
       0
       1
       0
       1
       0
       1
       0
       2
       1
       0
       0
       1
       0
       0
       0
       1
       2
       1
       0
       0
       1
       2
       0
       1
       3
       0
       0
       0
       1
       0
       1
       1
       0
       0
       0
       0
       0
       0
       1
       0
       0
       0
       1
       0
       0
       1
       1
       0
       0
       1
       0
       1
       0
       0
       2
       1
       0
       0
       0
       0
       1
       0
       0
       1
       1
       2
       0
       0
       0
       0
       0
       0
       0
       1
       0
       0
       1
       1
       0
       0
       1
       0
       1
       0
       0
       0
       1
       3
       0
       3
       5
       3
       5
       2
       6
       3
       1
       3
       3
       1
       2
       0
       0
       2
       0
       0
       0
       0
       0
       2
       3
       4
       0
       1
       0
       2
       0
       1
       0
       0
       0
       0
       0
       2
       1
       0
       1
       0
       0
       0
       0
       0
       2
       1
       1
       0
       1
       0
       0
       0
       0
       0
       0
       0
       2
       2
       1
       2
       0
       2
       0
       1
       0
       0
       0
       1
       1
       2
       0
       0
       3
       1
       1
       0
       1
       0
       0
       1
       1
       0
       0
       3
       0
       0
       1
       1
       0
       0
       0
       0
       0
       0
       2
       0
       2
       0
       0
       2
       0
       1
       0
       1
       0
       1
       1
       1
       0
       1
       0
       1
       2
       1
       0
       0
       0
       1
       1
       0
       1
       1
       0
       0
       1
       0
       0
       0
       0
       0
       2
       0
       0
       0
       0
       0
       1
       0
       0
       0
       0
       0
       1
       0
       0
       0
       0
       0
       1
       0
       0
       1
       0
       0
       0
       0
       0
       1
       0
       1
       0
       1
       0
       1
       1
       0
       0
       0
       1
       0
       0
       0
       1
       1
       0
       0
       0
       0
       1
       0
       0
       0
       2
       0
       0
       3
       0
       0
       1
       2
       0
       0
       0
       0
       0
       0
       0
       0
       0
       2
       0
       0
       0
       0
       0
       0
       1
       0
       0
       0
       1
       2
       0
       0
       0
       0
       1
       0
       0
       1
       1
       1
       1
       1
       0
       1
       1
       0
       0
       0
       1
       0
       0
       0
       0
       1
       1
       0
       1
       0
       1
       1
       1
       0
       0
       0
       0
       1
       0
       0
       0
       0
       1
       1
       1
       0
       0
       1
       0
       0
       0
       1
       1
       0
       0
       2
       1
       0
       1
       2
       0
       0
       1
       1
       0
       2
       1
       1
       1
       0
       1
       0
       0
       0
       0
       1
       0
       0
       0
       2
       1
       1
       2
       1
       1
       0
       0
       0
       2
       0
       0
       1
       0
       0
       1
       0
       0
       0
       0
       2
       0
       1
       0
       1
       1
       1
       0
       2
       1
       0
       1
       0
       1
       1
       0
       0
       1
       1
       0
       0
       0
       0
       0
       0
       0
       1
       0
       0
       0
       0
       0
       0
       1
       0
       1
       0
       0
       0
       0
       0
       0
       0
       1
       0
       1
       0
       0
       0
       2
       0
       1
       0
       0
       1
       0
       0
       1
       0
       0
       1
       0
       1
       0
       0
       1
       1
       1
       1
       1
       0
       1
       1
       0
       0
       0
       0
       0
       0
       0
       0
       0
       0
       1
       1
       0
       2
       1
       1
       0
       0
       0
       1
       1
       1
       0
       0
       0
       1
       1
       1
       0
       0
       0
       0
       0
       0
       0
       0
       1
       2
       1
       1
       0
       0
       0
       1
       0
       0
       0
       0
       0
       0
       1
       0
       0
       1
       1
       0
       3
       0
       1
       0
       0
       1
       0
       0
       0
       1
       0
       1
       0
       0
       1
       0
       1
       0
       1
       1
       1
       0
       0
       1
       0
       0
       0
       1
       2
       1
       1
       0
       0
       1
       0
       0
       0
       1
       1
       1
       0
       0
       1
       0
       0
       2
       1
       0
       0
       0
       0
       1
       0
       2
       0
       0
       1
       0
       1
       0
       0
       0
       1
       1
       1
       1
       0
       0
       0
       0
       0
       1
       1
       2
       0
       2
       0
       0
       1
       0
       1
       0
       1
       0
       0
       1
       1
       1
       1
       0
       0
       0
       0
       0
       0
       1
       0
       0
       0
       0
       0
       0
       0
       1
       1
       0
       0
       0
       0
       0
       0
       1
       0
       0
       0
       0
       0
       0
       1
       0
       1
       1
       0
       0
       1
       0
       0
       0
       0
       0
       1
       0
       1
       0
       1
       0
       0
       2
       0
       0
       1
       1
       0
       1
       0
       0
       3
       1
       1
       0
       1
       0
       0
       0
       0
       0
       0
       0
       0
       0
       0
       0
       1
       0
       0
       1
       1
       0
       0
       1
       0
       0
       2
       0
       0
       0
       0
       1
       0
       0
       1
       0
       0
       0
       1
       1
       1
       1
       3
       0
       0
       2
       0
       0
       0
       1
       0
       0
       0
       0
       0
       0
       0
       1
       1
       0
       0
       0
       0
       1
       1
       1
       0
       0
       1
       1
       2
       0
       0
       1
       1
       0
       0
       2
       0
       0
       0
       0
       1
       0
       0
       0
       2
       1
       0
       1
       0
       0
       0
       0
       0
       0
       0
       0
       0
       0
       0
       0
       0
       1
       0
       0
       0
       1
       0
       0
       0
       2
       3
       1
       0
       2
       0
       1
       1
       0
       1
       0
       0
       0
       0
       0
       0
       0
       0
       1
       0
       1
       0
       0
       0
       0
       0
       1
       0
       0
       0
       1
       2
       0
       0
       0
       0
       1
       1
       1
       0
       1
       0
       0
       1
       0
       0
       0
       1
       0
       0
       0
       0
       0
       0
       1
       0
       2
       0
       0
       1
       0
       0
       1
       0
       1
       1
       0
       0
       1
       1
       0
       0
       1
       0
       1
       1
       0
       0
       0
       2
       0
       1
       0
       0
       1
       0
       0
       0
       0
       1
       1
       0
       1
       0
       0
       2
       0
       0
       0
       0
       0
       0
       0
       0
       0
       0
       0
       0
       0
       1
       0
       2
       0
       0
       0
       0
       0
       1
       0
       0
       1
       0
       1
       0
       1
       0
       1
       0
       0
       0
       0
       1
       0
       0
       0
       0
       1
       0
       1
       0
       0
       0
       0
       1
       0
       0
       0
       0
       1
       0
       0
       0
       1
       1
       2
       1
       0
       0
       0
       0
       0
       1
       1
       0
       1
       1
       0
       0
       1
       1
       1
       0
       0
       0
       0
       0
       0
       2
       1
       1
       0
       0
       0
       0
       1
       1
       0
       1
       0
       0
       0
       0
       0
       0
       0
       0
       0
       0
       0
       0
       0
       1
       1
       1
       0
       1
       0
       0
       2
       1
       1
       1
       0
       0
       0
       0
       0
       0
       0
       0
       0
       0
       0
       0
       0
       0
       0
       0
       0
       1
       0
       1
       1
       0
       1
       1
       0
       0
       0
       0
       1
       0
       0
       1
       0
       3
       0
       1
       0
       1
       0
       0
       0
       0
       0
       0
       1
       0
       0
       0
       0
       0
       1
       0
       1
       1
       0
       0
       0
       0
       0
       1
       0
       1
       0
       0
       1
       2
       0
       2
       0
       1
       1
       0
       1
       1
       1
       0
       1
       0
       0
       0
       0
       1
       1
       0
       1
       0
       0
       2
       0
       0
       1
       1
       1
       0
       0
       1
       0
       1
       1
       2
       0
       0
       0
       0
       0
       1
       0
       0
       0
       0
       1
       0
       0
       0
       0
       0
       0
       0
       0
       1
       1
       0
       0
       0
       0
       1
       0
       0
       0
       0
       1
       0
       0
       0
       0
       0
       1
       0
       0
       0
       1
       1
       2
       0
       0
       1
       0
       0
       0
       1
       0
       0
       0
       0
       0
       0
       0
       0
       0
       0
       2
       0
       0
       0
       0
       0
       0
       0
       1
       0
       0
       0
       2
       0
       0
       0
       1
       1
       0
       1
       0
       0
       0
       0
       0
       0
       1
       2
       0
       0
       0
       0
       0
       0
       0
       0
       0
       0
       0
       0
       0
       1
       0
       0
       0
       0
       0
       0
       2
       0
       2
       0
       0
       2
       0
       0
       0
       0
       1
       0
       0
       0
       0
       1
       0
       0
       0
       1
       0
       0
       0
       0
       0
       0
       0
       0
       0
       0
       0
       0
       0
       0
       0
       0
       2
       0
       0
       0
       0
       1
       1
       0
       0
       1
       0
       0
       0
       0
       0
       2
       0
       0
       0
       0
       0
       0
       2
       0
       0
       0
       1
       0
       1
       0
       0
       1
       1
       0
       0
       1
       1
       1
       0
       1
       2
       2
       1
       0
       2
       0
       0
       1
       1
       0
       0
       0
       0
       0
       0
       2
       1
       0
       0
       0
       0
       0
       0
       1
       0
       0
       0
       0
       0
       0
       0
       1
       0
       2
       0
       2
       1
       0
       0
       0
       0
       0
       0
       0
       1
       0
       1
       0
       1
       0
       1
       0
       0
       1
       0
       1
       0
       0
       1
       0
       1
       0
       0
       0
       0
       0
       0
       0
       0
       0
       0
       0
       0
       0
       0
       0
       0
       0
       0
       0
       0
       1
       0
       0
       0
       1
       0
       0
       0
       0
       0
       1
       1
       0
       1
       1
       0
       0
       0
       0
       0
       1
       1
       0
       0
       1
       0
       0
       0
       0
       0
       0
       1
       1
       0
       0
       0
       0
       1
       0
       0
       1
       0
       0
       0
       0
       0
       0
       0
       0
       1
       0
       0
       0
       0
       1
       0
       0
       1
       0
       0
       1
       2
       0
       1
       0
       0
       0
       0
       0
       0
       0
       1
       0
       0
       0
       1
       0
       2
       0
       1
       1
       0
       0
       1
       0
       0
       0
       0
       0
       0
       1
       0
       0
       1
       0
       0
       0
       0
       0
       0
       0
       0
       0
       0
       1
       0
       0
       1
       0
       1
       1
       0
       1
       0
       0
       0
       0
       0
       0
       1
       1
       0
       0
       0
       0
       0
       1
       0
       0
       0
       0
       1
       1
       1
       0
       1
       0
       0
       1
       2
       0
       1
       1
       2
       1
       1
       0
       1
       3
       1
       1
       0
       0
       0
       0
       0
       1
       0
       0
       1
       0
       0
       0
       0
       0
       0
       0
       0
       0
       0
       0
       1
       0
       0
       0
       0
       0
       0
       0
       0
       0
       0
       0
       0
       0
       1
       1
       1
       0
       0
       0
       0
       1
       0
       0
       0
       0
       1
       0
       0
       0
       0
       0
       0
       0
       1
       0
       0
       0
       0
       0
       0
       0
       1
       1
       0
       0
       0
       0
       1
       0
       1
       0
       0
       0
       0
       0
       0
       3
       0
       0
       0
       0
       0
       0
       0
       0
       0
       1
       1
       1
       0
       0
       0
       0
       1
       0
       3
       0
       1
       0
       0
       1
       1
       0
       0
       0
       1
       0
       0
       2
       0
       0
       0
       1
       0
       0
       0
       1
       0
       0
       1
       0
       1
       0
       2
       0
       0
       0
       1
       0
       0
       0
       0
       1
       1
       0
       0
       0
       0
       0
       0
       0
       0
       0
       0
       2
       0
       0
       0
       0
       0
       1
       0
       1
       0
       1
       0
       1
       1
       1
       0
       0
       0
       0
       0
       0
       0
       0
       0
       0
       0
       0
       1
       1
       0
       1
       0
       0
       0
       0
       0
       0
       0
       0
       0
       0
       0
       0
       1
       1
       0
       1
       1
       0
       0
       2
       0
       0
       0
       0
       0
       0
       1
       0
       1
       0
       0
       0
       0
       0
       0
       0
       0
       0
       0
       0
       2
       0
       0
       0
       0
       1
       0
       0
       0
       1
       0
       0
       0
       1
       1
       0
       0
       2
       0
       0
       0
       0
       0
       0
       0
       0
       0
       0
       0
       1
       1
       0
       0
       0
       0
       0
       0
       0
       0
       0
       0
       2
       0
       0
       0
       0
       1
       1
       0
       1
       1
       0
       1
       1
       0
       0
       0
       1
       0
       0
       0
       2
       0
       0
       0
       0
       1
       0
       1
       0
       0
       0
       0
       1
       1
       0
       0
       0
       0
       0
       1
       0
       0
       0
       0
       1
       0
       0
       0
       1
       0
       0
       0
       0
       0
       0
       1
       1
       0
       0
       1
       0
       0
       1
       0
       2
       0
       0
       0
       0
       0
       0
       0
       0
       1
       0
       0
       0
       0
       0
       1
       1
       0
       1
       0
       0
       0
       1
       0
       0
       0
       1
       0
       2
       0
       1
       0
       0
       0
       0
       0
       0
       0
       0
       0
       0
       0
       0
       0
       0
       0
       0
       0
       1
       0
       2
       0
       0
       0
       1
       0
       0
       0
       0
       0
       0
       0
       0
       1
       0
       0
       0
       1
       0
       1
       0
       0
       0
       0
       0
       0
       1
       0
       0
       1
       0
       1
       0
       1
       1
       0
       1
       0
       0
       0
       0
       0
       0
       0
       0
       0
       0
       0
       0
       1
       1
       0
       0
       0
       0
       0
       0
       0
       0
       1
       0
       1
       0
       0
       0
       1
       0
       1
       0
       0
       2
       0
       0
       0
       0
       0
       0
       0
       1
       0
       0
       0
       0
       0
       0
       0
       0
       0
       0
       0
       0
       0
       1
       0
       0
       1
       0
       0
       0
       0
       0
       0
       0
       1
       0
       1
       0
       0
       0
       0
       0
       0
       0
       0
       1
       1
       1
       0
       0
       1
       0
       0
       1
       0
       1
       0
       0
       0
       0
       0
       1
       0
       2
       0
       0
       0
       0
       0
       0
       0
       0
       1
       0
       0
       2
       0
       1
       0
       1
       0
       1
       0
       2
       1
       0
       0
       1
       0
       0
       0
       1
       1
       1
       0
       0
       1
       0
       1
       0
       1
       1
       1
       0
       0
       0
       2
       0
       0
       3
       0
       0
       0
       1
       0
       0
       0
       0
       0
       1
       0
       0
       0
       0
       0
       0
       1
       0
       0
       0
       2
       1
       1
       0
       1
       0
       0
       0
       1
       0
       0
       2
       1
       0
       2
       0
       0
       3
       1
       1
       0
       0
       1
       1
       1
       0
       0
       2
       0
       0
       0
       0
       0
       0
       0
       0
       0
       0
       0
       0
       2
       0
       1
       0
       1
       1
       0
       0
       0
       0
       2
       0
       0
       0
       0
       0
       0
       0
       0
       0
       1
       1
       0
       0
       1
       0
       0
       0
       0
       0
       1
       0
       1
       0
       0
       0
       1
       0
       0
       0
       0
       0
       0
       0
       0
       0
       0
       0
       0
       0
       1
       0
       0
       0
       0
       0
       1
       2
       0
       0
       0
       2
       1
       0
       0
       0
       0
       0
       0
       0
       1
       0
       1
       0
       0
       0
       0
       0
       0
       1
       0
       0
       0
       0
       0
       0
       0
       0
       1
       0
       0
       0
       0
       0
       0
       0
       0
       0
       1
       0
       0
       0
       0
       0
       0
       1
       1
       2
       1
       1
       0
       1
       1
       0
       2
       0
       0
       0
       1
       0
       1
       0
       1
       0
       0
       0
       0
       0
       0
       0
       0
       0
       0
       0
       0
       0
       0
       0
       0
       1
       0
       0
       0
       0
       1
       2
       1
       0
       0
       0
       0
       1
       0
       0
       0
       1
       1
       0
       0
       0
       0
       1
       0
       0
       1
       0
       0
       0
       1
       0
       0
       0
       1
       0
       0
       0
       0
       0
       1
       1
       0
       0
       0
       0
       0
       0
       0
       0
       0
       0
       0
       0
       0
       0
       0
       0
       1
       0
       0
       0
       0
       0
       0
       0
       0
       0
       0
       0
       1
       0
       0
       1
       1
       0
       1
       1
       0
       0
       1
       1
       0
       0
       0
       1
       0
       0
       0
       1
       0
       1
       1
       0
       0
       0
       0
       0
       1
       0
       0
       0
       1
       0
       0
       0
       0
       0
       1
       2
       1
       0
       0
       0
       0
       0
       0
       0
       0
       1
       0
       0
       1
       0
       0
       0
       0
       0
       0
       0
       1
       0
       1
       2
       0
       0
       0
       1
       0
       0
       0
       0
       0
       0
       0
       0
       0
       1
       0
       0
       1
       0
       0
       0
       0
       1
       0
       1
       1
       0
       0
       3
       0
       1
       0
       1
       0
       0
       1
       0
       1
       0
       1
       0
       0
       0
       0
       0
       1
       2
       1
       1
       1
       0
       1
       0
       0
       0
       1
       0
       0
       2
       0
       0
       1
       1
       0
       0
       0
       0
       0
       0
       0
       0
       0
       0
       0
       0
       0
       1
       1
       0
       1
       2
       1
       1
       1
       0
       0
       1
       0
       1
       0
       0
       0
       1
       0
       0
       2
       3
       0
       0
       0
       0
       0
       0
       0
       0
       0
       0
       0
       0
       2
       1
       0
       2
       0
       0
       0
       1
       0
       1
       0
       1
       0
       0
       1
       1
       0
       0
       2
       0
       0
       0
       1
       0
       0
       0
       1
       1
       0
       0
       0
       1
       1
       0
       0
       1
       0
       1
       0
       1
       0
       0
       0
       0
       0
       0
       1
       1
       2
       2
       1
       1
       0
       0
       0
       1
       1
       2
       0
       1
       1
       0
       0
       0
       0
       0
       0
       0
       1
       1
       0
       0
       0
       1
       0
       0
       1
       0
       1
       0
       0
       0
       0
       0
       0
       0
       0
       0
       0
       0
       0
       0
       0
       1
       0
       0
       0
       0
       0
       0
       0
       0
       0
       0
       0
       1
       0
       0
       1
       0
       0
       0
       2
       1
       1
       1
       0
       0
       1
       0
       0
       0
       0
       0
       1
       0
       2
       0
       3
       0
       1
       0
       0
       0
       2
       0
       0
       0
       0
       0
       1
       0
       1
       0
       0
       0
       0
       0
       0
       0
       0
       0
       0
       0
       0
       0
       0
       0
       0
       0
       1
       1
       0
       0
       0
       0
       0
       0
       0
       0
       0
       0
       0
       0
       0
       0
       2
       1
       0
       1
       0
       1
       0
       0
       0
       0
       0
       0
       0
       1
       1
       0
       0
       1
       0
       0
       0
       1
       0
       0
       0
       1
       0
       0
       0
       0
       0
       0
       0
       0
       1
       0
       0
       0
       1
       1
       0
       0
       0
       0
       0
       0
       2
       0
       1
       0
       0
       0
       1
       0
       0
       0
       1
       0
       0
       0
       0
       1
       0
       0
       0
       0
       0
       0
       0
       0
       0
       0
       0
       0
       0
       0
       0
       0
       0
       0
       0
       1
       0
       0
       0
       0
       0
       0
       0
       0
       0
       0
       0
       0
       0
       0
       0
       0
       1
       0
       1
       0
       0
       0
       0
       0
       0
       0
       0
       0
       0
       0
       0
       0
       0
       0
       0
       0
       0
       0
       0
       0
       0
       0
       1
       0
       1
       0
       0
       0
       0
       0
       2
       0
       0
       0
       0
       0
       0
       1
       0
       0
       0
       0
       0
       0
       0
       0
       0
       0
       0
       0
       0
       0
       1
       0
       2
       0
       0
       0
       0
       0
       0
       0
       0
       1
       0
       0
       0
       0
       0
       0
       0
       0
       0
       0
       0
       0
       1
       2
       0
       0
       0
       0
       0
       0
       0
       0
       0
       0
       0
       0
       0
       0
       1
       0
       0
       0
       0
       0
       0
       0
       0
       0
       0
       0
       0
       0
       0
       0
       0
       0
       0
       0
       0
       0
       1
       0
       0
       0
       0
       0
       0
       0
       0
       0
       0
       0
       0
       0
       0
       0
       0
       0
       0
       1
       0
       1
       0
       0
       0
       0
       0
       0
       0
       0
       0
       0
       1
       0
       0
       0
       1
       0
       0
       1
       1
       1
       1
       0
       1
       0
       0
       0
       0
       1
       0
       0
       0
       0
       0
       0
       0
       0
       0
       0
       0
       0
       2
       1
       0
       0
       0
       0
       0
       0
       0
       0
       0
       0
       0
       0
       0
       0
       0
       0
       0
       1
       0
       0
       1
       0
       0
       1
       0
       0
       0
       1
       0
       1
       0
       0
       0
       0
       0
       0
       0
       0
       0
       0
       0
       0
       0
       1
       0
       0
       0
       0
       0
       0
       1
       1
       0
       0
       0
       0
       0
       0
       0
       0
       0
       0
       0
       0
       0
       0
       0
       0
       0
       0
       0
       0
       0
       0
       0
       0
       0
       1
       1
       0
       0
       0
       0
       0
       1
       0
       0
       0
       0
       0
       0
       0
       0
       0
       0
       0
       0
       0
       0
       0
       0
       0
       0
       0
       0
       0
       0
       0
       0
       0
       0
       0
       0
       0
       0
       0
       0
       0
       0
       0
       0
       0
       0
       0
       0
       1
       0
       1
       0
       0
       0
       0
       0
       0
       0
       0
       0
       0
       0
       0
       0
       0
       0
       0
       0
       0
       1
       0
       0
       0
       0
       0
       0
       0
       0
       0
       0
       0
       0
       0
       0
       0
       1
       0
       0
       0
       0
       0
       0
       0
       0
       0
       0
       0
       0
       0
       0
       0
       0
       0
       0
       0
       0
       0
       0
       0
       0
       0
       0
       0
       0
       0
       0
       0
       0
       0
       0
       0
       0
       0
       0
       0
       0
       0
       0
       0
       0
       0
       0
       0
       1
       0
       0
       0
       0
       0
       0
       0
       0
       0
       0
       0
       0
       0
       0
       0
       0
       0
       0
       0
       0
       0
       0
       0
       0
       0
       0
       0
       0
       0
       0
       0
       0
       0
       0
       1
       0
       0
       0
       0
       0
       0
       0
       0
       0
       0
       0
       0
       0
       0
       0
       1
       0
       2
       1
       0
       0
       0
       0
       0
       0
       0
       1
       0
       1
       0
       0
       0
       0
       0
       1
       0
       1
       0
       0
       0
       0
       0
       0
       0
       0
       0
       0
       0
       0
       0
       0
       0
       1
       0
       0
       0
       0
       0
       0
       0
       0
       0
       0
       0
       0
       0
       0
       0
       0
       0
       0
       0
       0
       0
       0
       0
       0
       0
       0
       0
       0
       0
       0
       0
       1
       0
       0
       0
       0
       0
       1
       0
       0
       0
       0
       0
       0
       0
       0
       0
       0
       0
       0
       0
       0
       0
       0
       0
       0
       0
       0
       0
       0
       0
       0
       0
       0
       0
       0
       0
       0
       0
       0
       0
       1
       0
       0
       0
       0
       0
       0
       0
       0
       0
       0
       0
       1
       0
       0
       0
       0
       0
       0
       0
       0
       0
       0
       0
       0
       0
       0
       0
       0
       0
       1
       0
       0
       0
       0
       0
       0
       0
       0
       0
       0
       0
       0
       0
       0
       0
       0
       0
       1
       0
       0
       0
       0
       0
       1
       0
       0
       0
       0
       0
       0
       0
       0
       1
       0
       1
       0
       0
       0
       0
       0
       0
       0
       0
       0
       0
       0
       0
       0
       0
       0
       0
       0
       0
       0
       0
       0
       0
       0
       1
       0
       0
       0
       1
       0
       0
       2
       1
       1
       3
       2
      10
       3
      12
      12
       8
       8
       7
       7
       6
       4
       3
       2
       2
       0
       0
       0
       0
       0
       0
       2
       0
       0
       0
       0
       0
       0
       0
       0
       0
       0
       0
       0
       0
       0
       0
       0
       0
       0
       0
       0
       0
       0
       0
       0
       0
       0
       0
       0
       0
       0
       1
       0
       0
       0
       0
       0
       0
       0
       0
       0
       0
       0
       0
       0
       0
       0
       0
       0
       0
       0
       0
       0
       0
       0
       0
       0
       0
       0
       0
       0
       0
       0
       0
       0
       0
       0
       0
       0
       0
       0
       0
       0
       0
       0
       0
       0
       0
       0
       0
       0
       0
       0
       0
       0
       0
       0
       0
       0
       0
       0
       0
       0
       0
       0
       0
       0
       0
       0
       0
       0
       0
       0
       0
       0
       0
       0
       0
       0
       0
       0
       0
       0
       0
       0
       0
       0
       0
       0
       0
       0
       0
       0
       0
       0
       0
       0
       0
       0
       0
       1
       0
       0
       0
       0
       0
       0
       0
       0
       0
       1
       0
       0
       0
       0
       0
       0
       0
       0
       0
       0
       0
       0
       0
       0
       0
       0
       0
       0
       0
       0
       0
       0
       0
       0
       0
       0
       0
       0
       0
       0
       0
       0
       0
       0
       0
       0
       0
       0
       0
       0
       0
       0
       0
       0
       0
       0
       0
       0
       0
       0
       0
       0
       0
       0
       0
       0
       0
       0
       0
       0
       0
       0
       0
       0
       0
       0
       0
       0
       0
       0
       0
       1
       0
       0
       0
       0
       0
       0
       0
       1
       0
       0
       0
       1
       0
       0
       0
       0
       0
       0
       1
       0
       0
       0
       0
       0
       0
       1
       0
       0
       0
       0
       0
       0
       0
       0
       0
       0
       0
       0
       1
       0
       0
       0
       0
       0
       0
       0
       0
       0
       0
       0
       0
       0
       0
       0
       1
       0
       0
       0
       0
       0
       0
       0
       0
       0
       0
       0
       0
       2
       0
       0
       0
       0
       0
       0
       0
       0
       0
       0
       0
       0
       0
       0
       0
       0
       0
       0
       0
       0
       0
       0
       0
       0
       0
       0
       0
       0
       0
       0
       0
       0
       0
       0
       0
       0
       0
       0
       0
       1
       0
       0
       0
       0
       0
       0
       0
       0
       0
       0
       0
       0
       1
       0
       0
       0
       0
       0
       0
       0
       0
       0
       0
       0
       0
       0
       0
       0
       0
       0
       0
       0
       0
       1
       0
       0
       0
       0
       0
       0
       0
       0
       0
       0
       0
       0
       0
       0
       0
       0
       0
       0
       0
       0
       1
       0
       0
       0
       1
       0
       0
       0
       0
       0
       0
       1
       0
       0
       0
       1
       0
       0
       0
       0
       0
       0
       0
       0
       0
       0
       0
       0
       0
       0
       0
       0
       0
       0
       1
       0
       0
       0
       0
       0
       0
       0
       0
       0
       0
       0
       0
       0
       0
       0
       0
       0
       0
       0
       0
       0
       0
       0
       0
       0
       0
       0
       0
       0
       0
       1
       0
       0
       0
       2
       0
       0
       0
       0
       0
       0
       0
       0
       0
       0
       0
       0
       0
       0
       0
       0
       0
       0
       1
       0
       1
       0
       0
       0
       0
       0
       1
       0
       0
       0
       0
       0
       0
       0
       0
       0
       1
       0
       0
       0
       0
       0
       0
       0
       0
       0
       0
       0
       0
       0
       0
       0
       0
       0
       1
       0
       0
       0
       0
       0
       0
       1
       0
       0
       0
       0
       0
       0
       0
       1
       0
       0
       0
       0
       0
       0
       0
       0
       0
       0
       0
       0
       0
       0
       0
       0
       0
       0
       0
       1
       0
       0
       0
       0
       0
       0
       0
       0
       0
       0
       0
       0
       0
       0
       0
       0
       0
       0
       0
       0
       0
       0
       0
       0
       0
       0
       0
       0
       0
       0
       0
       0
       0
       0
       0
       0
       0
       0
       0
       0
       0
       0
       0
       0
       0
       0
       0
       0
       0
       0
       0
       0
       0
       0
       0
       0
       0
       0
       0
       1
       0
       0
       0
       0
       0
       0
       0
       0
       0
       0
       0
       0
       0
       0
       0
       0
       0
       0
       0
       0
       0
       0
       0
       0
       0
       0
       0
       0
       0
       0
       0
       0
       0
       0
       0
       0
       1
       0
       0
       0
       0
       0
       0
       0
       0
       0
       0
       0
       0
       0
       0
       0
       1
       0
       0
       0
       0
       0
       0
       0
       0
       0
       0
       0
       0
       0
       0
       0
       0
       0
       0
       0
       0
       0
       0
       0
       0
       0
       0
       0
       0
       0
       0
       0
       0
       0
       0
       0
       0
       0
       0
       0
       0
       0
       0
       0
       0
       0
       0
       0
       0
       0
       0
       0
       0
       0
       0
       0
       0
       0
       0
       0
       0
       0
       0
       0
       0
       0
       0
       0
       0
       0
       0
       0
       0
       0
       0
       0
       0
       0
       0
       0
       0
       0
       0
       0
       0
       0
       0
       0
       0
       0
       0
       0
       0
       0
       0
       0
       0
       0
       0
       0
       0
       0
       0
       0
       0
       0
       0
       0
       0
       0
       0
       0
       0
       0
       0
       0
       0
       0
       0
       0
       0
       0
       0
       1
       0
       0
       0
       0
       0
       0
       0
       0
       0
       0
       1
       0
       0
       0
       0
       0
       0
       0
       0
       0
       1
       0
       0
       0
       0
       0
       0
       0
       0
       0
       0
       0
       0
       0
       0
       0
       0
       0
       0
       0
       0
       0
       0
       0
       0
       0
       0
       0
       0
       0
       0
       1
       0
       0
       0
       0
       0
       0
       0
       0
       0
       0
       0
       0
       0
       0
       0
       0
       0
       0
       0
       0
       0
       0
       0
       0
       0
       0
       0
       0
       0
       0
       0
       0
       0
       0
       0
       0
       0
       1
       0
       0
       0
       0
       0
       0
       0
       0
       0
       0
       0
       0
       0
       0
       0
       0
       0
       0
       0
       0
       0
       0
       0
       0
       0
       0
       0
       0
       0
       0
       0
       0
       0
       0
       0
       0
       0
       0
       0
       0
       1
       0
       0
       0
       0
       0
       0
       0
       0
       0
       0
       0
       0
       0
       0
       0
       0
       0
       0
       0
       0
       0
       0
       0
       0
       0
       0
       0
       0
       1
       0
       0
       0
       0
       0
       0
       0
       1
       0
       0
       0
       0
       0
       0
       0
       1
       0
       0
       0
       0
       0
       0
       0
       0
       0
       0
       0
       0
       0
       0
       0
       0
       0
       1
       0
       0
       0
       0
       0
       0
       0
       0
       0
       0
       0
       0
       0
       0
       0
       0
       0
       0
       0
       0
       0
       0
       0
       0
       0
       0
       0
       0
       0
       0
       0
       0
       0
       0
       0
       0
       0
       0
       0
       0
       0
       0
       0
       0
       0
       0
       0
       0
       0
       0
       0
       0
       0
       0
       0
       0
       1
       0
       0
       0
       0
       0
       0
       0
       0
       0
       1
       0
       0
       0
       0
       0
       0
       0
       0
       0
       0
       0
       0
       0
       0
       0
       0
       0
       0
       0
       0
       0
       0
       0
       0
       0
       0
       0
       0
       0
       0
       0
       0
       0
       0
       0
       0
       0
       0
       0
       0
       0
       0
       0
       0
       0
       0
       0
       0
       0
       0
       0
       0
       0
       0
       0
       0
       0
       0
       0
       0
       0
       1
       0
       0
       0
       0
       0
       0
       0
       0
       0
       0
       0
       0
       0
       0
       0
       0
       0
       0
       0
       0
       0
       0
       0
       0
       0
       0
       0
       0
       0
       0
       0
       0
       0
       0
       0
       0
       0
       0
       0
       0
       0
       0
       0
       0
       0
       0
       0
       0
       0
       0
       0
       0
       0
       0
       0
       0
       0
       0
       0
       0
       0
       0
       0
       0
       0
       0
       0
       0
       0
       0
       0
       0
       1
       0
       0
       1
       0
       1
       1
       0
       3
       1
       1
       0
       1
       1
       0
       2
       1
       0
       1
       1
       0
       0
       0
       0
       0
       0
       0
       0
       0
       0
       0
       0
       0
       0
       0
       0
       0
       0
       0
       0
       0
       1
       0
       0
       1
       0
       0
       0
       0
       0
       0
       0
       0
       0
       0
       0
       0
       0
       0
       0
       0
       0
       0
       0
       0
       0
       0
       0
       0
       0
       0
       0
       0
       0
       0
       0
       0
       0
       0
       0
       0
       0
       0
       0
       0
       0
       0
       0
       0
       0
       0
       0
       0
       0
       0
       0
       0
       0
       0
       0
       0
       0
       0
       0
       0
       0
       0
       0
       0
       0
       0
       0
       0
       0
       0
       0
       0
       0
       0
       0
       0
       0
       0
       0
       0
       0
       0
       0
       0
       0
       0
       0
       0
       0
       0
       0
       0
       0
       0
       0
       0
       0
       0
       0
       0
       0
       0
       0
       0
       0
       0
       0
       0
       0
       0
       0
       0
       0
       0
       0
       0
       0
       0
       0
       0
       0
       0
       0
       0
       0
       0
       0
       0
       0
       0
       0
       1
       0
       0
       0
       0
       0
       0
       0
       0
       0
       0
       0
       0
       0
       0
       0
       0
       0
       0
       0
       0
       0
       0
       0
       0
       0
       0
       0
       0
       0
       0
       0
       0
       0
       0
       0
       0
       0
       0
       0
       0
       0
       0
       0
       0
       0
       0
       0
       0
       0
       0
       0
       0
       0
       0
       0
       0
       0
       0
       0
       0
       0
       0
       0
       0
       0
       0
       0
       0
       0
       0
       0
       0
       0
       0
       0
       0
       0
       0
       0
       0
       0
       0
       0
       0
       0
       0
       0
       0
       0
       0
       0
       0
       0
       0
       0
       0
       0
       0
       0
       0
       0
       0
       0
       0
       0
       0
       0
       0
       0
       0
       0
       0
       0
       0
       0
       0
       0
       0
       0
       0
       0
       0
       0
       0
       0
       0
       1
       0
       0
       0
       0
       0
       0
       0
       0
       0
       0
       0
       0
       0
       0
       0
       0
       0
       0
       0
       0
       0
       0
       0
       0
       0
       0
       0
       0
       0
       0
       0
       0
       0
       0
       0
       1
       0
       0
       0
       0
       0
       0
       0
       0
       0
       0
       0
       0
       0
       0
       0
       0
       0
       0
       1
       0
       0
       0
       0
       0
       0
       0
       0
       0
       0
       0
       0
       0
       0
       0
       0
       1
       0
       0
       0
       0
       0
       0
       0
       0
       0
       0
       0
       0
       0
       0
       0
       0
       0
       0
       0
       0
       0
       0
       0
       0
       0
       0
       0
       0
       0
       0
       0
       0
       0
       0
       0
       0
       0
       0
       0
       0
       0
       0
       0
       0
       0
       0
       0
       0
       0
       0
       0
       0
       0
       0
       0
       0
       0
       0
       0
       0
       0
       0
       0
       0
       0
       0
       0
       0
       0
       0
       0
       0
       0
       0
       0
       0
       0
       0
       0
       0
       0
       0
       0
       0
       0
       0
       0
       0
       0
       0
       0
       0
       0
       0
       0
       0
       0
       0
       1
       0
       0
       1
       0
       0
       0
       0
       0
       0
       0
       0
       0
       0
       0
       0
       1
       0
       0
       0
       0
       0
       0
       0
       0
       0
       0
       0
       0
       0
       0
       0
       0
       0
       0
       0
       0
       0
       0
       0
       0
       0
       0
       0
       0
       0
       0
       0
       1
       0
       0
       0
       0
       0
       0
       0
       0
       0
       0
       0
       0
       0
       0
       0
       0
       0
       0
       0
       0
       0
       0
       0
       0
       0
       0
       0
       0
       0
       0
       0
       0
       0
       0
       0
       0
       0
       0
       0
       0
       0
       0
       0
       0
       0
       0
       0
       0
       0
       0
       0
       0
       1
       0
       0
       0
       0
       1
       0
       0
       0
       0
       0
       0
       0
       0
       0
       0
       0
       0
       0
       0
       0
       0
       0
       0
       0
       0
       0
       0
       0
       0
       0
       0
       0
       0
       0
       0
       1
       0
       0
       0
       0
       0
       0
       0
       0
       0
       0
       0
       0
       0
       0
       0
       0
       0
       0
       0
       0
       0
       0
       0
       0
       0
       0
       0
       0
       0
       0
       0
       0
       0
       0
       0
       0
       0
       0
       0
       0
       0
       0
       0
       0
       0
       0
       0
       0
       0
       0
       0
       0
       0
       0
       0
       0
       0
       0
       0
       0
       0
       0
       0
       0
       0
       0
       0
       0
       0
       0
       0
       0
       0
       0
       0
       0
       0
       0
       0
       0
       0
       0
       0
       0
       0
       0
       0
       0
       0
       0
       0
       0
       0
       0
       0
       0
       0
       0
       0
       0
       0
       0
       0
       0
       0
       1
       0
       0
       0
       0
       0
       0
       0
       0
       0
       0
       0
       0
       0
       0
       0
       0
       0
       0
       0
       0
       0
       0
       0
       0
       0
       0
       0
       0
       0
       0
       0
       0
       0
       0
       0
       0
       0
       0
       0
       0
       0
       0
       0
       0
       0
       0
       0
       0
       0
       1
       0
       0
       0
       0
       0
       0
       0
       0
       0
       0
       0
       0
       0
       0
       0
       0
       0
       0
       0
       0
       1
       0
       0
       0
       0
       0
       0
       0
       0
       0
       0
       0
       0
       0
       0
       0
       0
       0
       0
       0
       0
       0
       0
       0
       0
       0
       0
       0
       0
       1
       0
       0
       0
       0
       0
       0
       0
       0
       0
       0
       0
       0
       0
       0
       0
       0
       0
       0
       0
       0
       0
       0
       0
       0
       0
       0
       0
       0
       0
       0
       0
       0
       0
       0
       0
       0
       0
       0
       0
       0
       0
       0
       0
       1
       0
       1
       0
       0
       0
       0
       0
       0
       0
       0
       0
       0
       0
       0
       0
       0
       0
       0
       0
       0
       0
       0
       0
       0
       0
       0
       0
       0
       0
       0
       0
       0
       0
       0
       0
       0
       0
       0
       0
       0
       0
       0
       0
       0
       0
       0
       0
       0
       0
       0
       0
       0
       0
       0
       0
       0
       0
       0
       0
       0
       0
       0
       0
       0
       0
       0
       0
       0
       0
       0
       0
       1
       0
       0
       0
       0
       0
       0
       0
       0
       0
       0
       0
       0
       0
       0
       1
       0
       0
       0
       0
       0
       0
       0
       0
       0
       0
       0
       0
       0
       0
       0
       0
       0
       0
       0
       0
       0
       0
       0
       0
       0
       0
       0
       0
       0
       0
       0
       0
       0
       1
       0
       0
       0
       0
       0
       1
       0
       0
       0
       0
       0
       0
       0
       0
       0
       0
       0
       0
       0
       0
       0
       0
       0
       0
       0
       0
       0
       0
       0
       0
       0
       0
       0
       0
       0
       0
       0
       0
       0
       0
       0
       0
       0
       0
       0
       0
       0
       0
       0
       0
       0
       0
       0
       0
       0
       0
       0
       0
       0
       0
       0
       0
       0
       0
       0
       0
       0
       0
       0
       0
       0
       0
       0
       0
       0
       0
       0
       0
       0
       0
       0
       0
       0
       0
       0
       0
       0
       0
       0
       0
       0
       0
       0
       0
       0
       0
       0
       0
       0
       0
       0
       0
       0
       0
       0
       0
       0
       0
       1
       0
       0
       0
       0
       0
       0
       0
       0
       0
       0
       0
       0
       0
       0
       0
       0
       0
       0
       0
       0
       1
       0
       0
       0
       0
       0
       0
       0
       0
       0
       0
       0
       0
       0
       0
       0
       0
       0
       0
       0
       0
       0
       0
       0
       0
       0
       0
       0
       0
       0
       0
       0
       0
       0
       0
       0
       0
       0
       0
       0
       0
       0
       0
       0
       0
       0
       0
       0
       0
       0
       0
       0
       0
       1
       0
       0
       0
       0
       0
       0
       0
       0
       0
       0
       0
       0
       0
       0
       0
       0
       0
       0
       0
       0
       1
       0
       0
       0
       0
       0
       0
       0
       0
       0
       0
       0
       0
       0
       0
       0
       0
       0
       0
       0
       0
       0
       0
       0
       0
       0
       0
       0
       0
       0
       0
       0
       0
       0
       0
       0
       0
       0
       0
       0
       0
       0
       0
       0
       0
       0
       0
       0
       0
       0
       0
       0
       0
       0
       0
       0
       0
       0
       0
       0
       0
       0
       0
       0
       0
       0
       0
       0
       0
       0
       0
       0
       0
       0
       0
       0
       0
       0
       0
       0
       1
       0
       0
       0
       0
       0
       0
       0
       0
       0
       0
       0
       0
       0
       0
       0
       0
       0
       0
$ROI:
11
224 244
765 907
1350 1411
1828 1908
2525 2667
2716 2799
3716 3817
4331 4427
4564 4622
5085 5259
5690 5768
$PRESETS:
Live Time
100
0
$ENER_FIT:
0.053689 0.255148
$MCA_CAL:
3
5.368913E-002 2.551478E-001 -1.853380E-009 keV
$SHAPE_CAL:
3
6.992400E+000 7.812671E-004 -3.508660E-008
