$SPEC_ID:
No sample description was entered.
$SPEC_REM:
DET# 1
DETDESC# GMX20P4 HPGe
AP# Maestro Version 7.01
$DATE_MEA:
11/23/2018 15:38:34
$MEAS_TIM:
200 201
$DATA:
0 8191
       0
       0
       0
       0
       0
       0
       0
       0
       0
       0
       0
       0
       0
       0
       0
       0
       0
       0
       0
       0
       0
       0
       0
       0
       0
       0
       0
       0
       0
       0
       0
       0
       0
       0
       0
       0
       0
       0
       0
       0
       0
       0
       0
       0
       0
       0
       0
       0
       5
      15
      28
      33
      35
      62
      59
      53
      45
      56
      43
      51
      45
      48
      48
      48
      46
      41
      61
      51
      58
      45
      54
      47
      51
      58
      60
      44
      53
      56
      55
      52
      60
      66
      60
      74
      64
      78
      66
      76
      74
      74
      67
      71
      56
      62
      60
      60
      60
      57
      53
      57
      53
      56
      59
      72
      75
      57
      74
      81
      85
      94
     114
     108
     126
     122
     137
     143
     178
     198
     214
     290
     326
     447
     546
     648
     722
     799
     718
     632
     509
     388
     302
     194
     126
     112
     104
      95
      90
     113
     132
     163
     181
     210
     216
     202
     210
     147
     123
     120
      87
      73
      78
      50
      50
      62
      46
      50
      54
      49
      43
      44
      49
      43
      53
      46
      58
      64
      42
      48
      50
      68
      57
      55
      47
      43
      58
      41
      52
      50
      51
      52
      45
      46
      49
      50
      49
      61
      62
      52
      42
      42
      60
      46
      53
      56
      50
      45
      44
      70
      59
      64
      47
      68
      55
      56
      55
      44
      66
      58
      53
      69
      69
      65
      61
      46
      50
      58
      64
      59
      64
      35
      61
      42
      49
      56
      65
      55
      53
      63
      43
      54
      48
      60
      46
      68
      48
      72
      60
      35
      50
      49
      56
      71
      62
      64
      69
      59
      69
      59
      62
      59
      50
      72
      78
      58
      64
      67
      76
      53
      60
      68
      65
      65
      56
      66
      50
      65
      74
      69
      66
      83
      57
      74
      59
      78
      51
      50
      60
      57
      63
      59
      62
      71
      79
      71
      77
      59
      60
      80
      84
      51
      71
      60
      68
      58
      76
      77
      62
      68
      63
      73
      60
      73
      66
      64
      68
      81
      65
      88
      67
      70
      71
      61
      81
      77
      75
      65
      80
      73
      60
      65
      64
      77
      73
      68
      69
      65
      75
      85
      75
      56
      70
      63
      74
      56
      56
      64
      76
      59
      78
      72
      51
      66
      63
      73
      70
      53
      68
      51
      64
      70
      49
      66
      66
      77
      59
      62
      55
      66
      72
      76
      90
      69
      71
      56
      60
      97
      52
      55
      58
      71
      62
      53
      79
      85
      66
      68
      64
      56
      62
      73
      60
      60
      72
      76
      77
      64
      68
      68
      66
      63
      66
      61
      65
      74
      56
      64
      69
      68
      69
      61
      52
      60
      69
      61
      72
      78
      54
      80
      58
      71
      65
      69
      67
      76
      71
      62
      67
      53
      68
      65
      62
      68
      59
      61
      82
      82
      63
      80
      57
      69
      63
      63
      62
      67
      66
      67
      68
      69
      66
      57
      71
      67
      73
      53
      69
      83
      52
      66
      68
      66
      85
      79
      60
      54
      54
      81
      57
      60
      46
      55
      79
      61
      68
      59
      74
      74
      77
      57
      56
      75
      81
      66
      70
      56
      53
      55
      73
      71
      58
      70
      61
      86
      67
      71
      66
      46
      77
      62
      61
      70
      72
      60
      56
      62
      63
      63
      66
      65
      64
      60
      76
      62
      63
      58
      59
      58
      59
      75
      70
      74
      50
      44
      67
      66
      65
      59
      64
      62
      58
      71
      44
      73
      60
      55
      50
      64
      57
      53
      69
      58
      55
      62
      60
      65
      57
      64
      54
      80
      55
      66
      65
      49
      57
      59
      59
      59
      54
      70
      65
      65
      44
      60
      73
      70
      74
      55
      63
      63
      45
      68
      68
      74
      72
      49
      68
      52
      57
      68
      55
      66
      63
      62
      65
      53
      52
      49
      53
      53
      71
      69
      57
      59
      54
      58
      48
      49
      62
      47
      45
      54
      62
      54
      52
      60
      43
      54
      66
      50
      64
      64
      55
      53
      60
      62
      47
      56
      52
      52
      65
      51
      56
      60
      65
      54
      55
      64
      57
      47
      68
      43
      61
      74
      57
      54
      61
      70
      68
      58
      50
      49
      63
      56
      55
      60
      57
      62
      57
      68
      57
      52
      53
      49
      65
      57
      52
      50
      72
      54
      49
      44
      60
      63
      56
      67
      42
      51
      53
      52
      59
      46
      51
      48
      63
      43
      49
      54
      52
      50
      45
      59
      51
      56
      53
      48
      53
      61
      47
      59
      45
      60
      45
      63
      72
      50
      57
      63
      64
      60
      54
      56
      58
      50
      55
      40
      47
      60
      59
      56
      60
      48
      52
      50
      46
      44
      53
      59
      63
      49
      55
      50
      37
      57
      50
      45
      61
      69
      44
      71
      56
      49
      66
      79
      60
      57
      76
      70
      69
      69
      80
      71
      67
      87
      61
      71
      55
      77
      72
      66
      63
      67
      78
      60
      58
      67
      74
      58
      69
      58
      57
      68
      68
      70
      70
      59
      60
      69
      38
      48
      40
      52
      48
      58
      63
      68
      50
      41
      61
      48
      49
      69
      66
      54
      52
      64
      52
      50
      52
      63
      65
      57
      61
      60
      58
      49
      55
      43
      52
      64
      47
      44
      45
      58
      60
      46
      67
      43
      33
      58
      44
      49
      46
      63
      46
      33
      45
      45
      39
      50
      47
      40
      52
      61
      54
      57
      42
      52
      54
      49
      47
      54
      52
      52
      48
      53
      49
      64
      55
      57
      63
      49
      39
      52
      60
      48
      44
      58
      62
      45
      55
      48
      54
      47
      54
      50
      40
      56
      42
      56
      43
      42
      55
      56
      46
      47
      48
      59
      37
      45
      65
      54
      47
      45
      41
      47
      43
      44
      67
      49
      45
      51
      53
      46
      52
      39
      60
      53
      51
      50
      68
      39
      48
      55
      51
      38
      42
      59
      44
      55
      53
      38
      48
      58
      49
      51
      56
      57
      50
      36
      49
      49
      48
      48
      58
      53
      36
      50
      41
      57
      54
      49
      52
      59
      39
      36
      44
      52
      54
      47
      42
      42
      42
      57
      60
      49
      55
      55
      46
      51
      50
      50
      45
      49
      56
      47
      62
      49
      51
      58
      51
      50
      40
      43
      50
      57
      61
      47
      54
      47
      47
      53
      55
      44
      47
      53
      36
      59
      52
      57
      51
      52
      57
      43
      35
      47
      47
      51
      43
      45
      51
      55
      54
      37
      54
      46
      58
      37
      45
      44
      48
      47
      37
      41
      55
      56
      64
      52
      59
      48
      42
      49
      55
      44
      55
      53
      57
      50
      56
      52
      51
      62
      38
      49
      41
      61
      55
      44
      50
      53
      42
      42
      61
      48
      57
      43
      39
      47
      32
      50
      59
      46
      54
      53
      33
      44
      36
      33
      38
      42
      47
      50
      42
      40
      43
      50
      56
      43
      42
      56
      48
      52
      37
      39
      55
      39
      46
      26
      43
      51
      43
      42
      38
      44
      48
      47
      37
      53
      39
      55
      48
      42
      34
      43
      54
      40
      49
      37
      42
      45
      42
      37
      43
      42
      55
      42
      45
      51
      52
      40
      33
      43
      36
      43
      41
      45
      36
      34
      31
      32
      38
      50
      48
      57
      45
      44
      34
      46
      45
      48
      51
      38
      55
      43
      47
      43
      42
      37
      36
      41
      44
      49
      56
      36
      35
      42
      44
      42
      29
      42
      35
      36
      49
      37
      39
      47
      49
      43
      36
      47
      25
      40
      62
      45
      42
      35
      53
      55
      28
      51
      41
      42
      48
      45
      38
      39
      43
      48
      37
      43
      42
      37
      39
      41
      47
      46
      56
      50
      39
      49
      40
      49
      49
      46
      51
      41
      46
      40
      47
      39
      38
      42
      44
      36
      29
      30
      40
      46
      42
      49
      43
      34
      38
      46
      40
      35
      50
      34
      50
      26
      45
      32
      39
      41
      41
      33
      31
      57
      34
      38
      41
      44
      36
      26
      28
      43
      37
      42
      36
      45
      30
      49
      44
      38
      40
      43
      29
      41
      38
      46
      53
      37
      38
      39
      43
      43
      41
      34
      42
      37
      41
      31
      40
      50
      45
      31
      47
      31
      26
      39
      31
      33
      36
      25
      36
      33
      48
      34
      46
      43
      46
      35
      42
      37
      32
      38
      45
      32
      34
      34
      23
      41
      37
      37
      26
      37
      32
      44
      41
      40
      32
      42
      33
      40
      33
      35
      31
      38
      54
      34
      36
      51
      49
      41
      38
      39
      32
      37
      52
      50
      30
      31
      33
      34
      39
      29
      44
      36
      35
      34
      38
      32
      37
      34
      39
      35
      31
      39
      44
      40
      44
      40
      34
      38
      27
      49
      45
      43
      32
      35
      48
      36
      54
      32
      34
      44
      30
      42
      38
      42
      38
      35
      37
      37
      37
      37
      31
      41
      37
      41
      35
      23
      40
      38
      32
      35
      39
      37
      38
      36
      33
      34
      41
      25
      37
      38
      34
      33
      36
      45
      33
      51
      49
      27
      39
      36
      41
      38
      34
      39
      34
      38
      54
      48
      42
      42
      37
      42
      51
      42
      45
      42
      50
      66
      44
      45
      43
      40
      37
      36
      31
      36
      51
      39
      49
      39
      36
      27
      26
      44
      30
      41
      31
      38
      39
      38
      31
      44
      38
      43
      33
      33
      40
      29
      44
      39
      32
      38
      29
      35
      31
      32
      34
      19
      41
      40
      43
      46
      33
      30
      43
      35
      45
      36
      41
      37
      37
      33
      34
      32
      35
      39
      37
      63
      39
      34
      38
      33
      32
      42
      44
      31
      45
      39
      53
      17
      41
      47
      37
      32
      36
      30
      41
      40
      28
      42
      28
      38
      44
      35
      36
      43
      38
      36
      42
      32
      40
      43
      38
      48
      41
      46
      47
      37
      43
      44
      40
      48
      37
      40
      39
      41
      46
      28
      41
      33
      39
      42
      34
      44
      30
      36
      33
      46
      45
      37
      42
      35
      33
      42
      33
      40
      48
      35
      41
      43
      38
      40
      33
      36
      41
      50
      26
      36
      36
      39
      32
      39
      37
      34
      34
      42
      51
      29
      40
      34
      50
      49
      34
      28
      38
      36
      45
      41
      50
      50
      36
      28
      42
      44
      46
      44
      35
      31
      40
      56
      38
      34
      48
      55
      47
      27
      36
      37
      34
      40
      41
      40
      47
      41
      50
      44
      50
      42
      46
      35
      51
      37
      47
      45
      46
      42
      45
      50
      60
      47
      40
      33
      50
      29
      38
      40
      45
      47
      37
      41
      44
      41
      34
      48
      39
      37
      41
      47
      40
      38
      38
      46
      32
      53
      45
      34
      38
      55
      39
      45
      37
      44
      39
      40
      38
      40
      50
      39
      49
      47
      47
      44
      42
      42
      39
      39
      37
      45
      38
      46
      43
      41
      44
      36
      39
      43
      53
      43
      40
      52
      48
      32
      44
      53
      36
      40
      43
      52
      38
      44
      42
      48
      29
      53
      35
      51
      52
      32
      53
      38
      41
      45
      51
      31
      40
      43
      43
      46
      47
      44
      41
      38
      55
      53
      65
      39
      52
      50
      44
      50
      57
      42
      45
      51
      33
      46
      48
      44
      44
      44
      72
      48
      43
      30
      37
      40
      42
      47
      40
      54
      44
      53
      37
      45
      48
      44
      43
      48
      37
      46
      39
      58
      36
      34
      41
      53
      41
      57
      41
      44
      34
      29
      38
      53
      56
      42
      44
      52
      49
      57
      47
      48
      45
      61
      50
      43
      53
      43
      44
      55
      61
      50
      50
      49
      35
      51
      54
      48
      44
      51
      42
      32
      56
      51
      55
      63
      57
      46
      44
      44
      42
      44
      47
      53
      52
      52
      52
      40
      48
      54
      51
      53
      56
      38
      58
      47
      64
      44
      44
      50
      43
      56
      52
      50
      57
      50
      46
      56
      44
      45
      54
      44
      49
      51
      51
      50
      56
      51
      42
      51
      34
      48
      55
      58
      52
      61
      57
      62
      43
      59
      61
      44
      54
      48
      39
      48
      44
      53
      52
      52
      58
      49
      53
      42
      53
      41
      44
      40
      52
      64
      51
      54
      50
      54
      48
      58
      61
      48
      65
      47
      44
      42
      50
      45
      39
      52
      51
      41
      42
      52
      47
      59
      49
      47
      57
      56
      52
      35
      53
      39
      55
      41
      46
      53
      52
      46
      37
      33
      40
      32
      44
      27
      41
      43
      34
      35
      41
      39
      29
      43
      33
      30
      32
      23
      38
      30
      30
      40
      25
      32
      31
      31
      31
      32
      26
      34
      27
      31
      33
      24
      22
      25
      30
      33
      31
      27
      32
      25
      33
      24
      39
      38
      34
      36
      31
      29
      18
      24
      38
      25
      29
      28
      20
      35
      15
      26
      24
      23
      22
      33
      27
      27
      15
      20
      32
      19
      27
      34
      26
      26
      21
      19
      24
      17
      29
      22
      20
      31
      22
      19
      31
      24
      25
      22
      20
      24
      21
      19
      19
      27
      11
      16
      23
      29
      23
      17
      20
      22
      25
      30
      22
      24
      20
      25
      17
      21
      12
      19
      32
      17
      20
      20
      19
      19
      15
      17
      16
      18
      25
      22
      18
      24
      20
      26
      23
      19
      21
      24
      25
      24
      21
      27
      22
      21
      18
      19
      25
      18
      21
      19
      24
      14
      18
      21
      16
      11
      19
      21
      17
      18
      22
      21
      20
      23
      22
      26
      19
      21
      15
      24
      17
      14
      17
      19
      23
      23
      20
      15
      18
      16
      16
      18
      16
      19
      27
      14
      20
      23
      18
      17
      20
      17
      17
      14
      13
      15
      14
      22
      20
      24
      12
      19
      19
      11
      17
      14
      16
      20
      17
      19
      16
      24
      19
      19
      12
      11
      14
      17
      10
      19
      13
      12
      11
      12
      16
      20
      10
      18
      20
      18
      13
      21
      13
      17
      17
       9
      15
      12
      20
      16
      14
      14
       8
      11
       9
      12
      20
      10
      15
      15
      17
      18
      13
      15
       8
       9
       9
      10
      10
      10
      11
      13
       8
      14
      16
       9
       7
       4
      12
       9
      12
       9
      11
      10
       9
       9
       8
      14
       8
      13
      16
      15
      11
       7
      13
      16
      10
       9
      10
      12
       6
       8
      10
       9
      10
       6
      12
      11
      12
      13
       7
       8
       8
       5
      13
      13
       9
       8
       7
       8
      12
       8
       3
      12
      10
      11
      10
      11
      11
       9
       6
      11
      11
       6
       6
       7
       7
       4
      12
       8
       8
      11
      11
      12
       8
      12
      13
       4
       5
       7
       5
       8
       5
      10
       9
       7
       8
      13
       6
       6
      10
       9
       6
       7
       5
       4
       6
       5
      13
       7
       7
       5
       9
       9
       4
       8
       9
      15
       7
       4
       7
       5
       7
       4
       5
       7
       7
       8
       6
       5
       9
       9
       6
       5
       5
       7
       4
       4
       9
       3
       6
       7
      10
       8
       5
       3
       3
      12
       3
       6
       5
       4
      10
       7
       3
       7
       8
       9
       5
       2
       8
       2
       5
      11
       3
       3
       4
       7
      12
       9
      15
       8
       3
       7
       6
       8
       9
       7
       7
       4
       3
       7
       2
       3
       5
       3
       5
       1
       5
       5
       4
       6
       7
       5
       1
       3
       5
       8
       2
       5
       6
       5
       6
       8
       3
       3
       1
       8
       7
       7
       3
       6
       4
       4
       3
       8
       4
       2
       5
       5
       5
       6
       2
       4
       6
       6
       4
       1
       4
       6
       7
       2
       6
       8
       4
       6
       2
       6
       5
       2
       4
       1
       2
       7
       6
       8
       5
       6
       5
       6
       3
       1
       7
       7
       4
       6
       6
       1
      10
       5
       6
       6
       4
       5
       7
       4
       8
       8
       7
       8
       8
      13
      14
      17
      16
       9
       6
      12
      11
       4
       4
       3
       1
       4
       1
       4
       2
       3
       6
       4
       7
       7
       5
       1
       4
       7
       6
       6
       2
       3
       5
       5
       2
       8
       4
       3
       7
       4
       4
       2
       1
       7
       3
       2
       4
       3
       5
       7
       4
       4
       5
       3
       7
       4
       1
       4
       6
       5
       8
       7
       1
       3
       2
       3
       5
       1
       5
       0
       3
       2
       5
       4
       4
       5
       3
       4
       4
       5
       7
       2
       5
       4
       2
       5
       3
       3
       3
       9
       0
       5
       3
       3
       3
       5
       0
       2
       5
       3
       2
       5
       6
       2
       6
       0
       5
       2
       2
       4
       3
       9
       7
       2
       5
       4
       3
       4
       4
       7
       4
       5
       3
       3
       4
       4
       3
       6
       3
       2
       5
       4
       6
       4
       8
       2
       4
       6
       3
       3
       4
       5
       3
       4
       5
       4
       3
       4
       5
       2
       5
       5
       2
       7
       4
       6
       3
       5
       4
       5
       6
       3
       6
       6
       6
       7
       3
       4
       4
       5
       8
       2
       2
       6
       4
       4
       3
       6
       4
       6
       2
       4
       4
       9
       2
       4
       4
       4
       5
       3
       2
       7
       7
       6
      11
      11
      12
      19
      25
      56
      82
     116
     184
     286
     513
     712
    1110
    1451
    1822
    2079
    2259
    2322
    2236
    1909
    1536
    1086
     774
     464
     321
     180
      82
      40
      18
       5
       3
       2
       3
       1
       2
       0
       1
       1
       0
       0
       0
       2
       2
       0
       0
       0
       0
       1
       0
       0
       1
       0
       2
       0
       4
       2
       2
       0
       3
       0
       0
       2
       1
       1
       2
       2
       3
       0
       0
       0
       1
       1
       0
       1
       2
       1
       0
       1
       3
       1
       0
       1
       0
       0
       2
       1
       1
       0
       0
       0
       2
       1
       0
       2
       1
       1
       3
       2
       2
       0
       2
       0
       2
       1
       1
       2
       1
       1
       0
       0
       2
       1
       0
       2
       0
       2
       1
       0
       0
       1
       0
       2
       2
       0
       1
       4
       0
       0
       0
       0
       2
       2
       1
       2
       1
       1
       0
       0
       2
       1
       1
       0
       0
       1
       0
       0
       2
       2
       0
       0
       2
       3
       0
       1
       1
       0
       1
       0
       0
       2
       1
       2
       0
       0
       1
       0
       0
       0
       0
       1
       0
       1
       1
       2
       0
       3
       0
       3
       1
       0
       0
       1
       2
       2
       0
       1
       2
       2
       2
       0
       2
       1
       2
       1
       2
       1
       0
       1
       0
       1
       1
       1
       1
       1
       1
       0
       2
       1
       1
       1
       0
       1
       1
       1
       1
       1
       1
       1
       1
       0
       1
       2
       1
       2
       0
       0
       1
       1
       1
       1
       0
       0
       1
       0
       0
       0
       0
       0
       1
       0
       3
       1
       1
       0
       2
       2
       0
       1
       1
       1
       0
       1
       2
       0
       2
       1
       3
       0
       1
       1
       1
       1
       2
       1
       0
       0
       1
       1
       1
       0
       1
       1
       3
       1
       3
       0
       1
       1
       2
       0
       3
       0
       1
       1
       1
       1
       0
       1
       0
       1
       0
       0
       2
       0
       0
       1
       0
       2
       0
       0
       1
       1
       2
       2
       0
       1
       1
       2
       0
       2
       1
       0
       2
       0
       0
       1
       1
       0
       3
       0
       0
       2
       1
       4
       0
       0
       1
       1
       3
       1
       0
       1
       1
       0
       1
       1
       1
       0
       0
       0
       1
       0
       0
       1
       1
       2
       1
       0
       1
       2
       0
       0
       1
       1
       0
       0
       0
       1
       0
       0
       0
       1
       2
       2
       1
       2
       0
       0
       1
       2
       2
       0
       1
       0
       1
       1
       0
       2
       0
       1
       0
       0
       2
       1
       3
       0
       0
       1
       0
       1
       2
       0
       2
       0
       3
       0
       1
       0
       1
       0
       1
       1
       0
       1
       1
       1
       0
       2
       2
       1
       1
       0
       0
       3
       1
       0
       2
       0
       1
       0
       1
       3
       0
       4
       1
       1
       1
       1
       2
       3
       4
       0
       1
       3
       2
       1
       0
       3
       2
       0
       1
       0
       0
       2
       0
       0
       0
       2
       1
       1
       0
       1
       1
       1
       0
       1
       1
       0
       0
       0
       0
       0
       0
       1
       1
       1
       3
       0
       1
       0
       0
       3
       0
       0
       0
       1
       1
       1
       0
       1
       2
       0
       0
       2
       1
       1
       1
       0
       1
       1
       0
       1
       0
       0
       1
       1
       1
       0
       1
       1
       2
       0
       0
       2
       0
       1
       1
       2
       0
       1
       1
       0
       0
       0
       0
       0
       1
       1
       0
       1
       0
       3
       0
       0
       0
       0
       1
       0
       1
       0
       1
       0
       0
       0
       2
       2
       0
       1
       1
       0
       4
       0
       2
       1
       0
       1
       1
       1
       1
       1
       1
       1
       0
       2
       0
       0
       2
       0
       0
       0
       0
       1
       1
       0
       0
       1
       0
       2
       1
       0
       1
       1
       0
       1
       0
       1
       1
       0
       0
       1
       1
       0
       1
       1
       2
       0
       1
       0
       1
       3
       0
       1
       2
       1
       1
       0
       2
       1
       0
       1
       1
       0
       0
       1
       0
       0
       0
       0
       2
       0
       1
       2
       1
       2
       1
       1
       2
       0
       1
       0
       0
       0
       0
       1
       1
       0
       1
       0
       1
       0
       1
       0
       2
       0
       2
       0
       0
       1
       1
       0
       0
       0
       1
       1
       0
       2
       1
       1
       1
       0
       0
       1
       1
       0
       1
       1
       3
       0
       0
       0
       1
       1
       0
       1
       2
       0
       0
       0
       3
       1
       0
       2
       0
       0
       0
       0
       1
       0
       1
       1
       1
       1
       1
       3
       1
       3
       1
       1
       0
       0
       1
       0
       2
       2
       2
       1
       1
       2
       0
       1
       1
       2
       0
       2
       0
       2
       1
       1
       2
       1
       0
       0
       2
       3
       0
       1
       0
       0
       3
       1
       1
       0
       1
       0
       0
       1
       0
       2
       0
       0
       0
       1
       1
       0
       1
       1
       0
       1
       1
       2
       0
       0
       1
       0
       0
       1
       0
       1
       0
       0
       2
       0
       0
       1
       2
       0
       2
       0
       1
       0
       1
       0
       0
       0
       0
       3
       0
       0
       0
       1
       0
       0
       1
       0
       0
       1
       0
       1
       2
       0
       0
       0
       1
       0
       3
       1
       1
       0
       1
       1
       1
       0
       2
       1
       1
       0
       0
       0
       1
       1
       0
       2
       1
       1
       0
       1
       1
       0
       0
       1
       0
       3
       2
       0
       2
       0
       1
       0
       1
       0
       1
       0
       1
       0
       2
       0
       0
       2
       2
       0
       1
       2
       0
       1
       1
       1
       1
       0
       1
       1
       1
       0
       1
       0
       0
       0
       1
       0
       1
       0
       1
       1
       0
       1
       2
       0
       0
       0
       1
       0
       1
       1
       0
       0
       1
       0
       1
       1
       0
       2
       2
       0
       0
       0
       3
       0
       2
       0
       1
       0
       0
       2
       0
       1
       1
       0
       0
       0
       0
       1
       2
       0
       1
       1
       0
       0
       0
       3
       1
       2
       1
       0
       0
       0
       1
       1
       0
       0
       1
       0
       1
       0
       2
       0
       0
       2
       0
       2
       0
       0
       1
       0
       0
       0
       0
       0
       1
       0
       1
       1
       0
       0
       1
       1
       0
       2
       0
       0
       1
       0
       1
       0
       0
       1
       1
       2
       1
       2
       0
       0
       0
       0
       0
       2
       1
       3
       0
       1
       2
       0
       1
       1
       2
       2
       1
       1
       0
       3
       2
       1
       0
       0
       1
       0
       0
       0
       1
       0
       0
       0
       1
       1
       1
       2
       0
       0
       2
       0
       0
       1
       4
       2
       1
       5
       2
       1
       3
       1
       2
       0
       3
       0
       1
       4
       0
       1
       0
       1
       0
       0
       1
       0
       0
       0
       1
       0
       2
       0
       1
       0
       1
       1
       1
       2
       0
       1
       0
       1
       0
       0
       1
       1
       0
       2
       0
       0
       1
       0
       1
       1
       1
       0
       2
       1
       1
       0
       2
       1
       1
       0
       0
       1
       0
       0
       0
       1
       1
       0
       0
       1
       0
       0
       0
       0
       1
       0
       0
       0
       1
       1
       0
       0
       0
       1
       1
       2
       1
       0
       2
       2
       4
       2
       2
       1
       0
       0
       2
       0
       2
       0
       0
       0
       0
       0
       1
       0
       0
       0
       0
       1
       0
       0
       0
       1
       1
       0
       1
       1
       0
       1
       0
       0
       1
       0
       0
       0
       2
       0
       0
       3
       0
       1
       0
       1
       0
       0
       1
       0
       1
       0
       0
       0
       0
       1
       1
       1
       0
       0
       0
       0
       1
       1
       0
       2
       1
       0
       0
       2
       0
       1
       1
       0
       0
       2
       2
       0
       0
       1
       0
       4
       1
       0
       2
       0
       1
       0
       0
       1
       3
       0
       0
       1
       1
       0
       1
       0
       0
       0
       1
       1
       0
       1
       2
       0
       0
       0
       1
       1
       1
       0
       3
       1
       2
       0
       0
       2
       0
       0
       0
       0
       0
       0
       1
       1
       2
       0
       0
       0
       2
       1
       0
       0
       1
       1
       1
       1
       1
       0
       1
       0
       2
       0
       2
       3
       0
       1
       1
       1
       0
       1
       0
       1
       1
       1
       2
       0
       0
       0
       0
       0
       2
       1
       1
       0
       0
       0
       0
       0
       1
       0
       1
       0
       1
       1
       0
       1
       0
       0
       1
       0
       0
       0
       0
       1
       1
       3
       0
       0
       1
       0
       1
       2
       1
       0
       0
       0
       2
       0
       0
       0
       0
       0
       0
       0
       0
       0
       1
       0
       0
       0
       1
       0
       1
       0
       0
       1
       0
       0
       1
       0
       0
       1
       2
       0
       0
       0
       2
       1
       0
       0
       0
       0
       1
       0
       2
       0
       0
       1
       1
       0
       0
       0
       1
       0
       0
       0
       0
       0
       0
       0
       0
       0
       1
       2
       0
       0
       1
       0
       0
       1
       1
       0
       1
       0
       0
       0
       0
       0
       2
       0
       0
       0
       0
       0
       0
       0
       2
       1
       1
       0
       2
       1
       0
       0
       2
       1
       0
       0
       1
       0
       2
       0
       0
       0
       0
       0
       0
       0
       1
       1
       2
       0
       1
       1
       1
       1
       1
       0
       0
       1
       1
       1
       1
       0
       0
       1
       2
       1
       0
       2
       3
       0
       0
       2
       0
       1
       0
       0
       0
       0
       1
       2
       1
       0
       1
       1
       0
       0
       0
       0
       0
       0
       2
       2
       2
       0
       0
       2
       0
       1
       0
       0
       3
       0
       1
       0
       0
       0
       2
       2
       0
       0
       0
       0
       0
       0
       1
       0
       1
       0
       0
       2
       0
       2
       1
       2
       0
       1
       0
       0
       2
       1
       1
       1
       1
       0
       0
       0
       0
       0
       0
       0
       0
       0
       1
       0
       1
       2
       1
       0
       1
       0
       1
       1
       0
       0
       1
       0
       2
       1
       0
       1
       0
       0
       1
       0
       0
       1
       0
       1
       0
       0
       0
       0
       0
       1
       0
       0
       1
       1
       0
       0
       1
       2
       1
       1
       0
       0
       1
       1
       1
       0
       0
       0
       1
       0
       2
       3
       0
       2
       0
       1
       1
       0
       1
       0
       0
       0
       3
       1
       0
       0
       1
       0
       0
       0
       0
       1
       0
       1
       0
       0
       0
       0
       1
       1
       0
       1
       0
       1
       1
       0
       1
       0
       1
       0
       1
       0
       0
       0
       1
       0
       0
       0
       0
       0
       0
       0
       0
       1
       0
       0
       0
       0
       0
       1
       1
       1
       1
       1
       1
       0
       0
       0
       0
       0
       0
       0
       0
       0
       0
       0
       3
       2
       0
       0
       1
       0
       1
       1
       2
       1
       0
       1
       0
       0
       1
       1
       0
       0
       1
       0
       0
       0
       0
       0
       2
       0
       1
       0
       0
       1
       1
       1
       0
       0
       0
       0
       2
       1
       1
       1
       0
       0
       0
       1
       3
       0
       2
       0
       0
       0
       1
       1
       0
       1
       0
       0
       1
       0
       1
       1
       5
       2
       0
       1
       0
       0
       3
       0
       2
       0
       0
       0
       1
       1
       0
       0
       1
       0
       1
       1
       0
       0
       0
       0
       1
       0
       0
       1
       1
       0
       1
       2
       1
       0
       0
       1
       1
       0
       0
       0
       2
       0
       2
       0
       0
       0
       2
       2
       0
       0
       1
       0
       0
       0
       2
       0
       1
       0
       0
       1
       0
       0
       1
       0
       0
       1
       0
       1
       0
       1
       0
       0
       0
       0
       1
       0
       0
       0
       1
       0
       0
       0
       1
       1
       1
       1
       1
       1
       0
       0
       1
       0
       0
       0
       0
       0
       2
       0
       1
       0
       0
       0
       1
       0
       0
       2
       0
       1
       1
       1
       2
       0
       0
       4
       0
       1
       0
       0
       1
       0
       1
       1
       0
       0
       1
       2
       0
       1
       2
       1
       1
       0
       0
       1
       0
       0
       1
       0
       0
       1
       1
       1
       0
       1
       2
       1
       0
       3
       5
       1
       0
       1
       4
       7
       4
       0
       1
       2
       1
       0
       0
       0
       0
       1
       0
       2
       1
       0
       1
       1
       0
       0
       0
       0
       1
       1
       1
       0
       0
       1
       2
       1
       2
       0
       0
       1
       2
       0
       0
       1
       2
       2
       0
       0
       3
       0
       0
       1
       1
       0
       1
       0
       0
       0
       2
       0
       0
       1
       1
       1
       0
       0
       1
       1
       0
       0
       0
       0
       1
       1
       2
       1
       0
       0
       1
       0
       0
       0
       0
       1
       0
       0
       0
       0
       0
       1
       0
       0
       0
       1
       0
       0
       3
       0
       0
       0
       1
       0
       0
       0
       3
       1
       1
       0
       2
       0
       0
       0
       1
       0
       2
       0
       1
       1
       3
       0
       1
       1
       0
       0
       0
       1
       1
       0
       0
       0
       1
       0
       1
       0
       0
       1
       0
       0
       1
       0
       2
       1
       1
       2
       0
       1
       1
       2
       0
       1
       1
       0
       0
       1
       0
       0
       2
       1
       0
       0
       1
       0
       0
       1
       2
       1
       0
       0
       1
       0
       0
       0
       0
       2
       1
       0
       0
       1
       1
       1
       0
       1
       1
       1
       2
       0
       3
       0
       1
       0
       1
       2
       0
       2
       0
       1
       3
       0
       0
       0
       0
       0
       1
       0
       1
       0
       0
       0
       1
       2
       0
       0
       0
       0
       1
       2
       1
       2
       0
       2
       0
       1
       0
       0
       0
       2
       0
       2
       1
       0
       0
       0
       1
       0
       0
       2
       0
       1
       0
       1
       0
       0
       0
       2
       0
       0
       0
       0
       0
       2
       1
       1
       2
       1
       1
       0
       2
       0
       0
       1
       2
       0
       0
       0
       0
       0
       0
       1
       0
       0
       0
       1
       1
       1
       1
       1
       0
       0
       1
       0
       0
       3
       0
       0
       1
       0
       0
       0
       1
       2
       0
       1
       0
       1
       0
       0
       0
       0
       0
       1
       0
       1
       0
       1
       0
       0
       0
       0
       1
       1
       0
       0
       1
       0
       1
       0
       1
       0
       0
       0
       3
       0
       0
       1
       1
       1
       0
       1
       1
       1
       1
       2
       5
       2
       0
       2
       0
       1
       0
       0
       2
       0
       0
       1
       1
       0
       1
       0
       0
       0
       0
       0
       1
       0
       0
       0
       0
       1
       0
       0
       0
       0
       3
       1
       0
       1
       0
       1
       0
       0
       0
       1
       1
       0
       0
       2
       0
       0
       0
       1
       2
       0
       0
       1
       1
       0
       0
       0
       0
       1
       0
       0
       0
       1
       0
       0
       2
       1
       0
       1
       1
       1
       0
       1
       0
       1
       0
       1
       1
       0
       0
       3
       1
       0
       2
       1
       0
       0
       1
       0
       0
       0
       0
       1
       0
       2
       1
       0
       1
       2
       2
       0
       0
       1
       0
       0
       1
       0
       0
       0
       1
       1
       0
       1
       2
       0
       0
       0
       0
       1
       0
       0
       1
       1
       0
       2
       1
       1
       1
       2
       0
       1
       0
       2
       1
       0
       2
       0
       0
       1
       0
       1
       2
       1
       1
       0
       2
       1
       1
       0
       0
       1
       1
       1
       0
       1
       0
       0
       0
       0
       0
       0
       0
       1
       0
       0
       0
       2
       0
       0
       0
       0
       1
       2
       0
       0
       1
       0
       1
       2
       0
       1
       1
       0
       0
       1
       0
       0
       0
       0
       0
       0
       1
       0
       1
       1
       1
       0
       1
       1
       1
       0
       0
       1
       1
       1
       1
       1
       1
       0
       0
       0
       0
       0
       0
       0
       0
       0
       0
       0
       0
       3
       0
       0
       1
       0
       0
       0
       0
       1
       1
       0
       0
       1
       1
       0
       0
       0
       1
       1
       0
       0
       0
       0
       1
       0
       0
       1
       2
       1
       3
       0
       0
       0
       0
       0
       1
       0
       2
       1
       0
       0
       0
       0
       1
       1
       0
       0
       0
       0
       1
       1
       0
       1
       3
       1
       1
       0
       0
       0
       0
       0
       0
       1
       1
       1
       0
       0
       0
       0
       1
       1
       0
       0
       1
       0
       0
       0
       0
       0
       0
       0
       0
       0
       0
       0
       2
       0
       0
       0
       0
       0
       1
       1
       0
       0
       0
       0
       0
       1
       0
       0
       0
       2
       0
       0
       0
       1
       1
       2
       0
       1
       0
       0
       1
       1
       1
       0
       0
       0
       0
       0
       0
       2
       0
       0
       0
       0
       0
       1
       0
       0
       0
       0
       1
       1
       0
       0
       1
       0
       1
       0
       1
       0
       0
       0
       0
       0
       0
       0
       0
       2
       0
       0
       0
       0
       0
       0
       0
       0
       0
       1
       1
       0
       0
       0
       2
       1
       1
       0
       0
       0
       0
       0
       1
       0
       0
       0
       0
       0
       0
       0
       1
       1
       0
       1
       0
       0
       0
       0
       0
       1
       1
       0
       0
       1
       0
       1
       1
       0
       0
       0
       0
       0
       0
       0
       0
       0
       0
       0
       1
       1
       0
       0
       0
       1
       0
       0
       1
       0
       1
       0
       0
       0
       0
       1
       0
       1
       0
       1
       0
       0
       0
       0
       0
       0
       0
       0
       0
       0
       0
       0
       1
       0
       1
       0
       0
       0
       1
       0
       1
       0
       0
       0
       0
       0
       0
       0
       0
       0
       1
       1
       0
       0
       0
       2
       1
       1
       0
       1
       1
       0
       0
       0
       0
       0
       0
       0
       1
       1
       0
       0
       0
       0
       0
       1
       1
       1
       0
       1
       0
       0
       0
       0
       0
       0
       0
       0
       0
       0
       0
       0
       1
       1
       0
       0
       0
       0
       0
       0
       1
       0
       0
       0
       0
       0
       0
       0
       0
       0
       0
       1
       0
       0
       0
       0
       0
       0
       0
       1
       0
       0
       0
       1
       0
       1
       0
       0
       0
       1
       0
       0
       0
       0
       0
       0
       0
       2
       0
       0
       0
       1
       0
       0
       0
       0
       0
       0
       1
       0
       0
       0
       1
       0
       1
       0
       0
       0
       0
       0
       0
       0
       1
       0
       0
       0
       0
       0
       0
       0
       0
       0
       0
       1
       0
       0
       0
       1
       0
       0
       0
       0
       0
       1
       0
       1
       0
       0
       1
       0
       0
       0
       1
       1
       1
       0
       0
       1
       0
       0
       0
       0
       0
       0
       0
       0
       0
       0
       0
       1
       0
       0
       0
       0
       0
       1
       2
       0
       0
       0
       0
       0
       0
       1
       0
       0
       0
       0
       0
       1
       0
       0
       0
       0
       0
       0
       0
       0
       0
       0
       0
       0
       0
       0
       0
       0
       0
       0
       0
       0
       1
       0
       0
       1
       0
       0
       0
       1
       0
       0
       0
       0
       0
       0
       0
       0
       0
       0
       0
       0
       1
       1
       0
       0
       0
       0
       0
       0
       0
       0
       0
       0
       0
       0
       0
       0
       0
       0
       0
       0
       0
       0
       0
       0
       0
       0
       0
       0
       0
       0
       1
       1
       1
       0
       1
       1
       0
       0
       0
       2
       1
       1
       0
       0
       0
       0
       0
       0
       0
       0
       0
       0
       0
       0
       0
       0
       0
       1
       0
       0
       0
       0
       0
       0
       0
       0
       0
       1
       1
       1
       0
       0
       0
       0
       0
       0
       0
       0
       0
       1
       0
       0
       1
       0
       1
       0
       0
       0
       0
       0
       0
       0
       0
       0
       0
       0
       0
       0
       0
       0
       0
       0
       0
       2
       1
       0
       0
       0
       1
       0
       0
       0
       0
       2
       0
       0
       0
       0
       0
       1
       0
       0
       0
       1
       0
       0
       0
       0
       0
       0
       0
       0
       0
       0
       0
       0
       0
       0
       0
       1
       1
       0
       1
       0
       0
       0
       0
       0
       0
       0
       0
       1
       0
       1
       0
       0
       0
       0
       0
       0
       0
       0
       1
       0
       0
       0
       0
       0
       0
       1
       0
       0
       1
       1
       0
       0
       0
       0
       0
       0
       0
       0
       0
       0
       0
       0
       1
       0
       0
       0
       0
       1
       0
       0
       0
       0
       0
       0
       0
       0
       0
       0
       0
       0
       0
       1
       1
       0
       0
       0
       0
       0
       0
       0
       0
       0
       0
       0
       0
       0
       0
       1
       0
       1
       0
       0
       1
       0
       0
       0
       0
       0
       0
       0
       0
       0
       0
       0
       0
       0
       0
       0
       0
       0
       0
       0
       0
       0
       3
       0
       0
       0
       0
       0
       0
       0
       1
       0
       0
       0
       1
       0
       1
       0
       0
       0
       0
       0
       0
       0
       0
       1
       1
       0
       0
       0
       0
       0
       0
       0
       0
       1
       0
       0
       0
       0
       0
       0
       1
       1
       0
       0
       0
       0
       0
       1
       0
       1
       2
       1
       1
       1
       1
       3
       2
       6
       7
       9
      19
      10
      18
      17
      15
      22
      10
      13
       8
       7
       3
       4
       1
       0
       0
       1
       1
       0
       0
       0
       1
       1
       0
       0
       0
       0
       0
       0
       0
       0
       0
       0
       0
       0
       0
       0
       0
       0
       0
       0
       0
       0
       0
       0
       0
       0
       0
       0
       0
       1
       0
       0
       0
       0
       0
       0
       0
       0
       0
       0
       0
       0
       0
       0
       0
       0
       0
       0
       0
       0
       1
       0
       0
       0
       0
       0
       0
       0
       0
       0
       0
       0
       0
       0
       0
       0
       0
       0
       0
       0
       0
       0
       0
       0
       0
       1
       0
       0
       0
       0
       0
       0
       0
       0
       0
       1
       0
       0
       0
       0
       0
       0
       1
       0
       0
       0
       1
       0
       0
       1
       0
       0
       0
       0
       0
       0
       0
       0
       0
       0
       0
       0
       1
       0
       0
       0
       0
       0
       0
       0
       0
       0
       0
       0
       0
       0
       1
       0
       0
       0
       1
       0
       0
       0
       1
       0
       0
       0
       0
       0
       0
       0
       1
       0
       1
       0
       1
       0
       1
       0
       0
       0
       0
       0
       0
       0
       0
       0
       0
       0
       0
       0
       1
       0
       1
       0
       0
       0
       0
       0
       0
       1
       1
       0
       1
       0
       0
       1
       0
       0
       0
       0
       0
       0
       0
       0
       0
       0
       0
       1
       0
       0
       0
       0
       0
       0
       0
       1
       0
       0
       0
       0
       0
       1
       0
       0
       0
       0
       0
       0
       0
       0
       0
       0
       0
       0
       0
       0
       0
       1
       0
       1
       0
       0
       0
       2
       0
       0
       0
       0
       0
       0
       0
       0
       0
       0
       0
       0
       0
       1
       0
       0
       0
       0
       0
       1
       0
       0
       0
       0
       0
       0
       0
       0
       0
       0
       0
       0
       1
       0
       0
       0
       1
       0
       0
       1
       0
       0
       1
       0
       0
       0
       0
       0
       0
       2
       1
       0
       0
       0
       0
       0
       0
       0
       0
       0
       0
       0
       0
       0
       1
       0
       0
       0
       0
       0
       0
       0
       0
       0
       0
       0
       0
       0
       0
       0
       0
       0
       0
       0
       0
       0
       0
       0
       1
       0
       0
       0
       0
       0
       1
       0
       0
       0
       0
       0
       0
       0
       0
       1
       0
       1
       0
       0
       1
       0
       0
       0
       0
       0
       0
       0
       0
       0
       0
       0
       0
       0
       0
       0
       0
       0
       0
       0
       0
       0
       0
       0
       0
       0
       0
       0
       0
       0
       0
       0
       0
       0
       0
       0
       0
       1
       0
       1
       0
       0
       0
       0
       0
       0
       1
       0
       0
       0
       0
       0
       0
       0
       0
       0
       0
       0
       0
       0
       0
       0
       0
       0
       0
       0
       0
       0
       0
       0
       0
       0
       0
       0
       0
       1
       0
       0
       0
       0
       0
       0
       0
       0
       1
       0
       0
       0
       0
       0
       0
       0
       0
       0
       0
       1
       0
       0
       0
       0
       1
       0
       0
       0
       0
       1
       1
       0
       0
       0
       0
       0
       0
       0
       0
       0
       0
       0
       0
       0
       0
       2
       0
       0
       0
       0
       0
       1
       0
       0
       0
       0
       0
       0
       0
       0
       0
       0
       0
       0
       1
       1
       0
       1
       0
       1
       0
       0
       1
       0
       0
       0
       0
       0
       0
       0
       0
       0
       0
       0
       0
       1
       0
       0
       0
       0
       1
       0
       0
       1
       0
       0
       0
       0
       0
       0
       0
       0
       0
       0
       0
       0
       0
       0
       0
       0
       0
       0
       0
       0
       0
       0
       1
       0
       0
       0
       0
       0
       0
       0
       0
       0
       0
       0
       0
       0
       0
       0
       0
       0
       0
       0
       0
       0
       0
       0
       0
       0
       0
       0
       1
       0
       0
       0
       0
       0
       0
       0
       0
       0
       0
       0
       0
       1
       0
       0
       0
       0
       0
       0
       0
       0
       0
       0
       0
       0
       1
       0
       0
       0
       0
       0
       0
       0
       0
       0
       0
       0
       0
       0
       0
       0
       0
       1
       0
       0
       0
       0
       1
       0
       0
       0
       0
       1
       0
       0
       0
       1
       0
       0
       1
       0
       0
       1
       1
       0
       0
       0
       0
       0
       0
       0
       0
       0
       0
       0
       0
       0
       0
       0
       0
       0
       1
       1
       0
       0
       0
       0
       0
       0
       0
       0
       0
       0
       0
       0
       1
       0
       0
       0
       0
       0
       0
       0
       0
       0
       0
       0
       1
       0
       0
       0
       0
       0
       0
       0
       0
       0
       1
       0
       0
       0
       0
       0
       0
       0
       0
       0
       0
       0
       0
       1
       0
       0
       0
       0
       0
       1
       0
       0
       0
       0
       0
       0
       0
       0
       0
       0
       0
       0
       1
       1
       0
       0
       0
       0
       0
       0
       0
       0
       1
       0
       0
       0
       0
       0
       0
       0
       0
       0
       0
       0
       0
       1
       0
       0
       0
       0
       0
       0
       0
       0
       0
       0
       0
       0
       0
       0
       0
       0
       0
       0
       0
       0
       0
       0
       0
       0
       0
       0
       0
       0
       0
       0
       0
       0
       0
       0
       0
       0
       0
       0
       0
       0
       0
       1
       1
       1
       0
       0
       0
       1
       0
       0
       0
       0
       0
       0
       0
       0
       0
       0
       0
       0
       0
       0
       0
       0
       0
       0
       0
       0
       0
       0
       0
       0
       2
       0
       0
       0
       0
       0
       0
       0
       0
       0
       0
       0
       0
       0
       0
       0
       0
       0
       0
       0
       0
       0
       0
       0
       0
       0
       0
       0
       0
       0
       0
       0
       0
       0
       0
       0
       0
       0
       0
       0
       0
       0
       0
       0
       0
       0
       1
       0
       0
       0
       0
       0
       0
       0
       0
       0
       0
       0
       0
       0
       0
       0
       0
       0
       0
       0
       0
       0
       0
       0
       0
       0
       0
       0
       0
       0
       0
       0
       0
       0
       0
       0
       0
       1
       0
       0
       0
       0
       0
       0
       0
       0
       0
       0
       0
       0
       0
       1
       0
       0
       0
       0
       0
       0
       0
       0
       0
       0
       0
       0
       0
       0
       0
       0
       1
       0
       1
       0
       0
       0
       0
       1
       0
       0
       0
       0
       0
       0
       0
       0
       0
       0
       0
       0
       0
       0
       0
       0
       0
       0
       0
       0
       0
       0
       1
       0
       0
       0
       0
       0
       0
       0
       0
       0
       0
       0
       0
       0
       0
       1
       0
       0
       0
       0
       0
       0
       0
       0
       0
       0
       0
       0
       0
       0
       0
       0
       0
       0
       0
       0
       1
       0
       0
       1
       0
       0
       1
       0
       0
       0
       0
       0
       0
       0
       0
       0
       0
       0
       0
       0
       0
       0
       0
       0
       0
       0
       0
       0
       0
       0
       0
       0
       0
       0
       0
       0
       0
       1
       0
       0
       0
       1
       0
       0
       0
       0
       0
       0
       2
       1
       0
       0
       0
       0
       1
       0
       2
       0
       0
       0
       0
       0
       1
       0
       0
       0
       0
       0
       0
       0
       0
       0
       0
       0
       0
       0
       0
       0
       0
       0
       0
       0
       0
       0
       0
       0
       1
       0
       0
       0
       0
       0
       0
       0
       0
       0
       1
       0
       0
       0
       0
       0
       0
       0
       0
       0
       0
       0
       0
       0
       0
       0
       1
       0
       0
       0
       0
       0
       0
       0
       0
       1
       0
       0
       0
       0
       0
       0
       0
       0
       0
       0
       0
       0
       0
       0
       0
       0
       0
       0
       0
       0
       0
       0
       1
       0
       0
       0
       0
       0
       0
       0
       0
       0
       0
       0
       0
       0
       0
       0
       0
       0
       0
       0
       0
       0
       1
       0
       0
       0
       0
       0
       0
       0
       2
       0
       0
       0
       0
       0
       0
       0
       0
       0
       0
       0
       0
       0
       0
       1
       0
       0
       3
       1
       3
       0
       3
       2
       0
       0
       0
       2
       0
       0
       0
       0
       0
       0
       0
       0
       0
       0
       1
       0
       0
       0
       0
       0
       0
       1
       0
       0
       0
       0
       0
       0
       0
       0
       0
       0
       0
       0
       0
       0
       0
       0
       0
       0
       0
       0
       0
       0
       0
       0
       0
       0
       1
       0
       0
       0
       0
       0
       0
       0
       0
       0
       0
       0
       0
       0
       0
       0
       0
       0
       0
       0
       0
       0
       0
       0
       0
       0
       0
       0
       0
       0
       0
       0
       0
       0
       0
       1
       0
       0
       0
       0
       0
       0
       0
       0
       0
       0
       0
       0
       0
       0
       0
       0
       0
       0
       0
       0
       0
       0
       0
       0
       0
       0
       0
       0
       0
       0
       0
       0
       0
       0
       0
       0
       0
       0
       0
       0
       0
       0
       0
       0
       0
       0
       0
       0
       0
       0
       0
       0
       0
       1
       0
       0
       0
       0
       0
       0
       0
       0
       0
       0
       0
       0
       0
       0
       0
       0
       0
       0
       0
       0
       0
       0
       1
       0
       0
       0
       0
       0
       1
       0
       0
       0
       0
       0
       0
       0
       0
       0
       0
       0
       0
       0
       0
       0
       0
       0
       1
       0
       0
       2
       0
       0
       0
       0
       0
       0
       0
       0
       0
       0
       0
       0
       0
       0
       0
       0
       0
       0
       0
       0
       0
       0
       0
       0
       0
       0
       0
       0
       0
       0
       0
       0
       0
       0
       0
       0
       0
       0
       0
       0
       0
       0
       0
       0
       0
       0
       0
       0
       0
       0
       0
       0
       0
       0
       0
       0
       0
       0
       0
       0
       1
       0
       0
       0
       0
       0
       0
       0
       0
       0
       0
       0
       0
       0
       0
       0
       0
       0
       0
       0
       0
       0
       0
       1
       0
       0
       0
       0
       0
       0
       0
       0
       0
       0
       1
       0
       0
       0
       0
       0
       0
       0
       0
       0
       0
       0
       0
       0
       0
       0
       0
       1
       0
       0
       0
       0
       0
       0
       0
       0
       1
       0
       0
       0
       0
       0
       1
       0
       1
       0
       0
       0
       0
       0
       0
       0
       0
       0
       0
       0
       0
       0
       0
       0
       0
       0
       0
       0
       0
       0
       0
       0
       0
       0
       0
       0
       0
       0
       0
       0
       0
       0
       0
       0
       0
       0
       0
       0
       0
       0
       0
       0
       0
       0
       0
       0
       0
       0
       1
       0
       1
       0
       0
       0
       0
       0
       0
       0
       0
       0
       0
       0
       0
       0
       0
       0
       0
       0
       1
       0
       0
       0
       0
       0
       0
       0
       0
       0
       0
       0
       0
       0
       0
       1
       0
       0
       0
       0
       0
       0
       0
       0
       0
       0
       0
       0
       0
       0
       0
       0
       0
       0
       0
       0
       1
       0
       0
       0
       0
       0
       0
       0
       0
       0
       0
       0
       0
       0
       0
       0
       0
       0
       0
       0
       0
       0
       0
       1
       0
       0
       0
       0
       0
       0
       0
       0
       0
       0
       0
       0
       0
       0
       0
       0
       0
       0
       0
       0
       0
       0
       0
       0
       0
       0
       0
       0
       0
       0
       0
       0
       0
       0
       0
       0
       0
       0
       0
       0
       0
       0
       0
       0
       0
       0
       1
       0
       0
       0
       0
       0
       0
       0
       0
       0
       0
       0
       0
       0
       0
       0
       0
       0
       0
       1
       0
       0
       0
       1
       0
       0
       0
       0
       0
       0
       0
       1
       0
       0
       0
       0
       0
       1
       0
       0
       0
       0
       1
       0
       0
       0
       0
       0
       0
       0
       0
       0
       0
       0
       0
       0
       0
       0
       0
       0
       0
       0
       0
       0
       0
       0
       0
       0
       0
       0
       0
       0
       1
       0
       0
       0
       0
       0
       0
       0
       1
       0
       0
       0
       0
       0
       0
       0
       0
       0
       0
       0
       0
       0
       1
       0
       0
       0
       0
       0
       0
       0
       0
       0
       0
       0
       0
       0
       0
       0
       0
       0
       0
       0
       0
       0
       0
       0
       0
       0
       0
       0
       0
       0
       1
       0
       0
       0
       0
       0
       0
       0
       0
       0
       0
       0
       0
       0
       0
       0
       0
       0
       0
       1
       0
       0
       0
       0
       0
       0
       0
       0
       0
       0
       0
       0
       0
       1
       0
       0
       1
       0
       1
       0
       0
       0
       0
       0
       0
       0
       0
       0
       0
       0
       0
       1
       0
       0
       0
       0
       1
       0
       0
       0
       0
       0
       0
       0
       0
       0
       0
       0
       0
       0
       0
       0
       1
       0
       0
       0
       0
       0
       0
       0
       0
       0
       0
       0
       0
       0
       0
       0
       0
       0
       0
       0
       0
       0
       0
       0
       1
       0
       0
       0
       0
       0
       0
       1
       1
       0
       0
       0
       0
       0
       0
       0
       0
       0
       0
       0
       0
       0
       0
       0
       0
       0
       0
       0
       0
       0
       0
       0
       0
       0
       0
       0
       0
       0
       0
       0
       0
       0
       0
       0
       0
       0
       0
       0
       0
       0
       0
       0
       0
       1
       0
       0
       0
       0
       0
       1
       0
       0
       0
       0
       0
       0
       0
       0
       0
       0
       0
       0
       0
       0
       0
       0
       0
       0
       0
       0
       0
       0
       0
       0
       0
       0
       0
       0
       0
       0
       0
       0
       0
       0
       0
       0
       0
       0
       0
       0
       0
       0
       0
       1
       0
       0
       0
       0
       0
       0
       0
       0
       0
       0
       0
       0
       0
       0
       0
       0
       0
       0
       0
       0
       0
       0
       0
       0
       0
       0
       0
       0
       0
       0
       0
       0
       0
       0
       0
       0
       0
       0
       0
       0
       0
       0
       0
       0
       0
       0
       0
       0
       0
       0
       0
       0
       0
       0
       0
       0
       0
       0
       0
       0
       0
       0
       0
       0
       0
       0
       0
       0
       0
       0
       0
       1
       0
       0
       0
       0
       0
       0
       0
       0
       0
       0
       0
       0
       0
       0
       0
       0
       0
       0
       0
       0
       1
       0
       0
       0
       0
       0
       0
       1
       0
       0
       0
       0
       0
       0
       0
       0
       0
       0
       0
       0
       0
       0
       0
       0
       0
       0
       0
       0
       0
       0
       0
       0
       0
       0
       0
       0
       0
       0
       0
       0
       0
       0
       0
       0
       0
       0
       0
       0
       0
       0
       0
       0
       0
       0
       0
       0
       0
       0
       0
       0
       0
       0
       0
       0
       0
       0
       0
       0
       1
       0
       0
       0
       0
       0
       0
       0
       0
       0
       0
       0
       0
       0
       0
       0
       0
       0
       0
       0
       1
       0
       0
       0
       0
       0
       0
       0
       0
       0
       0
       0
       0
       0
       0
       0
       0
       0
       0
       0
       0
       0
       0
       0
       0
       0
       0
       0
       0
       0
       0
       0
       0
       0
       0
       0
       0
       0
       0
       0
       0
       0
       1
       0
       0
       0
       0
       0
       0
       0
       0
       0
       0
       0
       0
       0
       0
       0
       0
       0
       0
       0
       0
       0
       0
       0
       0
       0
       0
       0
       0
       0
       0
       0
       0
       0
       0
       0
       0
       0
       0
       0
       0
       0
       0
       0
       0
       0
       0
       0
       1
       0
       0
       0
       0
       0
       0
       0
       0
       0
       0
       0
       0
       0
       0
       0
       0
       0
       0
       0
       0
       0
       0
       0
       0
       0
       0
       0
       0
       0
       0
       0
       0
       0
       0
       0
       1
       0
       0
       0
       0
       0
       0
       0
       1
       0
       0
       0
       0
       0
       0
       0
       0
       0
       0
       0
       0
       0
       0
       0
       0
       0
       0
       0
       0
       0
       0
       0
       0
       0
       0
       1
       0
       0
       0
       0
       0
       0
       0
       0
       0
       0
       0
       0
       0
       0
       0
       0
       0
       0
       0
       0
       0
       0
       0
       0
       0
       0
       0
       0
       0
       0
       0
       0
       0
       0
       0
       0
       0
       0
       0
       0
       0
       0
       0
       0
       0
       0
       1
       0
       0
       1
       0
       1
       0
       0
       0
       0
       0
       0
       0
       0
       0
       0
       0
       0
       0
       0
       0
       0
       1
       0
       0
       0
       0
       0
       1
       0
       0
       0
       0
       0
       0
       0
       0
       0
       0
       0
       0
       1
       0
       0
       0
       0
       0
       0
       0
       0
       0
       0
       0
       0
       0
       0
       0
       0
       0
       0
       0
       0
       0
       0
       0
       0
       0
       1
$ROI:
11
224 244
765 907
1350 1411
1828 1908
2525 2667
2716 2799
3716 3817
4331 4427
4564 4622
5085 5259
5690 5768
$PRESETS:
Live Time
200
0
$ENER_FIT:
0.053689 0.255148
$MCA_CAL:
3
5.368913E-002 2.551478E-001 -1.853380E-009 keV
$SHAPE_CAL:
3
6.992400E+000 7.812671E-004 -3.508660E-008
