$SPEC_ID:
No sample description was entered.
$SPEC_REM:
DET# 1
DETDESC# GMX20P4 HPGe
AP# Maestro Version 7.01
$DATE_MEA:
11/23/2018 16:16:41
$MEAS_TIM:
200 201
$DATA:
0 8191
       0
       0
       0
       0
       0
       0
       0
       0
       0
       0
       0
       0
       0
       0
       0
       0
       0
       0
       0
       0
       0
       0
       0
       0
       0
       0
       0
       0
       0
       0
       0
       0
       0
       0
       0
       0
       0
       0
       0
       0
       0
       0
       0
       0
       0
       0
       0
       1
       1
      16
      44
      61
      64
      73
      75
      68
      67
      62
      73
      66
      56
      59
      73
      78
      66
      46
      61
      71
      77
      56
      56
      64
      60
      69
      72
      76
      79
      60
      87
      83
      70
      85
      74
      94
      90
      89
     102
      76
      77
      76
      80
      99
      88
      70
      77
      74
      72
      85
      69
      88
      78
      78
      81
      83
      81
      83
      70
      73
     111
     118
     104
     116
      99
     125
     118
     124
     149
     170
     199
     213
     275
     317
     434
     474
     530
     562
     523
     481
     375
     290
     238
     178
     132
      98
      81
     107
     108
     120
     121
     136
     172
     179
     198
     191
     150
     137
     145
     118
     102
      87
      69
      80
      67
      63
      58
      68
      75
      57
      59
      60
      80
      54
      57
      48
      67
      66
      83
      74
      77
      62
      72
      71
      63
      53
      58
      74
      64
      77
      66
      75
      71
      67
      59
      68
      68
      69
      66
      83
      71
      55
      68
      71
      53
      84
      79
      79
      70
      58
      91
      58
      53
      65
      76
      52
      62
      76
      79
      67
      70
      59
      58
      77
      65
      62
      68
      61
      69
      66
      61
      59
      72
      70
      69
      78
      67
      61
      81
      70
      77
      75
      61
      70
      71
      78
      78
      63
      70
      74
      74
      72
      70
      83
      81
      75
      68
      76
      64
      68
      71
      86
      87
      88
      77
      82
      86
      73
      71
      76
      69
      73
      81
      76
      65
      72
      59
      83
      80
      73
      78
      80
      83
      78
      69
      71
      81
      70
      79
      78
      62
      80
      75
      80
      90
      68
      67
      75
      88
      70
      73
      72
      88
      76
      88
      88
      85
      82
      79
      74
      84
      81
      89
      83
      88
      79
      86
     101
      95
      86
      81
      67
      69
      85
      85
      81
      61
      83
      75
      78
      80
      81
      83
      76
      80
      81
      85
      72
      74
      84
      76
      89
      90
      79
      81
      76
      68
      66
      80
      80
      96
      96
      78
      97
      82
      70
      84
     108
      80
      70
      75
      81
      76
      88
      81
      64
      85
      73
      91
      90
      78
      73
      97
      66
     103
      83
      72
      80
      79
      68
      79
      82
      66
      91
      82
      83
      85
      70
      80
      78
      86
      79
      80
     102
     110
      71
      84
      86
      84
      82
      86
      67
      90
      95
      56
      76
      74
      74
      67
      97
      66
      74
      78
      82
      73
      81
      71
      95
      75
      94
      75
      76
      86
      74
      81
      76
      84
      67
      80
      80
      66
      72
      75
      82
      81
      76
      76
      83
      82
      73
      76
      87
      70
      87
      82
      78
      68
      75
      79
      77
      68
      74
      81
      90
      83
      75
      85
      84
      92
      79
      74
      76
      75
      81
      67
      86
      75
      80
      71
      84
      90
      87
      66
      78
      67
      84
      73
      82
      70
      79
      79
      64
      73
      84
      83
      80
      86
      81
      63
      68
      67
      65
      69
      71
      90
      70
      73
      92
      82
      75
      76
      79
      74
      68
      74
      77
      65
      74
      78
      72
      71
      69
      78
      82
      77
      65
      75
      81
      79
      94
      62
      68
      69
      89
      59
      74
      70
      64
      83
      77
      64
      59
      71
      73
      74
      90
      69
      80
      78
      73
      72
      83
      85
      78
      72
      61
      45
      74
      65
      72
      65
      70
      70
      72
      85
      78
      67
      61
      58
      72
      62
      67
      57
      68
      70
      80
      68
      70
      65
      80
      65
      79
      72
      59
      75
      86
      86
      64
      70
      78
      69
      68
      80
      70
      75
      64
      74
      79
      49
      67
      54
      68
      79
      60
      63
      67
      75
      74
      39
      62
      68
      60
      74
      72
      74
      51
      79
      67
      63
      82
      63
      66
      80
      69
      77
      74
      64
      60
      68
      77
      67
      66
      56
      66
      59
      80
      75
      69
      57
      77
      71
      72
      89
      53
      69
      81
      74
      67
      71
      69
      83
      55
      64
      71
      66
      50
      74
      63
      47
      47
      81
      89
      60
      64
      66
      53
      72
      75
      73
      57
      67
      69
      66
      78
      62
      62
      59
      71
      56
      59
      50
      64
      67
      71
      56
      75
      63
      68
      73
      65
      58
      55
      76
      59
      53
      69
      71
      74
      53
      63
      64
      71
      62
      66
      75
      61
      55
      67
      67
      70
      69
      58
      60
      62
      67
      55
      59
      55
      52
      70
      55
      64
      66
      71
      55
      53
      69
      61
      64
      75
      63
      70
      59
      79
      59
      58
      69
      59
      76
      63
      64
      75
      63
      73
      80
      87
      74
      70
     100
      98
      90
      76
      92
      91
      89
      78
      73
      81
      75
      75
      84
      73
      73
      90
      92
      73
      65
      77
      61
      61
      81
      72
      76
      68
      71
      71
      61
      68
      78
      65
      55
      70
      63
      63
      65
      74
      67
      70
      69
      71
      79
      62
      60
      70
      61
      64
      69
      62
      66
      76
      67
      59
      72
      78
      72
      59
      78
      75
      54
      64
      81
      55
      68
      61
      82
      78
      74
      67
      66
      69
      64
      69
      54
      64
      58
      67
      58
      80
      61
      68
      77
      60
      66
      69
      54
      55
      73
      69
      65
      68
      72
      66
      78
      44
      53
      57
      72
      55
      61
      53
      58
      55
      64
      61
      64
      60
      63
      57
      64
      67
      61
      72
      65
      66
      75
      51
      58
      67
      51
      54
      57
      63
      58
      65
      70
      59
      76
      51
      51
      64
      68
      67
      52
      64
      70
      58
      66
      65
      58
      51
      64
      58
      66
      51
      60
      55
      52
      68
      48
      64
      60
      55
      64
      69
      71
      70
      66
      71
      60
      59
      61
      63
      67
      49
      58
      70
      66
      58
      60
      66
      58
      62
      56
      61
      50
      78
      53
      61
      77
      46
      67
      53
      67
      63
      70
      82
      59
      57
      71
      49
      77
      69
      53
      57
      59
      67
      57
      57
      63
      56
      63
      57
      63
      69
      66
      75
      65
      59
      68
      72
      62
      65
      52
      68
      53
      64
      68
      71
      52
      56
      57
      56
      62
      63
      71
      66
      90
      54
      56
      65
      53
      48
      66
      70
      54
      70
      63
      51
      45
      59
      59
      58
      54
      55
      49
      45
      62
      55
      61
      49
      61
      66
      54
      46
      63
      67
      61
      57
      55
      54
      58
      59
      67
      45
      68
      55
      54
      53
      63
      59
      46
      55
      63
      67
      56
      61
      65
      53
      62
      53
      61
      47
      68
      63
      57
      59
      56
      45
      51
      62
      66
      58
      54
      54
      58
      51
      70
      49
      57
      55
      64
      47
      48
      57
      52
      47
      42
      52
      57
      57
      62
      47
      58
      55
      45
      64
      59
      65
      58
      42
      48
      55
      58
      63
      62
      46
      53
      53
      50
      56
      49
      54
      52
      58
      54
      63
      61
      64
      57
      61
      40
      59
      60
      74
      59
      37
      53
      45
      41
      65
      42
      39
      64
      53
      49
      56
      55
      52
      44
      53
      49
      52
      53
      56
      46
      54
      60
      42
      45
      59
      57
      55
      57
      47
      50
      58
      48
      65
      58
      41
      42
      59
      54
      41
      54
      36
      68
      69
      53
      41
      42
      47
      49
      49
      38
      48
      52
      47
      43
      55
      49
      63
      54
      57
      60
      39
      47
      52
      58
      63
      40
      42
      39
      57
      53
      49
      51
      44
      48
      47
      44
      54
      66
      51
      54
      52
      55
      48
      48
      56
      51
      52
      41
      43
      54
      47
      42
      42
      57
      49
      40
      46
      43
      47
      44
      49
      49
      62
      58
      47
      48
      45
      53
      46
      62
      48
      41
      44
      41
      46
      47
      48
      36
      42
      49
      37
      41
      54
      52
      43
      40
      48
      39
      41
      48
      43
      44
      52
      40
      63
      43
      51
      52
      45
      63
      44
      49
      37
      46
      48
      47
      53
      32
      47
      49
      36
      46
      44
      71
      39
      45
      53
      33
      49
      41
      41
      47
      48
      43
      47
      35
      39
      38
      43
      39
      45
      30
      40
      49
      52
      51
      41
      44
      45
      54
      32
      51
      45
      34
      49
      44
      47
      37
      48
      41
      50
      44
      47
      36
      39
      48
      43
      43
      34
      49
      54
      49
      47
      38
      48
      49
      50
      40
      37
      50
      48
      44
      48
      43
      43
      52
      40
      49
      49
      43
      41
      38
      39
      44
      42
      38
      43
      31
      46
      38
      40
      52
      37
      49
      53
      48
      47
      45
      42
      48
      28
      34
      41
      33
      38
      51
      44
      62
      60
      63
      44
      46
      62
      52
      47
      45
      44
      44
      40
      48
      41
      42
      57
      40
      47
      43
      43
      31
      37
      41
      48
      47
      51
      51
      37
      36
      48
      45
      30
      41
      42
      50
      37
      53
      43
      51
      46
      42
      46
      47
      51
      49
      43
      35
      43
      48
      42
      42
      46
      37
      52
      44
      46
      45
      49
      74
      43
      43
      52
      37
      49
      38
      42
      36
      47
      41
      45
      56
      45
      43
      55
      42
      47
      42
      49
      50
      48
      35
      46
      41
      39
      43
      58
      60
      50
      34
      46
      55
      48
      51
      47
      47
      45
      50
      52
      57
      51
      40
      56
      49
      43
      46
      53
      50
      41
      40
      47
      49
      40
      47
      37
      50
      56
      49
      37
      43
      57
      46
      48
      34
      58
      49
      44
      34
      57
      35
      50
      44
      53
      51
      51
      39
      42
      50
      51
      40
      52
      35
      68
      49
      57
      52
      39
      43
      43
      35
      51
      33
      51
      54
      43
      44
      42
      32
      49
      60
      48
      33
      50
      30
      57
      53
      35
      48
      39
      50
      49
      43
      41
      58
      46
      51
      45
      49
      52
      64
      44
      36
      50
      34
      48
      39
      51
      46
      37
      42
      42
      42
      56
      48
      50
      51
      48
      48
      55
      44
      44
      54
      49
      63
      45
      44
      52
      57
      41
      59
      46
      49
      38
      51
      41
      45
      49
      52
      51
      39
      47
      40
      44
      43
      49
      51
      41
      54
      43
      48
      49
      45
      54
      56
      59
      41
      51
      59
      49
      47
      33
      53
      50
      51
      63
      51
      38
      48
      62
      44
      42
      47
      50
      48
      49
      56
      48
      41
      56
      55
      51
      39
      56
      44
      39
      54
      55
      39
      45
      39
      62
      52
      44
      43
      50
      52
      55
      53
      46
      48
      50
      56
      50
      54
      50
      52
      48
      64
      66
      38
      58
      54
      56
      52
      39
      61
      57
      43
      62
      48
      61
      45
      56
      55
      56
      50
      56
      44
      46
      47
      45
      43
      59
      50
      48
      55
      66
      59
      59
      37
      47
      58
      37
      53
      41
      42
      48
      57
      59
      52
      53
      58
      55
      59
      72
      55
      60
      56
      43
      44
      53
      55
      54
      61
      50
      60
      55
      58
      54
      49
      49
      64
      44
      47
      51
      52
      68
      53
      51
      44
      70
      50
      53
      59
      62
      55
      66
      53
      47
      53
      53
      62
      53
      54
      54
      45
      47
      50
      63
      47
      52
      54
      54
      45
      57
      60
      62
      60
      40
      53
      53
      55
      51
      59
      55
      58
      64
      68
      65
      66
      71
      61
      58
      69
      65
      54
      56
      55
      59
      66
      57
      62
      54
      70
      55
      60
      65
      71
      61
      61
      50
      60
      70
      57
      47
      55
      63
      49
      62
      62
      61
      47
      58
      57
      43
      53
      56
      71
      64
      67
      71
      66
      74
      61
      69
      49
      70
      63
      66
      53
      69
      66
      61
      65
      63
      69
      46
      58
      67
      65
      53
      68
      46
      50
      64
      50
      65
      80
      68
      56
      70
      58
      60
      61
      64
      73
      57
      65
      69
      57
      60
      60
      70
      78
      73
      57
      53
      73
      61
      65
      66
      64
      70
      58
      61
      76
      65
      75
      70
      77
      57
      72
      72
      76
      60
      67
      52
      58
      81
      62
      68
      58
      71
      70
      67
      51
      48
      61
      64
      60
      69
      62
      68
      71
      59
      71
      63
      51
      74
      65
      63
      63
      76
      67
      77
      58
      51
      58
      45
      53
      61
      54
      64
      50
      47
      67
      58
      60
      50
      46
      55
      53
      51
      68
      56
      49
      40
      43
      37
      45
      40
      45
      41
      46
      41
      43
      42
      34
      42
      43
      49
      45
      32
      42
      38
      43
      38
      32
      47
      51
      38
      40
      30
      31
      33
      38
      27
      36
      35
      32
      34
      35
      38
      27
      27
      30
      31
      34
      46
      34
      28
      30
      29
      30
      35
      39
      38
      30
      35
      29
      37
      26
      42
      31
      25
      25
      17
      34
      18
      33
      21
      29
      23
      28
      28
      31
      26
      23
      23
      33
      40
      47
      33
      30
      30
      26
      25
      25
      31
      25
      25
      33
      17
      34
      25
      40
      32
      25
      29
      20
      33
      24
      30
      33
      26
      27
      14
      21
      24
      26
      26
      24
      28
      27
      27
      28
      27
      16
      25
      28
      27
      30
      24
      21
      25
      29
      30
      29
      22
      21
      34
      31
      23
      25
      27
      39
      27
      24
      23
      36
      20
      24
      31
      32
       9
      40
      21
      24
      34
      34
      21
      19
      30
      21
      25
      30
      17
      21
      20
      20
      26
      17
      25
      33
      26
      21
      32
      29
      25
      24
      19
      16
      32
      20
      30
      25
      19
      16
      20
      17
      26
      17
      29
      23
       9
      22
      26
      24
      25
      19
      30
      18
      34
      23
      20
      17
      17
      23
      24
      15
      17
      14
      20
      16
      19
      24
      27
      14
      27
      24
       9
      28
      13
      14
      25
      14
      13
      24
      17
      22
      19
      14
      24
      19
      14
      15
      21
      16
      25
      20
      15
      20
      21
      16
      15
      21
      15
      13
      21
      12
      13
      16
      12
      16
      18
      18
      10
      18
      13
      10
      21
      19
      13
      17
      17
      18
       8
      16
      12
      11
      15
      14
      15
      13
       9
      17
      16
      19
      27
      14
      21
      15
      16
      10
      17
      16
      16
      14
      13
       9
      19
      15
      10
       9
      13
      13
      12
      19
      12
      10
      14
      12
      16
       6
       7
      16
      14
      13
       7
      13
      20
      13
      11
      14
      12
      13
       8
      13
       9
       9
       9
      14
      17
      11
      15
      13
       9
      12
       8
      11
       7
      18
      14
      12
      10
       7
      10
      15
       9
      13
       9
      11
      12
      10
      11
      12
      14
       7
       8
      14
      11
      15
       6
       9
       9
       7
      11
      11
       5
       8
       7
      13
      15
       9
      13
       6
      18
      11
      15
      14
       9
       8
       6
      14
       6
       7
       7
      10
       8
      11
      12
       9
       7
      12
       9
      12
       8
       8
      10
       9
       6
       6
       6
      14
       8
       9
       7
       5
      10
       9
      10
      13
      14
       6
       7
       6
       9
      20
      14
       5
       6
       5
       6
       5
      10
      10
      16
       6
      12
       9
      15
       7
      11
       7
      13
       9
      18
       9
      14
      11
      17
      10
       9
       7
      12
       5
       5
      10
      14
       8
       6
       8
      10
       4
      12
       7
       5
      10
       8
       8
       6
       9
      10
       3
       9
       7
      13
      10
      13
      10
       5
      10
      11
       9
      11
      13
      14
       7
       9
      10
      14
       8
       5
       7
       9
       8
       5
       8
      13
       7
      11
      13
      11
       7
       9
       6
      11
       8
       8
       6
       7
       6
       8
       4
      11
       7
       5
       7
      11
       9
      11
       8
      10
       9
       9
       9
       9
      10
       8
       8
      13
       8
       5
       7
      16
       5
       7
       2
       9
       7
       5
       8
      10
      15
       6
       9
      15
      15
      17
       9
      11
      15
      12
      12
      11
       9
       2
       8
       6
       9
       7
       9
       5
       6
      10
      13
       5
      14
       6
       2
       8
      10
       6
      11
       7
       6
       8
      12
       9
       6
       7
       4
      11
       6
       8
       9
       7
       4
       4
      12
       8
       7
      12
       7
       8
       7
       8
       8
      10
      14
       9
      10
       5
       3
       8
      12
       6
       5
       8
       8
       4
      10
       8
       2
       9
       7
       5
       5
       6
       6
       8
      20
       7
       6
       6
       8
       9
       6
       9
       8
      12
       9
       9
      11
       4
       4
       9
       4
       4
       7
       6
       5
      10
       9
       8
       6
       6
       6
       9
       3
       7
       7
      10
       7
       5
      10
       6
       6
      12
       7
      10
       6
       3
       6
       5
       6
       6
      10
       8
       8
       5
      10
       6
      13
      13
       6
      12
       5
       5
      12
      12
      12
       6
       3
      10
       9
       9
       9
       2
       3
      10
       6
       9
      10
       9
       9
      16
       7
       6
       3
      10
      11
       6
       5
       8
       8
      16
      10
      12
       9
       7
      10
       4
       8
      10
       5
       7
       9
       6
      10
      12
       8
      17
       5
       7
      10
       7
       8
      10
       6
       8
       8
       4
      11
      12
       7
      11
       7
      18
      18
      27
      32
      59
      78
     147
     241
     416
     583
     945
    1333
    1693
    2061
    2485
    2681
    2793
    2526
    2282
    1902
    1385
     970
     662
     427
     243
     136
      61
      31
      21
       9
       1
       1
       2
       2
       0
       1
       0
       1
       3
       1
       1
       2
       0
       0
       2
       0
       2
       1
       2
       1
       2
       2
       1
       0
       0
       0
       0
       1
       1
       0
       3
       2
       0
       3
       0
       3
       1
       1
       1
       3
       1
       1
       1
       1
       1
       2
       0
       1
       0
       0
       0
       1
       0
       1
       1
       3
       0
       2
       1
       2
       1
       2
       1
       0
       0
       1
       0
       0
       0
       0
       2
       1
       0
       2
       0
       0
       2
       2
       0
       0
       1
       1
       2
       2
       3
       1
       1
       3
       0
       0
       0
       2
       2
       0
       1
       0
       0
       1
       1
       1
       1
       0
       3
       2
       1
       1
       1
       1
       0
       2
       2
       1
       1
       0
       1
       0
       0
       0
       0
       0
       2
       0
       1
       1
       3
       1
       1
       2
       0
       2
       0
       1
       1
       2
       0
       2
       1
       3
       2
       0
       0
       1
       0
       0
       1
       0
       1
       3
       0
       0
       0
       1
       1
       4
       0
       1
       0
       0
       0
       2
       1
       3
       2
       0
       0
       0
       2
       1
       0
       2
       0
       0
       0
       1
       0
       1
       3
       0
       1
       1
       1
       1
       1
       1
       0
       2
       2
       0
       0
       0
       0
       3
       1
       1
       0
       1
       1
       1
       0
       2
       1
       3
       1
       0
       1
       0
       1
       0
       2
       0
       1
       1
       2
       0
       2
       2
       0
       1
       1
       0
       2
       2
       0
       0
       1
       0
       0
       1
       3
       0
       2
       1
       4
       1
       0
       1
       0
       5
       0
       1
       0
       3
       2
       1
       1
       1
       0
       1
       0
       2
       1
       3
       0
       2
       3
       0
       1
       0
       2
       0
       2
       1
       0
       1
       0
       1
       0
       0
       0
       1
       2
       0
       4
       1
       0
       1
       0
       0
       3
       0
       0
       0
       0
       0
       1
       0
       0
       0
       0
       0
       0
       1
       2
       0
       2
       2
       3
       1
       2
       0
       1
       1
       2
       0
       1
       2
       0
       2
       1
       1
       0
       1
       1
       2
       2
       2
       1
       2
       0
       2
       1
       0
       0
       2
       0
       1
       1
       3
       1
       0
       0
       0
       1
       0
       0
       1
       0
       2
       1
       3
       2
       0
       0
       0
       1
       3
       3
       1
       1
       1
       1
       0
       0
       2
       1
       1
       1
       0
       0
       1
       0
       1
       1
       0
       1
       0
       0
       3
       1
       1
       1
       0
       2
       0
       0
       0
       1
       0
       1
       0
       0
       0
       0
       1
       0
       1
       0
       1
       0
       1
       0
       1
       0
       1
       0
       1
       0
       5
       0
       1
       2
       4
       2
       2
       1
       1
       1
       0
       1
       0
       0
       0
       2
       2
       2
       0
       0
       0
       1
       1
       1
       2
       2
       0
       1
       1
       1
       2
       1
       0
       1
       1
       1
       2
       1
       0
       0
       0
       1
       1
       0
       0
       2
       1
       0
       1
       4
       0
       0
       0
       1
       2
       1
       1
       1
       2
       5
       2
       0
       3
       0
       2
       1
       1
       0
       1
       0
       0
       0
       1
       0
       1
       0
       1
       2
       0
       2
       1
       1
       0
       1
       3
       1
       0
       0
       0
       0
       0
       0
       0
       0
       1
       0
       1
       1
       0
       1
       1
       0
       2
       2
       1
       2
       0
       0
       2
       1
       5
       3
       0
       0
       3
       0
       0
       0
       0
       1
       1
       1
       2
       0
       0
       1
       1
       0
       2
       1
       1
       0
       4
       1
       0
       0
       0
       2
       1
       0
       1
       1
       1
       1
       0
       0
       0
       0
       0
       1
       3
       3
       3
       3
       1
       2
       1
       2
       1
       0
       2
       0
       1
       0
       0
       0
       0
       1
       1
       1
       0
       3
       1
       1
       0
       0
       1
       2
       1
       1
       1
       0
       2
       0
       3
       0
       0
       1
       0
       0
       0
       0
       1
       1
       0
       1
       0
       2
       0
       1
       0
       0
       2
       0
       0
       1
       1
       1
       0
       0
       2
       1
       0
       0
       3
       2
       0
       3
       0
       1
       2
       1
       1
       0
       1
       0
       0
       0
       0
       1
       1
       0
       1
       0
       1
       2
       0
       0
       0
       1
       0
       1
       3
       0
       0
       0
       0
       1
       0
       0
       0
       1
       1
       0
       0
       0
       0
       0
       0
       2
       1
       4
       1
       1
       1
       1
       1
       0
       0
       1
       1
       0
       2
       1
       0
       2
       0
       1
       0
       1
       0
       2
       0
       0
       0
       1
       2
       1
       1
       0
       1
       0
       1
       0
       1
       0
       0
       0
       0
       1
       0
       0
       1
       0
       0
       0
       2
       2
       2
       1
       0
       1
       1
       1
       1
       2
       2
       1
       1
       1
       1
       2
       4
       1
       1
       4
       0
       0
       0
       1
       1
       2
       0
       0
       0
       0
       0
       1
       0
       1
       1
       1
       2
       2
       2
       0
       1
       2
       0
       0
       0
       1
       1
       0
       0
       2
       0
       0
       3
       1
       0
       0
       1
       2
       2
       0
       0
       2
       4
       1
       1
       1
       0
       1
       0
       0
       0
       2
       2
       0
       0
       1
       0
       0
       3
       0
       1
       0
       0
       1
       0
       1
       1
       1
       1
       0
       0
       1
       0
       2
       0
       0
       0
       1
       1
       2
       1
       3
       1
       1
       0
       1
       2
       0
       0
       0
       2
       0
       0
       0
       0
       0
       0
       2
       0
       0
       1
       3
       1
       1
       0
       2
       0
       0
       0
       0
       2
       0
       3
       0
       0
       0
       0
       1
       1
       0
       0
       0
       1
       2
       1
       0
       0
       1
       2
       2
       1
       2
       0
       0
       0
       0
       0
       0
       0
       1
       0
       0
       0
       1
       1
       1
       0
       0
       1
       0
       1
       1
       0
       1
       1
       1
       1
       0
       0
       1
       1
       1
       0
       0
       1
       0
       0
       1
       0
       1
       0
       2
       0
       0
       2
       0
       0
       2
       1
       0
       0
       2
       0
       2
       0
       1
       0
       0
       2
       0
       0
       1
       1
       1
       0
       1
       1
       1
       0
       1
       0
       0
       1
       0
       0
       0
       1
       0
       2
       0
       1
       0
       2
       4
       1
       2
       0
       2
       1
       0
       0
       1
       1
       1
       2
       1
       0
       1
       1
       0
       0
       0
       3
       2
       1
       0
       2
       2
       2
       4
       3
       1
       1
       1
       3
       0
       1
       2
       1
       0
       2
       0
       0
       1
       1
       1
       0
       1
       0
       2
       0
       0
       0
       0
       1
       1
       1
       2
       1
       1
       0
       1
       0
       0
       0
       1
       0
       1
       0
       2
       0
       0
       0
       0
       0
       0
       0
       0
       2
       0
       1
       0
       1
       1
       0
       0
       1
       0
       0
       0
       2
       1
       3
       0
       1
       0
       1
       2
       1
       0
       0
       0
       0
       2
       0
       0
       1
       2
       0
       1
       1
       0
       1
       0
       0
       0
       1
       3
       0
       1
       1
       1
       2
       1
       1
       2
       1
       0
       0
       1
       2
       1
       1
       1
       0
       0
       2
       0
       1
       1
       1
       0
       3
       0
       1
       0
       1
       0
       0
       0
       0
       0
       1
       1
       1
       0
       2
       1
       1
       0
       3
       0
       1
       0
       0
       1
       0
       0
       0
       0
       0
       0
       0
       1
       2
       1
       0
       0
       1
       1
       1
       0
       1
       2
       1
       0
       0
       0
       1
       0
       0
       0
       0
       0
       1
       0
       0
       3
       0
       1
       2
       1
       0
       0
       0
       0
       0
       1
       2
       1
       2
       0
       0
       0
       2
       0
       0
       0
       1
       2
       0
       0
       0
       0
       0
       0
       0
       0
       2
       1
       0
       0
       1
       0
       1
       1
       1
       2
       1
       0
       0
       1
       1
       1
       3
       0
       1
       2
       1
       1
       1
       0
       0
       0
       0
       4
       3
       5
       1
       2
       5
       0
       1
       2
       0
       1
       2
       0
       0
       1
       1
       0
       0
       0
       0
       1
       0
       0
       0
       2
       0
       0
       1
       1
       0
       1
       0
       0
       0
       1
       3
       0
       1
       1
       2
       0
       2
       0
       0
       0
       0
       1
       0
       0
       0
       0
       0
       1
       1
       1
       1
       0
       0
       1
       0
       5
       0
       1
       2
       1
       0
       0
       0
       1
       3
       0
       0
       0
       2
       1
       0
       1
       0
       1
       0
       0
       1
       0
       0
       0
       0
       0
       0
       2
       0
       0
       0
       0
       0
       1
       0
       0
       0
       1
       1
       0
       0
       0
       1
       1
       0
       0
       0
       0
       1
       0
       0
       0
       1
       0
       0
       0
       2
       0
       1
       1
       0
       0
       1
       1
       1
       3
       1
       0
       1
       1
       0
       0
       1
       1
       1
       0
       0
       0
       0
       0
       0
       0
       0
       1
       1
       0
       0
       0
       2
       0
       0
       1
       1
       0
       0
       0
       1
       2
       2
       0
       0
       0
       0
       0
       0
       3
       0
       0
       0
       0
       0
       1
       0
       0
       0
       1
       0
       0
       1
       0
       0
       0
       2
       0
       0
       1
       2
       0
       0
       0
       0
       0
       2
       1
       1
       0
       1
       0
       0
       1
       1
       0
       0
       0
       1
       1
       0
       0
       0
       0
       0
       3
       1
       0
       0
       0
       1
       0
       1
       1
       0
       0
       1
       0
       0
       1
       0
       0
       1
       0
       0
       0
       0
       1
       0
       0
       0
       0
       1
       0
       0
       1
       0
       1
       0
       0
       2
       0
       0
       0
       0
       0
       0
       0
       0
       1
       0
       0
       1
       1
       1
       0
       1
       0
       0
       1
       0
       2
       0
       0
       0
       0
       0
       1
       2
       0
       0
       0
       0
       1
       0
       1
       0
       1
       0
       2
       0
       0
       2
       0
       2
       2
       1
       3
       1
       0
       2
       0
       1
       0
       1
       1
       1
       0
       0
       0
       0
       2
       1
       0
       1
       1
       2
       0
       0
       2
       0
       1
       2
       1
       0
       1
       1
       1
       0
       2
       0
       2
       1
       0
       1
       1
       0
       1
       1
       0
       0
       2
       0
       0
       1
       1
       0
       0
       2
       1
       1
       0
       1
       1
       0
       2
       0
       0
       0
       1
       1
       0
       0
       1
       0
       1
       0
       1
       1
       3
       0
       0
       0
       0
       0
       0
       1
       0
       0
       1
       0
       1
       1
       0
       2
       0
       1
       0
       2
       0
       0
       0
       1
       0
       1
       2
       0
       2
       1
       0
       1
       0
       0
       0
       2
       1
       1
       0
       0
       0
       1
       2
       1
       0
       0
       0
       1
       0
       1
       1
       0
       0
       0
       0
       0
       1
       1
       0
       1
       0
       0
       1
       0
       0
       0
       0
       0
       2
       1
       0
       0
       0
       2
       0
       0
       0
       1
       1
       0
       2
       0
       0
       1
       0
       2
       1
       0
       0
       1
       0
       1
       0
       1
       0
       0
       1
       0
       0
       0
       0
       0
       0
       0
       1
       0
       1
       0
       0
       1
       2
       0
       1
       2
       0
       0
       1
       0
       1
       2
       0
       1
       1
       1
       0
       0
       0
       0
       1
       2
       1
       0
       0
       1
       0
       0
       0
       1
       0
       0
       0
       0
       1
       0
       2
       0
       0
       2
       0
       0
       0
       0
       0
       0
       1
       1
       0
       1
       0
       0
       0
       0
       0
       0
       0
       1
       2
       2
       0
       0
       0
       1
       0
       0
       1
       0
       0
       1
       0
       0
       0
       0
       0
       0
       1
       0
       1
       0
       0
       1
       0
       0
       0
       0
       0
       3
       0
       1
       1
       0
       0
       0
       0
       0
       2
       1
       0
       2
       0
       1
       0
       0
       0
       0
       1
       0
       0
       2
       1
       2
       3
       1
       1
       1
       1
       1
       6
       2
       1
       1
       3
       1
       1
       0
       2
       1
       0
       1
       2
       1
       0
       0
       1
       1
       1
       1
       0
       1
       1
       1
       0
       1
       0
       1
       2
       2
       0
       0
       1
       0
       0
       0
       1
       2
       0
       1
       0
       1
       1
       0
       0
       0
       1
       3
       2
       1
       0
       0
       0
       1
       1
       2
       0
       1
       0
       1
       1
       1
       1
       1
       1
       1
       0
       1
       3
       1
       0
       1
       0
       0
       0
       1
       0
       1
       1
       1
       1
       2
       1
       2
       0
       0
       0
       0
       1
       0
       1
       2
       2
       0
       0
       2
       0
       2
       0
       0
       0
       0
       0
       1
       0
       0
       1
       1
       0
       1
       1
       0
       0
       0
       2
       2
       0
       0
       0
       0
       1
       0
       0
       0
       0
       0
       1
       1
       1
       1
       1
       0
       1
       1
       0
       0
       2
       0
       1
       3
       0
       0
       0
       0
       1
       0
       1
       0
       0
       0
       0
       1
       0
       0
       0
       0
       1
       3
       1
       1
       1
       1
       1
       0
       1
       0
       0
       3
       0
       1
       0
       1
       2
       0
       0
       1
       0
       0
       1
       0
       0
       1
       1
       0
       1
       2
       0
       0
       1
       2
       0
       1
       1
       1
       0
       0
       1
       0
       0
       0
       1
       0
       1
       0
       3
       1
       0
       2
       0
       2
       0
       0
       0
       1
       1
       1
       0
       2
       1
       2
       0
       2
       0
       0
       0
       0
       0
       1
       0
       1
       2
       1
       0
       1
       0
       0
       1
       2
       0
       3
       1
       0
       1
       1
       0
       3
       1
       0
       2
       0
       0
       1
       0
       1
       0
       0
       1
       0
       1
       1
       0
       1
       1
       0
       0
       0
       0
       2
       1
       0
       2
       0
       1
       1
       0
       1
       1
       0
       0
       0
       0
       0
       2
       1
       0
       0
       0
       0
       1
       0
       0
       1
       1
       1
       0
       2
       0
       1
       0
       0
       3
       0
       1
       1
       1
       1
       0
       1
       1
       1
       0
       0
       3
       0
       1
       0
       0
       1
       1
       0
       2
       0
       0
       0
       0
       0
       0
       0
       1
       0
       1
       0
       2
       3
       2
       2
       1
       0
       1
       0
       1
       1
       1
       0
       0
       2
       1
       0
       1
       0
       0
       2
       0
       0
       1
       1
       2
       1
       3
       0
       0
       0
       0
       1
       2
       0
       0
       0
       0
       0
       0
       0
       1
       0
       0
       0
       1
       1
       1
       0
       1
       1
       0
       2
       1
       0
       1
       1
       0
       0
       1
       0
       1
       0
       1
       0
       1
       0
       0
       1
       2
       1
       0
       0
       1
       1
       2
       0
       1
       0
       1
       0
       2
       0
       1
       2
       2
       0
       1
       2
       0
       0
       2
       0
       0
       0
       3
       3
       0
       0
       1
       0
       1
       1
       2
       2
       0
       0
       1
       0
       1
       0
       1
       0
       1
       0
       1
       0
       0
       0
       0
       2
       2
       0
       1
       0
       1
       1
       0
       1
       0
       1
       1
       0
       3
       1
       2
       1
       2
       0
       1
       0
       2
       2
       1
       2
       2
       0
       2
       0
       0
       0
       3
       0
       0
       0
       0
       2
       2
       1
       2
       1
       0
       0
       0
       0
       1
       0
       0
       1
       0
       0
       1
       0
       0
       2
       1
       1
       0
       0
       0
       0
       2
       0
       1
       1
       1
       0
       1
       0
       0
       0
       0
       0
       2
       0
       0
       1
       0
       0
       0
       1
       1
       1
       1
       0
       0
       0
       0
       0
       1
       1
       3
       2
       1
       0
       0
       0
       0
       1
       0
       2
       0
       0
       0
       1
       1
       1
       2
       1
       0
       0
       1
       0
       0
       1
       0
       2
       0
       0
       1
       0
       0
       1
       1
       0
       0
       1
       0
       0
       0
       1
       0
       2
       1
       0
       1
       0
       1
       0
       0
       1
       0
       0
       1
       0
       0
       0
       1
       2
       0
       0
       1
       1
       0
       0
       0
       0
       1
       1
       0
       1
       1
       0
       0
       0
       0
       1
       0
       0
       0
       0
       0
       1
       1
       1
       1
       0
       0
       0
       1
       0
       0
       0
       0
       0
       0
       1
       0
       0
       0
       1
       0
       0
       0
       1
       0
       0
       0
       1
       0
       1
       0
       0
       0
       0
       0
       1
       1
       2
       0
       1
       1
       0
       0
       1
       0
       0
       0
       0
       0
       1
       0
       0
       0
       1
       0
       0
       1
       2
       0
       0
       0
       2
       0
       1
       0
       1
       0
       0
       1
       0
       0
       0
       0
       0
       0
       0
       0
       0
       0
       1
       2
       0
       0
       1
       1
       0
       0
       0
       0
       0
       0
       0
       0
       1
       1
       0
       0
       1
       0
       0
       0
       0
       1
       0
       0
       1
       0
       1
       0
       0
       0
       1
       1
       1
       0
       0
       0
       0
       0
       1
       1
       0
       1
       1
       0
       1
       0
       1
       0
       0
       0
       1
       0
       0
       0
       0
       0
       0
       1
       1
       1
       0
       0
       0
       2
       0
       0
       0
       1
       0
       0
       3
       0
       0
       1
       2
       0
       1
       0
       0
       0
       0
       1
       0
       0
       0
       0
       0
       2
       1
       0
       1
       0
       0
       2
       2
       1
       1
       0
       2
       0
       0
       0
       0
       0
       1
       0
       2
       0
       0
       3
       0
       0
       0
       0
       0
       0
       0
       0
       0
       0
       0
       0
       1
       0
       0
       0
       0
       0
       0
       1
       1
       0
       1
       0
       0
       0
       0
       0
       1
       0
       0
       1
       0
       0
       0
       0
       0
       1
       2
       0
       0
       0
       1
       0
       0
       0
       0
       0
       0
       0
       1
       0
       2
       0
       0
       0
       0
       1
       0
       0
       0
       0
       0
       1
       0
       0
       1
       0
       1
       1
       0
       0
       2
       1
       0
       1
       0
       0
       0
       0
       0
       0
       1
       1
       0
       1
       0
       1
       0
       1
       1
       0
       0
       0
       0
       0
       1
       0
       0
       0
       0
       0
       0
       0
       0
       0
       0
       0
       1
       1
       0
       0
       0
       0
       1
       0
       0
       0
       0
       0
       1
       0
       1
       0
       0
       0
       0
       0
       1
       1
       0
       0
       0
       1
       0
       0
       1
       1
       0
       0
       0
       0
       0
       0
       0
       1
       0
       0
       0
       0
       0
       0
       0
       0
       0
       0
       0
       0
       0
       0
       0
       0
       0
       1
       0
       0
       0
       0
       0
       0
       0
       1
       0
       3
       0
       0
       1
       0
       0
       1
       0
       0
       1
       0
       0
       0
       0
       0
       0
       0
       0
       0
       1
       0
       0
       0
       1
       1
       0
       1
       0
       0
       0
       0
       0
       1
       1
       0
       0
       0
       0
       0
       0
       1
       0
       1
       0
       0
       0
       0
       1
       0
       0
       0
       0
       1
       0
       1
       0
       0
       2
       0
       0
       0
       1
       0
       1
       0
       1
       0
       1
       0
       1
       0
       0
       1
       1
       0
       0
       0
       0
       0
       1
       0
       0
       0
       1
       1
       0
       0
       1
       1
       0
       0
       0
       0
       0
       0
       1
       0
       0
       0
       0
       0
       0
       0
       0
       0
       0
       0
       0
       0
       0
       0
       2
       2
       0
       0
       0
       0
       1
       0
       1
       1
       0
       0
       0
       0
       0
       2
       0
       0
       0
       0
       0
       0
       0
       0
       0
       0
       0
       0
       0
       0
       2
       1
       1
       1
       1
       0
       0
       0
       0
       0
       0
       1
       1
       1
       0
       1
       0
       0
       0
       0
       1
       0
       0
       0
       0
       0
       0
       0
       0
       0
       0
       0
       1
       0
       0
       0
       0
       0
       0
       0
       0
       0
       1
       0
       0
       1
       0
       0
       0
       0
       0
       0
       0
       0
       0
       0
       1
       0
       0
       0
       0
       0
       0
       0
       0
       1
       0
       0
       0
       1
       0
       0
       0
       0
       1
       0
       0
       1
       0
       0
       0
       0
       0
       0
       0
       1
       0
       0
       0
       0
       0
       0
       0
       0
       0
       0
       1
       0
       0
       0
       1
       0
       0
       0
       0
       0
       1
       0
       0
       0
       0
       1
       0
       0
       0
       1
       0
       0
       0
       0
       0
       0
       0
       0
       0
       0
       0
       0
       0
       0
       0
       0
       0
       0
       0
       0
       0
       0
       0
       0
       0
       0
       0
       0
       0
       0
       0
       0
       0
       0
       0
       0
       0
       0
       0
       0
       0
       0
       0
       0
       0
       0
       0
       0
       0
       0
       2
       1
       0
       1
       1
       0
       0
       0
       1
       1
       0
       0
       1
       0
       0
       0
       0
       0
       0
       0
       0
       0
       0
       0
       0
       0
       0
       0
       1
       0
       0
       0
       0
       2
       1
       1
       1
       4
       5
       3
      11
       9
      11
       9
       8
      17
      16
      21
       9
       5
       7
      14
      10
       2
       2
       4
       3
       0
       0
       0
       0
       0
       0
       0
       0
       0
       1
       0
       0
       0
       1
       0
       0
       0
       0
       0
       0
       0
       0
       0
       0
       0
       0
       0
       0
       0
       0
       0
       0
       0
       0
       0
       0
       0
       0
       0
       0
       0
       0
       0
       0
       0
       0
       1
       0
       0
       0
       0
       0
       0
       0
       0
       0
       0
       1
       0
       0
       0
       0
       1
       1
       0
       0
       0
       0
       0
       0
       0
       0
       0
       0
       0
       0
       0
       0
       0
       0
       0
       0
       0
       0
       0
       0
       0
       0
       0
       0
       0
       0
       0
       0
       0
       0
       0
       0
       0
       0
       1
       0
       0
       0
       0
       0
       0
       0
       0
       0
       0
       0
       0
       0
       0
       0
       0
       0
       0
       0
       0
       2
       0
       0
       0
       0
       0
       0
       0
       0
       0
       0
       0
       0
       2
       0
       0
       0
       0
       0
       0
       0
       0
       0
       0
       0
       0
       1
       0
       1
       0
       0
       0
       0
       0
       0
       1
       0
       0
       0
       0
       0
       0
       0
       0
       0
       0
       0
       0
       0
       0
       0
       0
       0
       0
       1
       0
       1
       0
       2
       1
       0
       0
       0
       0
       0
       0
       0
       0
       0
       0
       0
       0
       0
       0
       0
       0
       0
       0
       0
       0
       0
       0
       0
       0
       0
       0
       0
       0
       0
       0
       0
       0
       0
       0
       0
       0
       0
       0
       0
       0
       0
       0
       0
       0
       0
       0
       0
       0
       0
       1
       1
       0
       0
       0
       0
       0
       0
       0
       0
       0
       0
       0
       0
       0
       0
       0
       0
       0
       0
       0
       0
       0
       0
       0
       0
       0
       0
       0
       0
       1
       0
       0
       0
       0
       0
       0
       1
       0
       0
       0
       0
       0
       0
       1
       1
       0
       0
       0
       0
       0
       1
       0
       0
       0
       1
       1
       0
       0
       0
       0
       3
       0
       0
       1
       0
       0
       1
       0
       0
       0
       0
       0
       0
       0
       0
       1
       0
       0
       0
       0
       0
       0
       0
       0
       0
       0
       0
       1
       0
       0
       0
       0
       0
       0
       0
       0
       0
       0
       0
       0
       0
       0
       0
       0
       0
       0
       0
       0
       0
       0
       0
       0
       0
       1
       0
       0
       0
       0
       0
       0
       0
       0
       0
       0
       0
       0
       0
       0
       0
       0
       0
       0
       0
       0
       0
       1
       0
       0
       0
       0
       0
       0
       0
       0
       0
       0
       1
       0
       0
       0
       0
       0
       0
       0
       0
       1
       0
       1
       0
       0
       1
       0
       0
       0
       0
       1
       1
       0
       0
       0
       0
       0
       0
       0
       0
       0
       0
       0
       0
       0
       0
       0
       0
       0
       0
       0
       0
       0
       0
       0
       0
       0
       0
       0
       0
       0
       0
       0
       0
       0
       0
       0
       0
       0
       0
       0
       0
       1
       0
       0
       0
       0
       0
       0
       0
       0
       0
       0
       0
       0
       0
       0
       0
       0
       0
       0
       0
       0
       0
       0
       0
       0
       0
       0
       0
       1
       0
       0
       0
       0
       0
       0
       0
       1
       0
       0
       0
       0
       0
       0
       0
       0
       1
       0
       0
       1
       0
       0
       0
       1
       1
       0
       1
       0
       0
       0
       0
       0
       0
       1
       0
       0
       0
       1
       0
       0
       1
       0
       0
       1
       0
       0
       0
       0
       0
       1
       1
       0
       0
       0
       0
       0
       0
       0
       0
       0
       0
       0
       0
       1
       0
       0
       0
       0
       0
       0
       0
       0
       0
       0
       0
       0
       0
       0
       0
       0
       0
       0
       0
       0
       0
       0
       0
       0
       0
       0
       0
       0
       1
       0
       0
       0
       0
       0
       1
       0
       1
       0
       0
       0
       0
       0
       0
       0
       0
       0
       0
       0
       0
       0
       0
       0
       0
       0
       0
       0
       0
       0
       0
       0
       0
       1
       0
       0
       0
       0
       1
       0
       0
       0
       0
       0
       0
       0
       0
       0
       0
       0
       0
       0
       2
       0
       0
       0
       0
       0
       1
       0
       0
       0
       0
       0
       0
       0
       0
       0
       0
       0
       0
       0
       0
       0
       0
       0
       0
       0
       0
       0
       0
       0
       0
       0
       1
       0
       0
       0
       0
       0
       0
       0
       0
       1
       0
       0
       0
       0
       0
       1
       0
       0
       0
       0
       0
       0
       0
       0
       0
       0
       0
       0
       0
       0
       0
       0
       0
       0
       0
       0
       0
       0
       0
       0
       0
       0
       0
       0
       0
       0
       0
       0
       0
       0
       0
       0
       0
       0
       0
       0
       0
       0
       1
       0
       0
       0
       0
       0
       0
       0
       0
       0
       0
       0
       0
       0
       0
       0
       0
       0
       0
       0
       0
       0
       0
       0
       0
       0
       0
       0
       0
       0
       0
       0
       1
       0
       0
       0
       0
       1
       0
       0
       0
       1
       0
       0
       0
       0
       1
       0
       0
       0
       0
       0
       0
       0
       0
       0
       0
       0
       0
       0
       0
       0
       0
       0
       0
       0
       0
       0
       0
       0
       0
       0
       0
       0
       0
       0
       0
       0
       0
       0
       0
       0
       0
       0
       0
       0
       0
       0
       0
       0
       0
       0
       0
       0
       0
       0
       0
       0
       0
       0
       0
       0
       0
       0
       0
       0
       0
       0
       0
       0
       1
       0
       0
       0
       1
       0
       0
       0
       0
       0
       0
       0
       0
       0
       0
       0
       0
       0
       0
       0
       0
       0
       0
       0
       0
       1
       0
       0
       0
       0
       0
       0
       0
       0
       0
       0
       0
       0
       0
       0
       0
       0
       0
       0
       0
       1
       0
       0
       0
       0
       0
       0
       0
       0
       0
       0
       0
       0
       0
       0
       0
       0
       0
       0
       0
       0
       1
       0
       0
       0
       0
       0
       0
       0
       0
       0
       0
       0
       0
       0
       0
       0
       0
       1
       0
       0
       0
       1
       0
       0
       0
       0
       0
       0
       0
       0
       0
       0
       0
       0
       0
       0
       0
       0
       0
       0
       0
       0
       0
       0
       0
       0
       0
       0
       0
       0
       0
       0
       0
       0
       0
       0
       1
       0
       0
       0
       0
       0
       1
       0
       0
       0
       0
       0
       0
       0
       0
       0
       0
       0
       0
       0
       0
       0
       0
       0
       0
       0
       0
       0
       0
       0
       0
       0
       0
       0
       0
       0
       0
       0
       0
       0
       0
       0
       0
       0
       0
       0
       0
       0
       0
       0
       0
       0
       0
       0
       0
       0
       0
       0
       0
       0
       0
       0
       0
       0
       0
       0
       0
       0
       0
       0
       0
       0
       0
       0
       0
       0
       0
       0
       0
       0
       0
       0
       0
       0
       0
       0
       0
       0
       0
       0
       0
       0
       0
       0
       0
       0
       0
       0
       0
       0
       0
       1
       0
       2
       0
       0
       0
       0
       1
       0
       0
       1
       0
       0
       0
       1
       0
       0
       1
       0
       0
       0
       0
       0
       1
       0
       0
       0
       0
       0
       0
       0
       0
       0
       0
       0
       1
       0
       0
       0
       0
       0
       0
       0
       0
       0
       0
       0
       0
       0
       0
       0
       0
       0
       1
       0
       0
       0
       0
       0
       0
       0
       0
       0
       0
       0
       0
       0
       0
       0
       0
       0
       0
       0
       0
       0
       0
       0
       0
       0
       0
       0
       0
       0
       0
       0
       0
       0
       0
       0
       0
       1
       1
       0
       0
       0
       0
       0
       0
       0
       0
       0
       0
       0
       0
       0
       0
       0
       0
       0
       0
       0
       0
       0
       0
       0
       0
       0
       0
       0
       0
       0
       0
       0
       0
       0
       0
       0
       0
       0
       0
       0
       0
       0
       0
       0
       0
       0
       0
       0
       0
       1
       1
       0
       1
       1
       2
       1
       3
       3
       2
       2
       0
       1
       0
       1
       0
       0
       1
       0
       0
       0
       0
       0
       0
       0
       0
       0
       0
       0
       0
       0
       0
       0
       0
       0
       0
       0
       1
       0
       0
       0
       0
       0
       1
       0
       0
       0
       0
       0
       0
       0
       0
       0
       0
       0
       0
       0
       1
       0
       0
       0
       1
       0
       0
       0
       0
       0
       0
       0
       0
       0
       0
       0
       0
       0
       0
       0
       0
       0
       0
       0
       0
       0
       0
       0
       0
       0
       0
       0
       1
       0
       0
       0
       0
       0
       0
       0
       0
       0
       0
       0
       0
       0
       0
       0
       0
       0
       0
       0
       0
       0
       0
       0
       0
       0
       0
       0
       0
       0
       0
       0
       0
       0
       0
       0
       0
       0
       0
       0
       0
       0
       0
       0
       0
       0
       0
       0
       0
       0
       0
       0
       0
       0
       0
       0
       1
       0
       0
       0
       0
       0
       0
       0
       0
       0
       0
       0
       0
       0
       0
       0
       0
       0
       0
       0
       0
       0
       0
       0
       1
       1
       0
       0
       0
       0
       0
       0
       0
       0
       0
       0
       0
       0
       0
       0
       0
       0
       0
       0
       0
       0
       0
       0
       0
       0
       0
       0
       0
       1
       0
       0
       0
       0
       0
       0
       0
       0
       0
       0
       0
       0
       0
       0
       0
       0
       0
       0
       0
       0
       0
       0
       0
       0
       0
       0
       0
       0
       0
       0
       0
       0
       0
       0
       0
       0
       0
       0
       0
       0
       0
       0
       0
       0
       0
       0
       0
       0
       0
       0
       0
       0
       0
       0
       0
       0
       0
       0
       0
       0
       0
       0
       0
       0
       0
       0
       1
       0
       0
       0
       0
       0
       0
       0
       0
       0
       0
       0
       1
       0
       0
       0
       0
       0
       0
       0
       0
       1
       0
       0
       0
       0
       0
       0
       0
       0
       0
       1
       0
       0
       0
       0
       0
       0
       0
       0
       0
       0
       0
       0
       0
       1
       0
       0
       0
       2
       0
       0
       0
       0
       0
       0
       0
       0
       0
       0
       0
       0
       0
       0
       0
       0
       1
       2
       0
       1
       0
       0
       0
       0
       0
       0
       0
       2
       0
       0
       0
       0
       0
       0
       0
       0
       0
       0
       0
       0
       0
       0
       0
       0
       0
       0
       0
       1
       0
       0
       0
       0
       0
       0
       0
       0
       0
       0
       0
       0
       1
       0
       0
       0
       0
       0
       0
       0
       0
       0
       0
       0
       0
       0
       0
       0
       0
       0
       0
       1
       0
       0
       0
       1
       1
       0
       0
       0
       0
       0
       0
       0
       0
       0
       1
       0
       0
       0
       0
       0
       0
       0
       0
       0
       0
       0
       0
       0
       0
       0
       0
       0
       0
       0
       0
       1
       0
       0
       0
       0
       0
       0
       0
       0
       0
       0
       0
       0
       0
       0
       0
       0
       0
       0
       0
       0
       0
       0
       1
       0
       0
       0
       0
       0
       0
       0
       0
       0
       0
       0
       0
       0
       0
       0
       0
       0
       0
       1
       1
       0
       0
       0
       0
       0
       0
       0
       0
       0
       0
       0
       0
       0
       0
       1
       0
       0
       0
       0
       0
       0
       0
       0
       0
       0
       0
       0
       0
       1
       0
       0
       0
       0
       0
       0
       0
       0
       0
       0
       0
       0
       0
       0
       0
       0
       0
       0
       0
       0
       0
       0
       0
       0
       0
       0
       0
       0
       0
       0
       0
       0
       0
       0
       0
       0
       0
       0
       0
       0
       0
       0
       0
       1
       0
       0
       0
       0
       0
       0
       0
       0
       0
       0
       0
       0
       0
       0
       0
       0
       1
       0
       0
       0
       0
       0
       0
       0
       0
       0
       0
       0
       1
       0
       0
       0
       0
       0
       0
       0
       1
       0
       0
       0
       0
       1
       0
       0
       0
       0
       0
       0
       0
       0
       0
       0
       0
       0
       0
       0
       0
       0
       0
       0
       0
       0
       1
       0
       0
       1
       0
       0
       0
       0
       1
       0
       0
       0
       0
       0
       0
       0
       0
       0
       0
       0
       0
       0
       0
       0
       0
       0
       0
       0
       0
       0
       0
       0
       0
       0
       0
       0
       0
       0
       0
       0
       0
       0
       0
       0
       0
       1
       1
       0
       0
       0
       0
       0
       0
       0
       0
       0
       0
       0
       0
       0
       0
       1
       0
       0
       0
       0
       0
       1
       0
       0
       0
       0
       0
       0
       0
       0
       0
       0
       0
       0
       0
       0
       0
       0
       0
       0
       0
       0
       0
       0
       0
       0
       0
       0
       0
       0
       0
       1
       1
       0
       0
       0
       0
       0
       0
       0
       0
       0
       0
       0
       0
       0
       0
       0
       0
       0
       0
       0
       0
       0
       0
       0
       0
       0
       0
       0
       0
       0
       0
       0
       0
       0
       0
       0
       0
       0
       0
       0
       0
       0
       0
       0
       0
       0
       0
       0
       0
       0
       0
       0
       0
       0
       0
       1
       0
       0
       0
       0
       0
       0
       0
       0
       0
       0
       0
       0
       0
       0
       0
       0
       0
       0
       0
       0
       0
       0
       0
       0
       0
       0
       0
       0
       0
       0
       0
       0
       0
       0
       0
       0
       0
       0
       0
       0
       0
       0
       0
       0
       1
       0
       0
       0
       0
       0
       0
       0
       0
       0
       0
       0
       0
       0
       0
       0
       0
       0
       0
       0
       1
       0
       0
       0
       0
       0
       0
       0
       0
       0
       0
       0
       0
       0
       0
       0
       0
       1
       0
       0
       0
       0
       0
       0
       0
       0
       0
       0
       0
       0
       0
       0
       0
       0
       0
       0
       0
       0
       0
       0
       0
       0
       0
       0
       0
       1
       0
       0
       0
       0
       0
       0
       0
       0
       0
       0
       0
       0
       0
       0
       0
       0
       0
       0
       0
       0
       0
       0
       0
       0
       0
       0
       0
       0
       0
       0
       0
       0
       0
       0
       0
       0
       0
       0
       0
       1
       0
       0
       0
       0
       0
       0
       0
       0
       0
       0
       0
       0
       0
       0
       0
       1
       0
       0
       0
       0
       0
       0
       0
       0
       0
       0
       0
       0
       0
       0
       0
       0
       0
       0
       0
       0
       0
       0
       1
       0
       0
       0
       0
       0
       0
       0
       0
       0
       0
       0
       0
       0
       0
       0
       0
       0
       0
       1
       0
       0
       0
       0
       1
       0
       0
       0
       0
       1
       0
       0
       0
       0
       0
       0
       0
       0
       0
       0
       0
       0
       0
       0
       0
       0
       0
       0
       0
       0
       0
       0
       0
       0
       0
       0
       0
       0
       0
       0
       0
       0
       0
       1
       0
       0
       1
       0
       0
       0
       0
       0
       0
       0
       0
       0
       0
       0
       0
       0
       0
       1
       0
       0
       1
       0
       0
       0
       0
       0
       0
       0
       0
       0
       0
       0
       0
       0
       0
       0
       0
       0
       0
       0
       0
       0
       0
       0
       0
       0
       0
       0
       0
       0
       0
       0
       0
       0
       0
       0
       0
       0
       0
       0
       0
       0
       0
       0
       0
       0
       0
       0
       0
       0
       0
       0
       0
       0
       0
       0
       0
       1
       0
       0
       0
       0
       0
       0
       0
       0
       0
       0
       0
       0
       0
       0
       0
       0
       0
       0
       0
       0
       0
       0
       0
       1
       0
       0
       0
       0
       0
       0
       0
       0
       0
       0
       0
       0
       0
       0
       0
       0
       0
       0
       0
       0
       0
       0
       0
       0
       0
       0
       0
       0
       0
       0
       0
       0
       0
       0
       0
       0
       0
       0
       0
       0
       0
       0
       0
       0
       0
       0
       0
       0
       0
       0
       0
       0
       0
       0
       0
       0
       0
       0
       0
       0
       0
       0
       0
       0
       0
       0
       0
       1
       0
       0
       0
       0
       0
       0
       0
       0
       0
       1
       0
       0
       0
       0
       0
       0
       0
       0
       0
       0
       0
       0
       0
       0
       0
       0
       0
       0
       0
       0
       0
       0
       0
       0
       0
       1
       0
       0
       1
       0
       0
       0
       0
       0
       0
       0
       0
       0
       0
       0
       0
       0
       0
       0
       0
       0
       0
       0
       0
       1
       0
       0
       0
       0
       0
       0
       0
       0
       0
       0
       0
       1
       0
       0
       0
       0
       0
       0
       0
       0
       0
       0
       0
       0
       0
       0
       0
       0
       0
       0
       0
       0
       0
       0
       0
       1
$ROI:
11
224 244
765 907
1350 1411
1828 1908
2525 2667
2716 2799
3716 3817
4331 4427
4564 4622
5085 5259
5690 5768
$PRESETS:
Live Time
200
0
$ENER_FIT:
0.053689 0.255148
$MCA_CAL:
3
5.368913E-002 2.551478E-001 -1.853380E-009 keV
$SHAPE_CAL:
3
6.992400E+000 7.812671E-004 -3.508660E-008
