$SPEC_ID:
No sample description was entered.
$SPEC_REM:
DET# 1
DETDESC# GMX20P4 HPGe
AP# Maestro Version 7.01
$DATE_MEA:
11/23/2018 15:16:28
$MEAS_TIM:
200 201
$DATA:
0 8191
       0
       0
       0
       0
       0
       0
       0
       0
       0
       0
       0
       0
       0
       0
       0
       0
       0
       0
       0
       0
       0
       0
       0
       0
       0
       0
       0
       0
       0
       0
       0
       0
       0
       0
       0
       0
       0
       0
       0
       0
       0
       0
       0
       0
       0
       0
       0
       0
       2
      14
      48
      49
      71
      74
      49
      60
      64
      58
      57
      47
      59
      62
      60
      59
      69
      52
      62
      62
      55
      68
      77
      58
      73
      51
      64
      52
      66
      75
      60
      68
      66
      62
      74
      71
      72
      80
      82
      83
     101
      66
      88
      77
      86
      86
     103
      73
      88
      71
      81
      75
      91
      71
      65
      61
      78
      79
      88
      90
     106
      97
      96
     107
     107
     121
     119
     111
     137
     151
     178
     169
     229
     265
     370
     443
     451
     457
     488
     395
     319
     267
     174
     147
     101
      89
      97
      77
      71
      93
     133
     129
     160
     166
     161
     159
     142
     149
     118
     109
     105
      62
      80
      75
      53
      58
      70
      52
      54
      50
      58
      62
      58
      67
      58
      45
      60
      51
      65
      63
      74
      73
      77
      60
      70
      78
      59
      66
      53
      55
      67
      56
      73
      75
      47
      50
      58
      63
      57
      64
      62
      59
      65
      60
      75
      60
      60
      70
      65
      61
      63
      53
      75
      88
      70
      80
      66
      63
      66
      81
      53
      67
      75
      61
      53
      65
      71
      71
      81
      59
      74
      75
      80
      79
      76
      66
      84
      74
      65
      79
      52
      61
      69
      56
      57
      54
     109
      55
      57
      81
      75
      69
      86
      72
      91
      55
      67
      92
      64
      63
      70
      78
      82
      77
      64
      76
      69
      60
      75
      70
      77
      65
      85
      85
      86
      81
      62
      86
      80
      81
      81
      88
      67
      79
      72
      76
      78
      80
      72
      65
      74
      81
      77
      86
      78
      65
      94
      91
      81
      89
      73
      75
      72
      81
      87
      90
      82
      80
      84
      88
      68
      81
      92
      79
      76
      88
      80
      80
      65
      79
      71
      83
      93
      86
      62
      80
      81
      75
      83
      88
      90
      70
      73
      85
      77
      84
      84
      96
      84
      87
      63
      65
      80
      78
      78
     105
      90
      83
      80
      88
      81
      79
      77
      72
      79
      89
      84
      90
      79
      65
      91
      78
      68
      89
      75
      77
      89
      91
      80
      81
      83
      81
      78
      88
      63
      81
      90
      85
      70
      58
      85
      79
      75
      65
      68
      91
      89
      87
      85
      66
      94
      81
      89
      79
      81
      71
      86
      90
      94
      84
      83
      81
      83
      71
      79
      70
      82
      93
      73
      79
      76
      76
      70
      70
      91
      68
      93
      79
      80
      74
      88
      70
      73
      69
      78
      85
      69
      85
      73
      85
      75
      76
      79
      75
      65
      92
      79
      74
      79
      65
      66
      84
      68
      86
     103
      77
      87
      82
      78
      64
      81
      82
      77
      73
      78
      74
      72
      52
      75
      87
      78
      87
      74
      74
      68
      66
      69
      80
      76
      85
      87
      62
      86
      77
      78
      64
      64
      78
      77
      74
      77
      72
      76
      85
      73
      83
      82
      70
      76
      85
      88
      80
      78
      74
      70
      66
      77
      77
      73
      80
      73
      87
      69
      78
      74
      72
      83
      69
      82
      83
      60
      79
      67
      69
      70
      88
      88
      65
      88
      77
      86
      69
      94
      83
      80
      65
      91
      62
      76
      75
      68
      66
      70
      56
      82
      72
      71
      65
      67
      84
      88
      78
      76
      61
      80
      76
      76
      77
      81
      77
      63
      80
      68
      78
      71
      61
      70
      73
      60
      68
      82
      56
      61
      74
      69
      70
      63
      70
      76
      66
      69
      76
      64
      74
      81
      67
      64
      63
      75
      59
      74
      59
      70
      71
      64
      75
      74
      73
      67
      76
      81
      65
      67
      66
      82
      74
      59
      72
      66
      70
      85
      70
      75
      78
      62
      64
      76
      59
      61
      79
      67
      81
      74
      61
      49
      64
      73
      70
      60
      63
      75
      62
      70
      59
      46
      63
      62
      75
      71
      55
      64
      64
      53
      65
      69
      75
      73
      66
      74
      67
      71
      74
      69
      62
      78
      77
      67
      67
      61
      69
      57
      51
      56
      57
      70
      64
      59
      75
      65
      59
      66
      72
      72
      44
      50
      72
      63
      76
      52
      73
      67
      61
      59
      78
      66
      68
      77
      60
      51
      75
      56
      60
      58
      66
      58
      68
      66
      65
      58
      58
      59
      67
      52
      67
      71
      55
      75
      60
      70
      70
      78
      57
      59
      61
      72
      71
      63
      67
      61
      53
      54
      50
      68
      67
      75
      56
      65
      63
      56
      63
      63
      71
      66
      61
      60
      76
      72
      84
      70
      64
      77
      79
      76
      75
      81
      84
      58
      92
      92
      86
      90
      95
      79
      88
      76
      94
      84
      68
      72
     107
      76
      68
      78
      76
      65
      86
      74
      84
      78
      83
      77
      75
      72
      68
      86
      76
      83
      72
      58
      80
      72
      88
      68
      57
      61
      67
      88
      72
      56
      62
      62
      66
      72
      55
      92
      60
      64
      68
      75
      71
      76
      71
      66
      62
      73
      69
      58
      72
      76
      72
      69
      73
      68
      77
      68
      52
      81
      70
      70
      68
      74
      64
      81
      75
      72
      61
      77
      67
      60
      61
      57
      66
      58
      67
      74
      84
      59
      67
      63
      66
      74
      54
      71
      64
      47
      64
      66
      60
      75
      77
      52
      61
      62
      63
      60
      71
      72
      57
      71
      66
      56
      53
      65
      64
      48
      65
      54
      59
      46
      48
      70
      70
      68
      60
      53
      54
      62
      77
      63
      59
      57
      55
      59
      56
      64
      66
      65
      56
      64
      64
      76
      55
      61
      52
      70
      50
      64
      68
      71
      73
      48
      63
      66
      67
      64
      58
      58
      66
      57
      58
      57
      66
      61
      70
      50
      63
      65
      55
      62
      56
      60
      61
      67
      52
      66
      64
      63
      64
      86
      59
      56
      62
      66
      64
      67
      62
      68
      49
      61
      69
      70
      35
      70
      57
      56
      67
      56
      59
      72
      61
      74
      68
      72
      61
      67
      61
      67
      84
      74
      72
      56
      62
      56
      70
      51
      50
      44
      47
      63
      61
      70
      69
      61
      56
      54
      61
      46
      73
      64
      50
      75
      53
      47
      68
      65
      57
      62
      55
      57
      63
      55
      62
      50
      65
      50
      64
      58
      48
      50
      69
      57
      63
      60
      50
      67
      59
      48
      47
      60
      52
      51
      58
      47
      59
      61
      48
      60
      47
      67
      70
      50
      63
      56
      61
      59
      50
      50
      44
      69
      66
      63
      58
      49
      63
      69
      60
      51
      54
      57
      61
      59
      70
      63
      61
      60
      57
      61
      49
      63
      50
      62
      56
      59
      46
      56
      52
      64
      57
      46
      44
      57
      58
      58
      51
      64
      57
      55
      52
      46
      52
      38
      67
      54
      55
      60
      55
      48
      51
      55
      41
      59
      47
      43
      53
      52
      59
      54
      53
      48
      58
      51
      59
      57
      49
      39
      55
      61
      43
      43
      60
      54
      49
      46
      57
      43
      69
      55
      39
      52
      41
      57
      43
      34
      52
      48
      50
      38
      47
      60
      57
      73
      47
      55
      47
      45
      56
      47
      52
      51
      39
      50
      48
      47
      45
      48
      59
      62
      48
      44
      46
      44
      36
      53
      54
      56
      51
      48
      57
      55
      49
      63
      39
      47
      48
      38
      54
      46
      45
      51
      41
      48
      35
      45
      50
      56
      57
      47
      57
      47
      45
      49
      46
      54
      43
      53
      54
      57
      49
      47
      49
      51
      53
      38
      41
      46
      42
      54
      45
      63
      44
      48
      60
      46
      39
      59
      57
      41
      47
      57
      47
      55
      52
      35
      56
      35
      28
      37
      41
      32
      44
      50
      42
      51
      51
      43
      52
      45
      53
      53
      48
      40
      60
      40
      41
      42
      44
      50
      43
      41
      45
      42
      45
      65
      43
      48
      54
      37
      45
      55
      47
      51
      43
      42
      50
      43
      36
      40
      46
      45
      49
      56
      52
      40
      51
      44
      47
      55
      40
      46
      50
      53
      54
      23
      38
      49
      35
      52
      38
      51
      42
      51
      51
      45
      40
      44
      42
      59
      43
      48
      48
      54
      47
      38
      47
      57
      36
      44
      46
      49
      45
      46
      41
      54
      45
      47
      45
      46
      46
      45
      38
      42
      42
      50
      42
      32
      49
      49
      60
      50
      35
      47
      42
      34
      50
      41
      46
      41
      42
      44
      39
      47
      39
      49
      42
      49
      39
      39
      51
      39
      41
      42
      37
      54
      41
      41
      42
      41
      38
      39
      34
      45
      46
      45
      47
      37
      47
      36
      50
      37
      47
      56
      42
      51
      45
      47
      31
      43
      41
      44
      57
      42
      36
      55
      39
      41
      36
      48
      61
      51
      52
      43
      42
      45
      42
      43
      44
      41
      56
      53
      47
      50
      53
      46
      40
      41
      47
      48
      43
      39
      44
      49
      48
      39
      57
      62
      45
      44
      50
      50
      52
      44
      66
      46
      64
      53
      54
      34
      45
      52
      48
      45
      40
      46
      46
      41
      46
      49
      51
      46
      39
      57
      41
      58
      47
      46
      51
      50
      52
      52
      49
      47
      48
      45
      36
      46
      55
      54
      46
      41
      49
      37
      39
      54
      40
      39
      46
      44
      58
      37
      44
      42
      44
      43
      43
      53
      46
      44
      41
      49
      49
      45
      41
      34
      36
      40
      50
      31
      57
      36
      50
      47
      41
      43
      44
      43
      45
      42
      48
      43
      37
      37
      48
      38
      37
      37
      43
      42
      68
      46
      53
      52
      51
      48
      40
      42
      46
      46
      59
      51
      53
      38
      52
      47
      50
      46
      46
      46
      48
      39
      50
      53
      45
      48
      55
      53
      38
      45
      40
      33
      57
      54
      41
      43
      46
      49
      39
      42
      39
      48
      37
      40
      47
      45
      53
      42
      41
      38
      46
      49
      39
      54
      57
      47
      41
      49
      53
      50
      41
      51
      38
      46
      42
      46
      43
      37
      44
      43
      49
      46
      36
      58
      53
      57
      59
      47
      43
      56
      43
      52
      43
      56
      39
      37
      49
      56
      47
      52
      40
      51
      49
      51
      49
      44
      39
      67
      53
      49
      36
      35
      49
      56
      52
      51
      56
      50
      40
      41
      46
      59
      58
      41
      51
      43
      51
      48
      44
      63
      44
      61
      36
      45
      41
      47
      33
      49
      59
      44
      56
      32
      57
      45
      45
      58
      41
      79
      62
      51
      46
      57
      38
      49
      53
      58
      44
      47
      61
      51
      50
      24
      53
      60
      51
      60
      42
      60
      62
      54
      38
      59
      47
      58
      43
      53
      42
      64
      52
      48
      50
      59
      35
      48
      53
      46
      57
      56
      57
      57
      46
      62
      59
      60
      64
      55
      56
      51
      59
      47
      44
      50
      37
      49
      53
      58
      42
      63
      55
      54
      54
      58
      50
      55
      58
      49
      47
      58
      42
      56
      50
      45
      49
      56
      53
      61
      73
      54
      47
      47
      52
      52
      69
      58
      54
      54
      54
      43
      42
      64
      47
      61
      56
      49
      56
      54
      53
      58
      49
      54
      62
      51
      41
      66
      57
      51
      70
      45
      56
      47
      65
      65
      54
      49
      49
      63
      61
      50
      50
      58
      62
      62
      52
      56
      63
      50
      70
      79
      55
      71
      56
      61
      58
      55
      56
      59
      55
      44
      45
      59
      53
      51
      63
      58
      55
      51
      56
      63
      55
      56
      67
      56
      54
      59
      57
      69
      71
      69
      56
      55
      56
      61
      47
      66
      52
      71
      49
      52
      73
      52
      65
      63
      60
      70
      57
      65
      66
      58
      57
      49
      73
      49
      63
      57
      63
      59
      70
      48
      61
      58
      65
      57
      68
      65
      63
      58
      66
      63
      63
      66
      61
      65
      77
      60
      66
      73
      65
      75
      66
      71
      70
      69
      71
      63
      55
      67
      55
      53
      59
      57
      80
      57
      63
      70
      69
      61
      70
      61
      58
      67
      62
      63
      54
      61
      62
      64
      72
      71
      51
      61
      57
      60
      67
      59
      39
      66
      65
      71
      57
      81
      55
      57
      66
      64
      70
      65
      65
      56
      58
      48
      60
      60
      53
      59
      37
      52
      49
      42
      42
      55
      39
      45
      41
      53
      41
      54
      41
      43
      34
      37
      33
      41
      34
      42
      43
      42
      39
      23
      47
      45
      32
      33
      34
      35
      30
      41
      31
      29
      29
      29
      32
      27
      44
      31
      34
      41
      41
      42
      41
      32
      32
      28
      37
      36
      23
      42
      38
      26
      24
      24
      30
      34
      30
      39
      32
      31
      26
      24
      28
      23
      29
      26
      43
      27
      36
      26
      39
      36
      30
      44
      27
      32
      29
      28
      32
      35
      29
      36
      34
      24
      38
      26
      30
      24
      27
      29
      26
      24
      24
      24
      27
      25
      29
      29
      26
      23
      30
      30
      30
      39
      14
      23
      19
      34
      23
      33
      24
      33
      29
      24
      26
      27
      30
      22
      22
      24
      31
      31
      35
      26
      22
      26
      25
      19
      22
      36
      28
      16
      24
      28
      28
      32
      19
      25
      28
      20
      24
      34
      19
      20
      18
      25
      20
      24
       8
      19
      17
      22
      28
      17
      20
      27
      18
      13
      17
      16
      14
      19
      13
      21
      23
      13
      15
      19
      23
      16
      15
      25
      17
      26
      22
      20
      24
      22
      19
      20
      17
      12
      12
      27
      26
      25
      23
      14
      20
      20
      21
      23
      29
      21
      19
      19
      29
      31
      25
      16
      18
      27
      19
       8
      16
      29
      18
      16
      20
      21
      27
      20
      17
      24
      21
      15
      24
      14
      18
      13
      14
      17
      21
      20
      11
      28
      14
      19
      26
      11
      11
      14
      19
      19
      14
      23
      21
      15
      18
      18
      15
      24
       6
      20
      13
      16
      14
      17
      19
      18
      11
      19
       9
      17
      11
      11
      17
      22
      11
      13
       7
      11
      22
      16
      12
      28
      19
      15
      15
      17
       9
      16
      15
      22
      12
      19
      13
      21
      10
       7
      20
      12
       7
       8
       9
      13
      12
       9
      12
      14
      12
       8
       7
      15
      14
      11
      16
      10
      17
      15
      13
      14
      12
      11
      13
       7
       9
      18
      13
      15
      15
      19
       4
       7
      11
      11
      18
      18
      14
      11
      19
       9
      10
      13
       5
      12
      16
      10
       8
       5
      10
      13
      13
       7
       6
      18
       8
       7
       8
      11
       8
      13
       7
       5
       8
       4
      14
      13
       8
       7
      10
       8
      11
      14
       8
       6
       6
       7
      16
      10
      10
       9
       3
      11
       6
      15
       8
       9
       8
       9
       9
       8
      11
      12
      11
       6
       8
       8
       4
      11
       9
       8
       8
      11
       4
       6
      10
       9
       8
       5
       5
      10
       3
       8
       8
       8
       8
      14
       8
       6
       9
      12
      11
       6
      16
      13
      10
      12
      11
       9
       9
      14
       8
       9
      17
      16
       9
       5
      15
       7
      11
       8
       6
       9
      11
      10
      10
      16
      10
       9
      14
       5
       8
       8
       3
      10
       8
       9
      14
       9
       5
       9
       9
      11
      11
      14
       5
       4
       9
       9
       8
       5
       9
       5
       7
       5
      13
       7
       5
      11
       6
       5
       6
       6
       4
      11
      10
       6
       9
       7
       9
       4
      15
       9
       6
       5
       6
       9
       7
       8
       9
       7
      12
      10
       6
       7
       5
       3
       4
       4
       8
      12
       6
       4
       8
      10
       9
       8
       9
      12
       7
       7
       8
       9
       6
       8
      10
      11
      10
      15
      10
      12
       9
      12
      14
      10
      20
      20
      14
      16
       7
       7
       8
       7
       8
       6
      13
       6
       6
       9
       9
       8
       8
       5
      12
       3
       5
       9
       5
       3
       6
      10
       5
      12
       8
       9
       9
       4
      10
       3
       4
       1
      12
       3
       7
       6
       9
       0
       6
       7
       7
       4
       5
       7
       5
      11
      15
       4
      11
       4
       5
       4
       2
       6
       5
       7
      10
       6
       6
      10
       3
      10
       7
       5
       8
      17
       8
       5
       7
       6
       8
       8
       7
       5
       6
       5
       7
       6
       7
       1
       7
       8
       2
       6
      10
       5
       8
       8
       4
       8
      13
      10
       2
       9
       8
       6
       5
       6
       9
       7
       4
      11
      10
       6
      10
       9
       7
      14
       8
       9
       4
       5
       5
       5
       8
      12
       8
       4
       8
       7
      12
      18
      11
      13
      10
       5
       2
       7
       9
       6
       6
       5
       6
       5
       5
       5
       8
       7
       7
       3
       8
       6
      12
       7
       6
      12
       8
       8
       5
       8
       6
       7
       5
       9
       8
      12
       5
      18
       6
      17
      11
       9
      11
      10
       6
       7
      10
       6
       4
       8
       7
       9
       5
      12
       5
      13
       5
       7
       4
       7
      11
      12
       7
      14
      12
       9
      16
      15
      25
      41
      43
      76
     114
     212
     364
     551
     857
    1230
    1760
    2171
    2588
    2848
    2874
    2767
    2340
    1852
    1428
     961
     600
     370
     193
      91
      41
      21
       9
       1
       6
       2
       1
       2
       1
       0
       2
       1
       0
       1
       1
       1
       1
       0
       1
       2
       1
       2
       0
       1
       1
       1
       0
       1
       2
       0
       2
       0
       1
       1
       1
       1
       3
       0
       2
       0
       1
       0
       1
       0
       0
       0
       1
       1
       0
       3
       3
       0
       0
       0
       0
       4
       2
       0
       2
       0
       0
       1
       2
       2
       1
       1
       1
       0
       2
       0
       1
       0
       0
       0
       4
       0
       4
       0
       1
       1
       2
       2
       1
       1
       0
       4
       1
       2
       0
       1
       0
       1
       3
       1
       1
       1
       2
       0
       4
       0
       1
       2
       0
       0
       1
       1
       0
       1
       1
       3
       0
       2
       1
       2
       0
       1
       1
       0
       1
       0
       1
       4
       1
       1
       1
       1
       2
       1
       0
       0
       0
       0
       2
       1
       0
       2
       0
       2
       2
       1
       1
       2
       1
       2
       0
       1
       1
       1
       1
       1
       1
       0
       1
       1
       1
       3
       1
       2
       1
       1
       0
       1
       0
       0
       0
       2
       0
       1
       2
       0
       2
       2
       2
       1
       1
       2
       1
       2
       0
       2
       0
       0
       2
       0
       1
       1
       0
       2
       0
       0
       0
       2
       0
       1
       1
       1
       0
       3
       0
       0
       1
       3
       2
       1
       0
       0
       0
       1
       0
       0
       0
       0
       0
       0
       0
       0
       0
       1
       2
       2
       1
       1
       1
       2
       1
       1
       0
       0
       3
       0
       0
       0
       1
       0
       2
       0
       0
       1
       2
       0
       0
       1
       2
       2
       3
       0
       0
       2
       1
       2
       3
       0
       1
       0
       1
       0
       1
       0
       0
       0
       2
       1
       1
       4
       0
       2
       1
       1
       0
       0
       0
       1
       4
       2
       1
       1
       0
       2
       2
       1
       0
       3
       1
       1
       0
       0
       2
       1
       2
       0
       3
       0
       0
       0
       1
       1
       0
       1
       0
       1
       0
       0
       2
       0
       1
       2
       3
       1
       0
       2
       0
       1
       1
       1
       1
       2
       1
       0
       0
       1
       1
       0
       1
       0
       2
       1
       3
       1
       1
       0
       0
       1
       2
       1
       2
       1
       0
       2
       2
       0
       1
       1
       0
       0
       0
       1
       2
       1
       1
       0
       0
       1
       1
       0
       1
       0
       2
       1
       1
       1
       1
       0
       1
       2
       1
       0
       1
       1
       0
       1
       0
       2
       1
       2
       0
       1
       0
       0
       0
       1
       0
       0
       1
       1
       1
       0
       1
       2
       1
       2
       0
       0
       1
       0
       2
       1
       0
       2
       1
       0
       1
       2
       1
       2
       0
       2
       1
       2
       0
       1
       1
       1
       3
       1
       1
       2
       1
       1
       0
       1
       1
       1
       0
       1
       0
       0
       2
       2
       1
       1
       0
       1
       0
       0
       1
       0
       1
       0
       1
       2
       0
       0
       0
       0
       1
       1
       1
       3
       0
       1
       0
       1
       1
       2
       1
       0
       1
       1
       0
       0
       2
       1
       0
       0
       0
       0
       0
       1
       0
       1
       0
       0
       1
       0
       1
       1
       1
       0
       2
       1
       1
       0
       1
       1
       0
       0
       1
       0
       0
       0
       1
       1
       1
       1
       1
       0
       0
       4
       0
       1
       1
       1
       3
       0
       0
       1
       1
       0
       0
       1
       1
       1
       0
       1
       2
       2
       3
       0
       0
       1
       0
       0
       0
       1
       1
       2
       0
       3
       0
       0
       0
       0
       0
       2
       0
       1
       0
       3
       0
       1
       2
       1
       2
       0
       1
       0
       0
       1
       0
       0
       0
       1
       0
       2
       0
       1
       0
       0
       0
       2
       1
       2
       0
       1
       0
       0
       0
       1
       0
       0
       0
       1
       0
       0
       1
       1
       1
       1
       1
       0
       0
       1
       0
       0
       0
       1
       1
       2
       1
       2
       1
       0
       1
       2
       0
       3
       1
       1
       2
       0
       0
       1
       0
       0
       0
       0
       0
       1
       2
       1
       1
       1
       0
       0
       0
       0
       0
       1
       0
       1
       0
       1
       0
       2
       0
       0
       2
       0
       0
       0
       0
       0
       0
       0
       1
       1
       2
       2
       1
       0
       1
       1
       1
       0
       0
       0
       1
       0
       1
       1
       0
       2
       1
       2
       0
       0
       2
       0
       0
       1
       1
       2
       1
       0
       0
       2
       0
       0
       1
       0
       4
       0
       2
       0
       0
       0
       1
       0
       2
       0
       0
       0
       0
       1
       1
       1
       1
       1
       1
       0
       2
       1
       3
       2
       0
       0
       0
       0
       2
       1
       0
       2
       0
       0
       1
       0
       2
       3
       2
       0
       3
       0
       2
       0
       0
       0
       3
       2
       1
       1
       1
       0
       0
       0
       0
       0
       0
       0
       0
       1
       1
       0
       0
       0
       0
       0
       0
       1
       1
       1
       0
       3
       2
       2
       2
       0
       0
       1
       0
       0
       2
       1
       1
       2
       1
       0
       0
       0
       1
       1
       0
       1
       2
       1
       3
       0
       1
       1
       1
       1
       0
       1
       0
       0
       0
       1
       0
       1
       3
       1
       0
       0
       0
       0
       1
       0
       0
       1
       0
       1
       0
       1
       0
       2
       2
       0
       0
       0
       2
       0
       1
       2
       0
       0
       0
       1
       1
       1
       1
       0
       2
       0
       0
       0
       1
       0
       1
       1
       0
       2
       1
       0
       0
       3
       1
       0
       2
       0
       1
       1
       0
       1
       2
       1
       2
       1
       1
       1
       0
       2
       0
       1
       1
       2
       1
       1
       1
       0
       1
       1
       0
       0
       1
       2
       0
       1
       0
       2
       2
       0
       0
       0
       1
       1
       1
       1
       1
       2
       0
       2
       0
       0
       1
       0
       1
       1
       2
       1
       0
       0
       0
       1
       1
       2
       0
       0
       2
       0
       1
       0
       0
       0
       0
       2
       3
       1
       0
       0
       3
       3
       0
       1
       2
       1
       0
       1
       0
       1
       0
       1
       0
       0
       1
       0
       1
       1
       2
       1
       1
       1
       0
       1
       2
       1
       0
       2
       1
       2
       0
       0
       0
       1
       1
       2
       0
       2
       2
       1
       0
       2
       0
       0
       1
       1
       1
       2
       1
       0
       1
       2
       0
       2
       0
       1
       1
       1
       2
       0
       1
       1
       1
       1
       3
       1
       2
       1
       2
       0
       1
       1
       2
       3
       2
       3
       1
       1
       1
       0
       0
       0
       2
       0
       2
       1
       1
       0
       1
       0
       3
       0
       0
       1
       1
       0
       0
       0
       1
       1
       0
       1
       0
       0
       2
       0
       0
       0
       0
       0
       0
       0
       0
       1
       1
       2
       1
       1
       0
       0
       0
       0
       0
       1
       1
       1
       0
       2
       1
       2
       0
       0
       0
       1
       2
       0
       1
       2
       0
       1
       1
       1
       0
       1
       1
       1
       0
       1
       0
       0
       1
       0
       0
       0
       2
       1
       1
       0
       1
       3
       2
       2
       1
       1
       1
       1
       0
       1
       1
       1
       0
       0
       1
       0
       2
       1
       0
       0
       0
       1
       0
       0
       1
       0
       3
       0
       0
       0
       0
       0
       1
       0
       1
       0
       1
       0
       0
       3
       1
       1
       0
       0
       0
       0
       0
       1
       0
       0
       2
       1
       0
       2
       0
       2
       2
       0
       1
       0
       1
       0
       0
       1
       0
       1
       1
       0
       0
       0
       1
       0
       1
       1
       1
       0
       0
       0
       0
       0
       1
       0
       1
       2
       0
       0
       0
       0
       2
       2
       0
       0
       0
       1
       1
       0
       0
       0
       1
       0
       0
       0
       0
       0
       0
       1
       1
       0
       1
       1
       0
       0
       2
       1
       1
       2
       0
       2
       2
       0
       2
       0
       2
       1
       2
       1
       0
       1
       1
       0
       0
       0
       1
       0
       1
       1
       2
       1
       3
       2
       2
       1
       1
       0
       2
       1
       0
       1
       2
       0
       1
       0
       0
       0
       0
       0
       0
       0
       0
       2
       0
       0
       0
       1
       0
       0
       1
       0
       0
       0
       0
       1
       0
       0
       1
       4
       0
       0
       0
       1
       2
       0
       0
       0
       0
       1
       1
       0
       1
       0
       2
       1
       0
       1
       0
       1
       0
       0
       1
       0
       1
       1
       0
       0
       1
       2
       0
       1
       2
       0
       1
       0
       0
       1
       0
       1
       2
       1
       0
       4
       0
       0
       3
       0
       1
       2
       0
       0
       1
       1
       0
       1
       1
       1
       0
       2
       0
       0
       1
       0
       0
       1
       0
       0
       0
       2
       2
       1
       1
       0
       1
       0
       0
       0
       1
       1
       0
       1
       4
       2
       0
       0
       2
       1
       0
       2
       0
       0
       2
       0
       1
       0
       0
       0
       1
       0
       1
       0
       1
       0
       2
       1
       2
       1
       0
       2
       0
       1
       0
       1
       1
       0
       0
       0
       0
       1
       0
       0
       1
       1
       2
       0
       1
       1
       1
       0
       2
       2
       0
       2
       0
       0
       1
       0
       0
       0
       0
       0
       1
       0
       0
       0
       0
       1
       0
       0
       0
       0
       0
       0
       1
       2
       1
       1
       0
       0
       0
       0
       0
       0
       0
       0
       2
       1
       1
       0
       0
       0
       0
       0
       0
       1
       0
       0
       0
       0
       0
       1
       0
       2
       0
       0
       0
       0
       0
       0
       0
       0
       0
       2
       1
       0
       0
       0
       0
       0
       0
       2
       0
       0
       0
       1
       2
       2
       1
       1
       1
       0
       0
       1
       0
       1
       2
       0
       2
       1
       1
       1
       0
       2
       2
       0
       0
       0
       1
       2
       0
       0
       2
       0
       1
       1
       0
       1
       1
       1
       0
       1
       2
       1
       1
       1
       2
       1
       0
       0
       0
       0
       1
       1
       0
       1
       0
       0
       1
       1
       2
       1
       0
       0
       0
       0
       1
       2
       0
       0
       0
       0
       1
       1
       0
       0
       2
       1
       0
       0
       0
       0
       0
       1
       0
       1
       2
       1
       1
       1
       1
       0
       0
       0
       1
       2
       1
       0
       0
       1
       1
       0
       0
       0
       0
       1
       0
       1
       0
       1
       0
       0
       1
       1
       0
       1
       0
       0
       2
       1
       1
       0
       1
       0
       1
       1
       1
       0
       0
       1
       1
       0
       1
       1
       0
       0
       1
       1
       2
       0
       2
       1
       1
       1
       0
       2
       0
       0
       0
       0
       1
       2
       0
       0
       3
       2
       0
       1
       0
       0
       0
       0
       1
       0
       1
       0
       0
       1
       0
       0
       0
       0
       0
       0
       0
       1
       0
       0
       0
       0
       1
       0
       0
       0
       0
       3
       1
       0
       0
       1
       0
       0
       0
       1
       1
       0
       0
       1
       0
       1
       1
       1
       0
       0
       0
       0
       0
       0
       0
       0
       0
       0
       1
       0
       1
       1
       0
       1
       1
       1
       0
       0
       0
       1
       1
       1
       1
       1
       1
       1
       1
       0
       0
       0
       0
       0
       0
       0
       3
       1
       1
       2
       0
       1
       0
       0
       0
       0
       1
       2
       0
       0
       2
       1
       1
       1
       0
       0
       1
       0
       0
       1
       3
       1
       0
       0
       0
       1
       1
       1
       0
       1
       0
       0
       2
       0
       2
       0
       1
       0
       1
       1
       1
       0
       0
       0
       0
       0
       0
       0
       0
       1
       0
       0
       1
       2
       1
       0
       2
       1
       2
       0
       0
       1
       0
       0
       1
       1
       0
       1
       0
       1
       0
       2
       2
       0
       1
       0
       0
       1
       0
       1
       0
       0
       1
       0
       0
       2
       1
       0
       1
       0
       4
       1
       2
       1
       1
       0
       3
       0
       0
       0
       1
       1
       2
       1
       3
       0
       1
       2
       2
       1
       3
       3
       3
       1
       3
       3
       4
       5
       2
       1
       0
       1
       3
       1
       3
       0
       0
       0
       0
       0
       1
       0
       3
       0
       1
       1
       0
       1
       1
       0
       0
       2
       1
       1
       0
       2
       1
       0
       0
       0
       0
       2
       1
       1
       1
       1
       0
       0
       0
       1
       0
       0
       0
       0
       0
       1
       1
       0
       0
       0
       2
       3
       0
       0
       0
       0
       0
       0
       0
       0
       0
       0
       0
       0
       0
       2
       1
       1
       1
       2
       0
       0
       0
       1
       4
       1
       1
       0
       0
       1
       0
       0
       0
       0
       1
       0
       0
       1
       0
       0
       0
       0
       1
       0
       0
       0
       0
       0
       0
       3
       1
       1
       0
       0
       0
       0
       0
       0
       0
       3
       0
       2
       2
       0
       0
       1
       0
       0
       1
       1
       0
       0
       0
       0
       0
       1
       1
       3
       4
       1
       0
       2
       0
       0
       0
       1
       0
       1
       0
       0
       0
       0
       0
       0
       1
       1
       1
       0
       0
       0
       0
       0
       0
       0
       0
       0
       1
       0
       0
       0
       0
       0
       0
       0
       0
       1
       0
       1
       2
       1
       0
       0
       0
       2
       1
       0
       0
       0
       1
       2
       0
       1
       0
       0
       0
       1
       1
       1
       0
       0
       0
       1
       2
       0
       0
       1
       0
       0
       2
       0
       1
       0
       0
       1
       1
       0
       0
       0
       0
       0
       1
       2
       2
       0
       0
       0
       0
       0
       0
       2
       1
       0
       0
       0
       0
       1
       1
       1
       0
       0
       1
       1
       0
       1
       0
       0
       1
       1
       0
       1
       1
       0
       2
       3
       3
       1
       1
       0
       0
       0
       0
       0
       1
       0
       0
       1
       2
       0
       0
       4
       0
       0
       1
       0
       0
       0
       0
       1
       0
       0
       1
       1
       0
       1
       1
       0
       1
       1
       1
       1
       2
       1
       0
       1
       0
       1
       0
       1
       3
       0
       0
       0
       0
       1
       0
       1
       0
       1
       0
       0
       1
       1
       1
       0
       1
       2
       0
       0
       2
       0
       0
       0
       1
       0
       0
       1
       3
       0
       1
       2
       0
       0
       2
       1
       0
       0
       0
       2
       0
       1
       0
       0
       2
       3
       2
       1
       1
       0
       1
       1
       0
       0
       0
       0
       1
       0
       0
       2
       1
       1
       0
       1
       0
       1
       0
       1
       2
       2
       0
       0
       1
       0
       0
       0
       0
       2
       0
       2
       0
       0
       3
       0
       2
       2
       0
       3
       0
       0
       0
       0
       0
       0
       0
       0
       1
       0
       2
       0
       3
       1
       0
       1
       0
       2
       0
       1
       0
       0
       0
       0
       1
       2
       1
       0
       1
       1
       0
       1
       1
       2
       0
       2
       0
       0
       0
       2
       0
       1
       1
       2
       2
       0
       1
       1
       1
       0
       2
       0
       0
       0
       0
       1
       1
       1
       1
       1
       0
       1
       0
       1
       0
       1
       1
       0
       1
       0
       0
       0
       0
       1
       0
       0
       3
       0
       2
       2
       0
       1
       1
       0
       1
       3
       0
       0
       0
       0
       0
       1
       0
       2
       2
       2
       0
       0
       1
       0
       0
       0
       1
       1
       0
       0
       2
       0
       0
       1
       0
       1
       0
       1
       0
       1
       0
       0
       1
       1
       1
       0
       0
       0
       0
       2
       0
       0
       1
       0
       1
       0
       0
       0
       1
       0
       0
       1
       0
       0
       0
       0
       0
       0
       1
       0
       0
       0
       1
       0
       0
       1
       1
       0
       0
       0
       1
       1
       0
       0
       0
       1
       0
       1
       0
       2
       0
       1
       1
       0
       0
       1
       0
       0
       0
       0
       0
       0
       0
       0
       0
       0
       1
       0
       0
       0
       0
       1
       0
       0
       1
       1
       0
       1
       1
       1
       0
       1
       0
       2
       0
       0
       0
       0
       1
       1
       0
       1
       0
       0
       0
       2
       0
       1
       1
       0
       1
       0
       0
       2
       1
       1
       0
       1
       0
       1
       0
       1
       1
       0
       0
       1
       1
       0
       0
       0
       2
       0
       0
       0
       1
       0
       0
       0
       0
       0
       1
       0
       2
       1
       0
       0
       1
       2
       0
       0
       1
       0
       0
       0
       0
       1
       0
       1
       0
       0
       1
       1
       0
       0
       1
       1
       0
       0
       0
       1
       0
       1
       0
       1
       0
       1
       1
       0
       0
       0
       0
       1
       0
       0
       0
       0
       0
       1
       1
       0
       0
       1
       0
       2
       0
       0
       1
       2
       1
       0
       0
       1
       0
       0
       0
       2
       0
       0
       0
       0
       0
       1
       0
       0
       1
       0
       0
       2
       1
       0
       0
       1
       0
       0
       1
       1
       0
       1
       1
       0
       0
       1
       0
       0
       1
       1
       0
       0
       0
       0
       0
       2
       0
       0
       0
       0
       0
       1
       0
       0
       0
       0
       0
       0
       0
       0
       0
       0
       0
       0
       1
       0
       0
       0
       0
       0
       0
       2
       0
       0
       0
       1
       2
       1
       1
       0
       1
       0
       0
       0
       0
       0
       0
       0
       0
       0
       0
       1
       1
       1
       0
       1
       0
       0
       1
       0
       1
       1
       0
       0
       0
       0
       0
       0
       0
       0
       1
       1
       1
       0
       0
       0
       0
       0
       1
       0
       0
       0
       2
       0
       0
       0
       0
       0
       0
       1
       1
       0
       1
       0
       0
       0
       0
       0
       0
       0
       0
       0
       0
       0
       0
       0
       0
       0
       0
       0
       1
       0
       1
       0
       0
       0
       1
       0
       0
       0
       0
       1
       0
       0
       1
       0
       1
       1
       0
       0
       0
       0
       1
       0
       0
       1
       0
       0
       2
       0
       0
       1
       0
       0
       0
       0
       0
       1
       1
       1
       0
       0
       1
       0
       0
       0
       0
       1
       0
       0
       0
       0
       0
       0
       0
       0
       0
       0
       0
       0
       0
       0
       0
       0
       0
       0
       1
       0
       0
       0
       0
       0
       0
       0
       0
       1
       0
       1
       0
       0
       0
       0
       1
       0
       0
       0
       0
       0
       1
       0
       0
       0
       1
       0
       0
       0
       0
       0
       0
       1
       0
       0
       0
       0
       0
       0
       1
       0
       0
       0
       0
       0
       0
       0
       0
       0
       0
       0
       0
       0
       0
       1
       0
       0
       0
       0
       0
       0
       0
       1
       0
       0
       0
       0
       0
       0
       0
       0
       0
       0
       0
       0
       0
       0
       0
       0
       0
       0
       0
       0
       0
       1
       0
       0
       0
       0
       0
       1
       0
       0
       0
       1
       0
       0
       0
       0
       0
       0
       2
       0
       0
       0
       0
       1
       2
       1
       0
       0
       1
       1
       0
       0
       0
       0
       0
       0
       0
       0
       0
       0
       1
       0
       0
       0
       0
       1
       0
       0
       0
       1
       0
       0
       0
       0
       0
       0
       0
       0
       0
       0
       1
       0
       0
       1
       0
       0
       0
       0
       0
       0
       0
       0
       0
       0
       1
       0
       0
       0
       1
       0
       0
       0
       0
       0
       0
       0
       0
       0
       1
       0
       0
       1
       0
       1
       0
       0
       0
       0
       0
       0
       0
       0
       0
       0
       0
       0
       0
       1
       0
       1
       0
       0
       1
       0
       0
       0
       0
       0
       2
       0
       1
       0
       0
       0
       0
       0
       0
       0
       0
       0
       0
       1
       1
       0
       0
       1
       1
       0
       0
       1
       0
       2
       0
       1
       0
       0
       2
       0
       0
       0
       0
       1
       0
       0
       0
       1
       0
       0
       0
       0
       0
       0
       0
       0
       0
       1
       0
       0
       0
       0
       1
       0
       0
       0
       0
       0
       0
       0
       1
       0
       0
       0
       0
       0
       0
       0
       0
       2
       0
       0
       0
       0
       0
       0
       0
       0
       0
       0
       0
       0
       0
       0
       0
       1
       0
       0
       0
       1
       0
       0
       0
       1
       0
       2
       0
       2
       0
       0
       0
       1
       0
       0
       0
       0
       0
       1
       0
       0
       0
       1
       0
       0
       0
       0
       0
       0
       1
       0
       0
       0
       0
       0
       0
       0
       0
       0
       1
       0
       1
       0
       0
       0
       0
       1
       0
       0
       0
       0
       0
       0
       0
       0
       0
       0
       0
       0
       0
       0
       0
       0
       0
       1
       1
       0
       0
       0
       1
       0
       1
       0
       0
       1
       0
       0
       0
       1
       0
       0
       1
       0
       0
       0
       0
       0
       0
       0
       0
       0
       0
       1
       0
       0
       0
       1
       0
       0
       1
       0
       2
       0
       0
       0
       0
       0
       0
       0
       2
       0
       0
       0
       0
       0
       0
       1
       0
       0
       0
       1
       1
       0
       2
       0
       0
       0
       2
       0
       0
       0
       1
       1
       0
       2
       3
       4
       8
       8
       8
       9
      15
      16
      25
      21
       7
       9
      13
      11
      10
      10
       7
       2
       3
       2
       0
       1
       0
       0
       0
       1
       0
       0
       0
       1
       0
       0
       0
       0
       1
       0
       0
       0
       0
       0
       0
       0
       0
       1
       0
       0
       1
       0
       0
       0
       0
       0
       0
       0
       0
       0
       0
       0
       0
       0
       0
       0
       0
       0
       0
       1
       0
       0
       0
       0
       2
       0
       0
       1
       0
       0
       0
       0
       0
       0
       0
       0
       0
       0
       0
       1
       0
       0
       0
       0
       1
       1
       0
       0
       0
       1
       0
       0
       0
       0
       0
       0
       0
       0
       0
       0
       0
       0
       0
       0
       0
       0
       0
       0
       0
       0
       0
       0
       0
       0
       0
       0
       0
       0
       0
       0
       0
       0
       0
       0
       1
       0
       0
       0
       1
       0
       0
       0
       0
       0
       0
       0
       0
       1
       1
       0
       1
       0
       0
       0
       1
       0
       0
       0
       1
       0
       0
       0
       0
       0
       0
       0
       0
       0
       2
       0
       0
       0
       0
       1
       0
       1
       0
       0
       0
       0
       0
       0
       0
       0
       0
       0
       1
       0
       0
       0
       0
       0
       0
       1
       0
       0
       0
       0
       0
       0
       0
       1
       0
       0
       0
       0
       0
       1
       0
       0
       0
       0
       1
       0
       0
       0
       0
       0
       0
       0
       0
       0
       0
       0
       1
       0
       0
       0
       0
       0
       0
       0
       0
       0
       0
       0
       0
       0
       0
       0
       0
       0
       0
       0
       0
       0
       0
       0
       0
       0
       1
       0
       0
       0
       0
       0
       0
       0
       0
       0
       0
       0
       0
       0
       0
       0
       0
       0
       0
       0
       0
       0
       0
       0
       0
       0
       0
       0
       0
       0
       0
       0
       0
       1
       0
       0
       0
       0
       0
       0
       0
       0
       0
       0
       1
       0
       1
       0
       0
       0
       0
       0
       0
       0
       0
       0
       0
       1
       0
       0
       0
       0
       0
       0
       1
       0
       0
       0
       0
       1
       0
       0
       0
       0
       0
       0
       0
       1
       0
       0
       0
       0
       0
       1
       0
       0
       1
       1
       0
       0
       1
       0
       0
       0
       0
       0
       1
       0
       0
       1
       1
       0
       0
       0
       0
       0
       0
       0
       0
       0
       0
       0
       1
       0
       0
       0
       0
       0
       1
       0
       0
       0
       0
       1
       0
       0
       0
       0
       0
       0
       0
       1
       0
       0
       0
       0
       0
       0
       0
       1
       0
       0
       0
       0
       0
       0
       0
       0
       0
       0
       0
       0
       0
       0
       0
       0
       0
       0
       0
       1
       0
       1
       0
       0
       0
       0
       0
       0
       0
       0
       0
       1
       0
       0
       1
       0
       0
       0
       0
       0
       0
       0
       0
       0
       0
       0
       1
       1
       0
       0
       0
       2
       0
       1
       0
       0
       0
       0
       0
       1
       0
       0
       0
       0
       0
       0
       0
       0
       0
       0
       0
       0
       0
       0
       1
       0
       0
       0
       0
       0
       0
       0
       0
       1
       0
       0
       0
       0
       0
       0
       0
       0
       0
       0
       0
       0
       0
       1
       0
       0
       1
       0
       0
       0
       1
       1
       0
       0
       0
       0
       0
       0
       0
       0
       0
       0
       0
       0
       1
       0
       0
       1
       1
       0
       0
       1
       0
       0
       0
       0
       0
       1
       0
       0
       0
       0
       0
       0
       1
       0
       1
       0
       0
       0
       0
       0
       1
       0
       0
       0
       0
       0
       0
       1
       0
       0
       0
       0
       0
       1
       0
       0
       1
       0
       0
       0
       1
       0
       0
       0
       0
       0
       0
       0
       0
       0
       0
       0
       0
       0
       0
       0
       0
       0
       0
       0
       0
       0
       0
       0
       0
       0
       0
       0
       0
       1
       0
       0
       0
       0
       0
       0
       0
       0
       0
       0
       0
       0
       0
       0
       0
       1
       0
       0
       0
       0
       0
       0
       0
       0
       0
       0
       0
       0
       0
       0
       0
       0
       0
       1
       0
       0
       0
       0
       0
       0
       0
       0
       0
       0
       0
       0
       0
       0
       0
       0
       0
       0
       0
       0
       1
       0
       0
       0
       0
       1
       0
       1
       0
       1
       0
       0
       0
       0
       0
       0
       0
       0
       1
       0
       0
       0
       0
       0
       0
       0
       0
       0
       0
       0
       0
       0
       0
       0
       0
       0
       2
       0
       0
       0
       0
       0
       0
       0
       0
       0
       0
       0
       0
       0
       0
       0
       0
       0
       0
       0
       0
       0
       0
       0
       0
       0
       0
       0
       0
       0
       0
       0
       0
       0
       0
       0
       0
       0
       0
       0
       0
       0
       0
       0
       1
       0
       0
       0
       0
       0
       0
       0
       0
       0
       0
       0
       0
       0
       0
       0
       0
       0
       0
       0
       0
       1
       0
       0
       0
       0
       0
       0
       0
       0
       0
       0
       0
       0
       0
       2
       0
       0
       0
       0
       0
       0
       0
       0
       0
       0
       0
       1
       0
       0
       0
       0
       0
       0
       0
       0
       0
       1
       0
       0
       0
       0
       0
       1
       0
       0
       0
       0
       0
       0
       0
       0
       0
       1
       1
       0
       0
       0
       0
       0
       1
       0
       0
       2
       0
       0
       0
       0
       0
       0
       0
       0
       0
       0
       0
       0
       0
       0
       0
       0
       0
       0
       0
       0
       1
       0
       0
       0
       0
       0
       0
       0
       0
       0
       0
       0
       1
       0
       0
       0
       0
       0
       0
       0
       0
       0
       0
       0
       0
       0
       0
       0
       0
       0
       0
       0
       0
       0
       0
       0
       0
       0
       0
       0
       0
       0
       0
       0
       0
       0
       0
       0
       0
       0
       0
       0
       0
       0
       0
       0
       0
       0
       0
       0
       0
       0
       0
       0
       0
       0
       0
       0
       0
       0
       0
       0
       0
       0
       0
       0
       0
       0
       0
       0
       0
       0
       0
       0
       0
       0
       0
       0
       0
       0
       0
       0
       0
       0
       0
       0
       0
       0
       0
       0
       0
       0
       0
       0
       0
       0
       0
       0
       0
       0
       0
       0
       0
       0
       0
       0
       0
       0
       0
       0
       0
       0
       0
       0
       1
       0
       1
       0
       0
       1
       0
       0
       0
       1
       0
       0
       0
       0
       0
       0
       0
       0
       0
       1
       0
       0
       0
       0
       0
       0
       0
       0
       0
       0
       0
       0
       0
       0
       0
       0
       0
       0
       0
       0
       0
       0
       1
       0
       0
       0
       0
       0
       0
       0
       0
       0
       0
       0
       0
       0
       0
       0
       1
       0
       0
       0
       0
       1
       0
       0
       0
       0
       0
       0
       0
       0
       0
       0
       0
       0
       0
       0
       0
       0
       0
       0
       0
       0
       0
       0
       0
       0
       0
       0
       0
       0
       0
       0
       0
       0
       0
       0
       0
       1
       0
       0
       0
       0
       0
       0
       0
       0
       0
       0
       0
       0
       1
       1
       0
       1
       0
       0
       0
       0
       0
       1
       0
       0
       0
       0
       0
       0
       0
       0
       0
       0
       0
       0
       0
       0
       1
       0
       0
       0
       0
       0
       0
       0
       0
       0
       0
       0
       0
       0
       0
       0
       0
       0
       0
       0
       0
       0
       0
       0
       0
       0
       0
       0
       0
       0
       0
       0
       0
       0
       0
       0
       0
       0
       0
       0
       0
       0
       0
       0
       0
       0
       1
       0
       0
       0
       0
       0
       0
       0
       0
       0
       0
       0
       0
       0
       0
       1
       0
       0
       0
       0
       0
       0
       0
       0
       0
       0
       0
       0
       0
       0
       0
       0
       1
       0
       0
       0
       0
       0
       0
       0
       0
       0
       0
       0
       0
       0
       0
       0
       0
       0
       0
       0
       0
       0
       0
       0
       0
       0
       0
       0
       0
       0
       0
       1
       1
       0
       1
       0
       0
       1
       0
       3
       1
       1
       0
       0
       5
       1
       0
       0
       0
       0
       0
       1
       0
       0
       0
       0
       0
       0
       0
       0
       0
       0
       0
       0
       0
       0
       0
       0
       0
       0
       0
       0
       1
       0
       0
       0
       0
       0
       0
       0
       0
       0
       0
       0
       0
       1
       0
       1
       0
       0
       0
       0
       0
       0
       0
       0
       0
       0
       0
       0
       0
       0
       0
       0
       0
       0
       0
       0
       0
       0
       0
       0
       0
       0
       0
       0
       0
       0
       0
       0
       0
       0
       0
       0
       0
       0
       0
       1
       0
       0
       0
       0
       0
       0
       0
       0
       0
       0
       0
       0
       0
       0
       0
       0
       0
       0
       0
       0
       0
       0
       0
       0
       0
       0
       0
       0
       0
       0
       0
       0
       0
       0
       0
       0
       0
       0
       0
       0
       0
       0
       0
       0
       0
       0
       0
       0
       0
       1
       0
       0
       0
       0
       0
       0
       0
       0
       0
       0
       1
       0
       0
       0
       0
       0
       0
       0
       0
       0
       0
       0
       0
       0
       0
       0
       0
       1
       0
       0
       0
       0
       1
       1
       0
       0
       0
       1
       0
       0
       0
       0
       0
       0
       0
       0
       0
       0
       0
       0
       0
       0
       0
       0
       0
       0
       0
       0
       0
       0
       0
       0
       0
       0
       0
       0
       0
       0
       0
       0
       0
       0
       0
       0
       2
       0
       0
       0
       0
       0
       0
       0
       0
       0
       0
       0
       0
       0
       0
       0
       0
       0
       0
       0
       0
       0
       0
       0
       0
       0
       0
       0
       0
       0
       0
       0
       0
       0
       0
       0
       0
       0
       0
       0
       0
       0
       1
       0
       0
       0
       0
       0
       1
       0
       0
       0
       0
       0
       0
       0
       0
       0
       0
       0
       0
       1
       0
       0
       0
       0
       0
       0
       0
       0
       1
       0
       0
       0
       0
       0
       0
       0
       0
       0
       0
       0
       0
       0
       0
       0
       0
       0
       0
       0
       0
       0
       0
       0
       0
       0
       0
       0
       0
       0
       0
       0
       1
       0
       0
       0
       0
       0
       0
       0
       0
       0
       1
       0
       0
       0
       0
       0
       0
       0
       0
       0
       0
       0
       1
       0
       0
       0
       0
       0
       1
       0
       0
       0
       0
       0
       0
       0
       0
       0
       0
       0
       0
       0
       0
       0
       0
       0
       0
       0
       1
       0
       0
       0
       0
       0
       0
       0
       0
       0
       0
       0
       0
       0
       0
       0
       0
       0
       0
       0
       0
       1
       0
       0
       0
       0
       0
       0
       0
       0
       0
       0
       0
       0
       0
       0
       0
       0
       0
       0
       0
       0
       0
       0
       0
       0
       0
       0
       0
       0
       0
       0
       0
       0
       0
       0
       0
       0
       0
       0
       0
       0
       1
       1
       1
       0
       0
       0
       0
       0
       0
       0
       0
       0
       0
       0
       0
       0
       0
       0
       0
       1
       0
       1
       0
       0
       0
       0
       0
       0
       1
       0
       0
       1
       0
       0
       0
       0
       0
       0
       0
       0
       0
       1
       0
       0
       0
       0
       0
       0
       0
       0
       0
       1
       0
       0
       0
       0
       0
       0
       0
       0
       0
       1
       0
       0
       0
       0
       0
       0
       0
       0
       0
       0
       0
       0
       0
       0
       0
       0
       0
       0
       0
       0
       0
       0
       0
       0
       0
       0
       0
       0
       0
       0
       0
       0
       0
       0
       0
       0
       0
       0
       0
       0
       0
       0
       0
       0
       0
       0
       0
       0
       0
       0
       0
       0
       0
       0
       0
       0
       0
       0
       0
       0
       0
       0
       0
       0
       0
       0
       0
       0
       0
       0
       0
       0
       0
       0
       0
       0
       0
       0
       0
       1
       0
       0
       0
       0
       0
       0
       0
       0
       0
       0
       0
       0
       0
       1
       0
       0
       0
       0
       0
       0
       0
       0
       0
       0
       0
       0
       0
       0
       0
       0
       0
       0
       0
       0
       0
       0
       0
       0
       0
       0
       0
       0
       0
       0
       0
       0
       0
       0
       0
       0
       0
       0
       0
       0
       0
       0
       0
       0
       0
       0
       0
       0
       0
       0
       0
       0
       0
       0
       0
       0
       0
       0
       0
       0
       0
       0
       0
       0
       0
       0
       0
       0
       0
       0
       0
       0
       0
       0
       0
       0
       0
       1
       0
       0
       0
       0
       0
       0
       0
       0
       0
       0
       0
       2
       0
       0
       0
       0
       0
       0
       0
       0
       0
       1
       0
       0
       0
       0
       0
       0
       0
       0
       0
       0
       0
       0
       0
       0
       0
       0
       0
       0
       0
       0
       0
       0
       0
       0
       0
       0
       0
       0
       0
       0
       0
       0
       0
       0
       0
       0
       1
       0
       0
       0
       0
       1
       0
       0
       0
       0
       0
       0
       0
       0
       0
       0
       0
       0
       0
       0
       0
       0
       0
       0
       0
       0
       0
       0
       0
       0
       0
       0
       0
       0
       0
       0
       0
       0
       0
       0
       0
       0
       0
       0
       0
       0
       0
       1
       0
       0
       0
       0
       0
       0
       0
       0
       0
       0
       0
       0
       0
       0
       0
       0
       0
       0
       0
       0
       0
       0
       0
       0
       0
       0
       0
       0
       0
       0
       0
       0
       0
       0
       0
       0
       0
       1
       0
       0
       0
       0
       0
       0
       0
       0
       0
       1
       1
       0
       0
       0
       0
       1
       0
       0
       0
       0
       0
       0
       0
       1
       0
       0
       0
       0
       0
       0
       0
       0
       0
       0
       0
       0
       0
       0
       0
       0
       0
       0
       0
       0
       0
       0
       0
       0
       0
       0
       0
       0
       0
       0
       0
       0
       0
       0
       0
       1
       0
       0
       0
       0
       0
       0
       0
       0
       0
       0
       0
       0
       0
       0
       0
       0
       0
       0
       1
       0
       0
       0
       0
       0
       0
       0
       0
       0
       0
       0
       0
       0
       0
       0
       0
       0
       0
       0
       0
       0
       0
       1
       0
       0
       0
       1
       0
       0
       0
       1
       0
       1
       0
       0
       0
       0
       0
       0
       0
       0
       0
       0
       0
       0
       0
       0
       0
       0
       0
       0
       0
       0
       0
       0
       0
       0
       0
       0
       0
       0
       0
       0
       0
       0
       0
       0
       0
       0
       0
       0
       0
       0
       0
       1
       0
       0
       0
       0
       0
       0
       0
       0
       1
       0
       0
       0
       0
       0
       0
       0
       0
       0
       0
       0
       0
       0
       0
       0
       0
       0
       0
       0
       0
       0
       0
       0
       0
       0
       0
       0
       0
       0
       0
       0
       0
       0
       0
       0
       0
       0
       0
       0
       0
       0
       0
       0
       0
       0
       0
       1
       0
       0
       0
       0
       1
       0
       0
       0
       0
       0
       0
       0
       0
       0
       0
       0
       0
       0
       0
       1
       0
       0
       0
       0
       0
       0
       0
       0
       0
       1
       0
       0
       0
       0
       0
       0
       1
       0
       0
       0
       0
       0
       0
       0
       0
       0
       0
       0
       0
       0
       0
       0
       0
       0
       0
       0
       0
       0
       0
       0
       0
       0
       1
       0
       0
       0
       0
       0
       0
       0
       0
       0
       0
       0
       0
       0
       0
       0
       0
       0
       0
       0
       2
       0
       0
       0
       0
       0
       0
       0
       0
       0
       0
       0
       0
       0
       0
       0
       0
       0
       0
       0
       0
       0
       0
       0
       0
       0
       0
       0
       0
       0
       0
       0
       0
       0
       0
       0
       0
       0
       0
       0
       0
       1
       0
       0
       0
       0
       0
       1
       0
       0
       0
       1
       0
       0
       0
       0
       0
       1
       0
       0
       0
       0
       0
       0
       0
       0
       0
       0
       0
       0
       0
       0
       0
       1
       0
       0
       0
       0
       0
       0
       0
       0
       0
       0
       0
       0
       0
       0
       0
       0
       0
       0
       0
       0
       0
       0
       0
       0
       0
       0
       0
       0
       0
       1
       0
       0
       0
       0
       0
       0
       0
       0
       0
       0
       0
       0
       0
       0
       0
       0
       0
       0
       0
       0
       0
       0
       0
       0
       0
       0
       0
       0
       0
       0
       0
       0
       0
       0
       0
       0
       0
       0
       0
       0
       1
       0
       0
       0
       0
       0
       0
       0
       0
       0
       0
       0
       0
       0
       0
       0
       0
       0
       0
       0
       0
       0
       0
       0
       0
       0
       0
       0
       1
       0
       0
       0
       0
       0
       0
       0
       0
       0
       0
$ROI:
11
224 244
765 907
1350 1411
1828 1908
2525 2667
2716 2799
3716 3817
4331 4427
4564 4622
5085 5259
5690 5768
$PRESETS:
Live Time
200
0
$ENER_FIT:
0.053689 0.255148
$MCA_CAL:
3
5.368913E-002 2.551478E-001 -1.853380E-009 keV
$SHAPE_CAL:
3
6.992400E+000 7.812671E-004 -3.508660E-008
