$SPEC_ID:
No sample description was entered.
$SPEC_REM:
DET# 1
DETDESC# GMX20P4 HPGe
AP# Maestro Version 7.01
$DATE_MEA:
11/23/2018 16:25:02
$MEAS_TIM:
200 201
$DATA:
0 8191
       0
       0
       0
       0
       0
       0
       0
       0
       0
       0
       0
       0
       0
       0
       0
       0
       0
       0
       0
       0
       0
       0
       0
       0
       0
       0
       0
       0
       0
       0
       0
       0
       0
       0
       0
       0
       0
       0
       0
       0
       0
       0
       0
       0
       0
       0
       0
       0
       3
      20
      47
      69
      73
      88
      81
      86
      77
      85
      88
      76
      88
      87
      81
      78
      92
      93
      76
      90
      88
      83
      82
      90
      80
      79
      86
      75
      91
      82
     102
      92
     105
      95
     104
     117
      89
     118
     129
     138
      98
      99
     101
     109
      92
     109
      98
     114
      97
     108
     103
     111
      99
      75
      89
     116
     107
      93
     128
     122
     132
     113
     133
     169
     135
     143
     170
     170
     169
     189
     239
     269
     395
     445
     580
     651
     750
     796
     708
     660
     523
     403
     295
     214
     159
     123
     113
     119
     109
     144
     163
     195
     202
     276
     260
     228
     259
     202
     183
     158
     142
     120
      91
      88
      74
      81
      66
      87
      76
      81
      87
      80
      77
      81
      78
      91
      71
      73
      75
      82
      82
      75
      96
      81
      84
      84
      78
      87
      77
      96
      80
      91
     101
      84
      86
      80
      78
      86
      87
      83
      88
      78
      90
     105
      99
      84
      88
      92
      81
      94
      85
      87
      75
      77
      83
     102
      92
      80
      92
      91
      77
      94
     105
      81
      91
     101
      85
      79
      97
      98
      96
      80
      85
      81
      90
      80
      88
      96
      82
      87
      87
      77
      78
      79
      67
      95
      90
      81
      79
      81
      88
      86
      98
     103
      87
      97
      82
      89
      90
     102
      90
     104
     105
      93
      93
      89
     104
     103
     103
      90
      93
      96
      90
      97
      91
      83
      97
      95
     102
      69
     103
      90
      77
     107
     102
      99
      78
     110
     111
     103
     102
      74
      89
     105
     101
      90
     114
      81
      96
      96
     106
      94
     116
      87
      95
     102
     103
      99
     104
      98
     105
      91
      95
      96
      96
      95
      88
      92
      96
     103
      84
      94
      95
      99
      95
     104
     100
     111
      86
      93
      90
     109
      91
      84
     102
      99
     102
      95
     103
     100
      91
      99
      99
     103
      98
      95
      95
      90
     113
     100
      87
      97
      94
     102
     112
     110
      91
      88
      95
     100
      81
      95
      92
     102
     119
      99
     102
     112
     101
      78
      92
      91
      97
     101
     120
     114
     106
     106
     103
     100
     108
      95
     107
      92
      79
     102
     103
      82
     108
      83
     102
      89
     111
      91
     106
     102
      94
      83
     107
      97
     115
     100
      91
     102
     100
      89
      89
      98
      77
      92
     110
      98
     110
      85
     101
     109
      83
      81
      97
     120
      79
     106
     101
     115
      85
     108
     102
      93
     106
     119
     102
      85
      91
      83
     102
      80
      97
     110
      85
     101
     108
      89
      84
      96
      88
      98
      87
     104
      91
      94
      95
     110
      92
      80
      95
     112
      97
      98
     106
      96
      87
      83
      85
      92
     108
      86
     108
      79
      91
      89
      80
      84
      92
      95
      95
      97
      90
      83
     107
     107
      97
     106
      92
      92
      96
      91
      96
      93
     107
     104
      99
      97
      93
     111
      88
     100
      91
     114
      97
      77
      85
      93
      81
      86
      95
      92
      95
     108
      89
      93
     100
     109
     116
      99
      85
     112
      91
      99
      97
     102
      67
      87
     100
     107
      94
      94
     107
     110
      87
      96
      97
      97
      82
      95
      67
      99
      95
      96
      94
      82
     116
      86
      93
      86
      95
     105
      83
      92
      83
      84
      89
      94
      82
      87
      73
      71
      97
      81
     106
      82
     113
      93
      84
      83
      85
      98
      91
      83
      87
      90
      80
      90
      84
      99
      80
      87
      81
      89
      75
      92
      87
      86
      95
      86
      98
      74
     101
     104
      92
     113
     104
      87
      88
      90
      87
      84
      91
      77
      90
      96
      74
      89
      94
      81
      93
      78
      71
      99
      79
      84
      84
      94
     103
      82
      85
      93
      76
      83
      88
      94
      83
     104
      74
      79
      81
      81
      85
      79
      98
      92
      93
      83
      77
      87
      88
      84
      72
      78
      84
     100
      67
      75
      78
      78
      68
      87
      79
      83
      90
      96
      86
      77
      90
      56
      86
      81
      66
      86
      92
      76
      74
      70
      87
      97
      91
      76
      85
      61
      70
      86
      82
      80
      80
      89
      74
      82
     102
      81
      87
      80
      63
      74
      73
      81
      82
      78
      71
      95
      94
      74
      68
      69
      82
      74
      83
      85
      82
      79
      81
      75
      78
      78
      90
      83
      73
      74
      72
      66
      75
      89
      70
      72
      87
      81
      84
      81
      73
      87
      89
      84
      71
      92
      84
      88
      97
      81
      77
     103
      96
      91
      86
     105
      94
      88
     100
     112
      90
     104
     108
     102
     111
     119
      92
     113
     102
     102
     104
      88
     103
      92
      82
     103
      89
      89
     100
      93
     100
     104
     100
      88
      88
     113
      75
      99
     100
      91
     102
      87
      83
      93
      91
      75
      87
     104
      81
     100
     107
      82
      83
      85
     100
     104
      82
      82
      91
      81
      92
      96
      89
      77
      87
      96
      79
     109
     102
      91
      95
      86
      84
      86
      77
      74
      66
      88
      81
      73
      89
      86
      87
      92
      90
      96
      87
      81
      92
      98
     109
      75
      76
      95
      69
      60
     101
      91
      87
      81
      83
      94
      85
      84
      89
      71
      85
      69
      90
      75
      88
      76
      66
      80
      85
      79
      89
      93
      84
      86
      86
      77
      80
      75
      90
      85
      90
      85
      84
      76
      86
      80
      60
      81
      81
     103
      79
      83
      79
      86
      85
      89
      72
      76
      80
      94
      83
      71
     100
      92
      92
      88
      81
      78
      97
      84
      90
      86
      90
      78
      82
      78
     101
      81
      86
      96
      86
      85
      82
      95
      75
      98
      90
      78
      70
      85
     101
      76
      85
      94
     101
      84
      87
      62
      72
      95
      97
      63
      74
      93
      76
      96
      88
      92
      80
      80
      86
      80
      67
      85
      93
      83
      96
      88
      77
      86
      66
      76
      75
      72
      74
      89
     100
      89
      90
      89
      82
      90
      87
      78
      83
      83
      70
      82
      87
      82
      95
     101
      82
      93
      83
     102
      84
      79
      89
      87
      86
     100
      81
      91
      86
      89
     100
      77
      86
      84
      68
      79
      83
      80
      81
      76
      90
      82
      78
      91
      77
      85
      92
      80
      74
      62
      67
      90
      76
      80
      67
      85
      87
      83
      86
      75
      66
      85
      82
      73
      84
      79
      77
      70
      64
      81
      94
      82
      83
      81
      83
      86
      80
      72
      67
      84
      93
      70
      88
      63
      69
      79
      87
      67
      60
      84
      51
      59
      81
      65
      80
      87
      68
      78
      89
      84
      74
      71
      78
      81
      76
      63
      67
      69
      80
      81
      83
      72
      83
      82
      85
      62
      80
      77
      48
      70
      82
      83
      62
      82
      69
      74
      65
      70
      66
      69
      75
      73
      83
      67
      67
      72
      83
      72
      56
      84
      79
      73
      86
      63
      71
      77
      70
      69
      70
      82
      73
      69
      61
      76
      74
      76
      75
      54
      84
      74
      84
      55
      62
      74
      74
      72
      58
      74
      74
      82
      76
      72
      66
      81
      62
      74
      58
      77
      69
      72
      80
      72
      47
      69
      76
      71
      53
      76
      58
      66
      76
      62
      75
      74
      63
      59
      66
      78
      80
      83
      59
      77
      69
      43
      65
      73
      65
      73
      65
      77
      77
      61
      73
      62
      70
      67
      57
      60
      90
      65
      57
      60
      78
      76
      67
      54
      70
      68
      70
      75
      67
      79
      70
      63
      65
      63
      59
      63
      58
      55
      75
      60
      71
      66
      65
      62
      53
      76
      68
      51
      64
      77
      52
      84
      63
      65
      56
      69
      68
      58
      67
      60
      69
      51
      61
      54
      72
      51
      74
      61
      64
      85
      65
      70
      50
      68
      51
      46
      51
      62
      79
      67
      60
      60
      69
      53
      70
      58
      51
      62
      68
      70
      64
      64
      59
      68
      57
      44
      76
      64
      63
      62
      64
      67
      67
      56
      53
      55
      66
      59
      60
      72
      47
      73
      59
      59
      62
      70
      63
      75
      50
      64
      88
      61
      64
      60
      56
      67
      71
      64
      55
      62
      57
      62
      61
      65
      79
      49
      58
      64
      67
      68
      59
      61
      47
      70
      57
      63
      49
      48
      64
      59
      73
      47
      48
      66
      78
      64
      66
      63
      51
      58
      65
      64
      64
      70
      59
      60
      51
      54
      56
      60
      60
      55
      67
      53
      67
      57
      56
      65
      60
      75
      52
      57
      60
      59
      51
      46
      54
      48
      57
      50
      59
      64
      66
      60
      57
      57
      51
      54
      72
      58
      68
      71
      66
      54
      52
      54
      53
      68
      64
      67
      60
      49
      70
      66
      47
      52
      57
      59
      60
      58
      69
      71
      39
      66
      51
      59
      66
      54
      53
      69
      48
      76
      58
      66
      65
      49
      56
      57
      55
      69
      64
      49
      51
      51
      59
      74
      61
      66
      65
      71
      71
      78
      81
      60
      68
      55
      74
      67
      55
      61
      52
      64
      63
      53
      62
      57
      54
      50
      69
      59
      66
      53
      49
      60
      61
      60
      74
      53
      40
      63
      56
      73
      65
      74
      66
      60
      58
      52
      51
      54
      66
      67
      70
      68
      58
      64
      52
      58
      65
      54
      62
      60
      64
      58
      63
      43
      67
      67
      66
      66
      77
      68
      62
      69
      70
      69
      67
      65
      64
      66
      57
      54
      67
      56
      52
      44
      60
      57
      68
      60
      54
      62
      56
      55
      72
      57
      53
      47
      61
      53
      58
      67
      74
      67
      65
      63
      73
      59
      49
      75
      67
      71
      67
      62
      68
      67
      57
      69
      63
      52
      59
      59
      70
      56
      65
      55
      61
      69
      68
      61
      58
      74
      66
      70
      72
      57
      63
      55
      58
      67
      48
      55
      66
      78
      62
      55
      72
      53
      55
      60
      59
      46
      62
      53
      88
      55
      59
      54
      67
      53
      59
      69
      67
      68
      70
      61
      75
      62
      60
      74
      60
      80
      50
      70
      71
      78
      69
      69
      59
      55
      55
      68
      47
      63
      71
      82
      69
      58
      78
      64
      68
      65
      54
      77
      67
      73
      70
      60
      58
      71
      58
      84
      64
      79
      58
      60
      66
      72
      76
      64
      69
      64
      63
      72
      58
      50
      55
      52
      74
      58
      64
      67
      71
      42
      69
      68
      75
      77
      75
      73
      52
      77
      67
      71
      64
      72
      80
      58
      66
      75
      88
      69
      63
      70
      64
      64
      68
      73
      75
      79
      62
      68
      57
      47
      55
      63
      85
      77
      69
      76
      69
      59
      71
      68
      93
      72
      58
      82
      75
      74
      70
      58
      58
      73
      76
      58
      71
      56
      66
      75
      77
      90
      56
      78
      76
      67
      64
      82
      77
      64
      63
      68
      77
      79
      80
      68
      78
      73
      59
      77
      80
      82
      91
      82
      65
      56
      86
      70
      59
      69
      72
      76
      68
      74
      77
      60
      64
      56
      84
      73
      79
      81
      78
      65
      71
      77
      90
      75
      69
      73
      81
      59
      83
      75
      59
      65
      83
      76
      77
      68
      74
      60
      66
      80
      76
      82
      81
      86
      85
      87
      83
      78
      58
      73
      87
      88
      64
      69
      73
      89
      76
      86
      83
      72
      84
      80
      88
      84
      67
      82
      87
      82
      80
      61
      75
      74
      66
      74
      77
      87
      99
      92
      88
      85
      81
      76
      87
      70
     104
      94
      92
      86
      88
      85
      80
      84
     112
      69
      81
      71
      84
      82
      86
      85
     100
      92
      78
      72
      92
      91
      68
      97
      83
      79
     101
      84
      99
      81
      82
      87
      97
      97
      80
      88
      75
      76
     100
      88
      90
      81
      97
      97
      89
      93
      94
      93
     103
      77
      91
      88
      87
      94
      92
     101
     101
      96
      93
      85
      86
     104
      96
      83
      94
     105
      93
      96
      79
     110
     105
     104
      90
      84
      81
      91
     102
      90
     100
      98
      94
      74
      83
      94
     101
      89
      91
      88
      78
      77
      86
      90
      91
      70
      83
      92
      83
      85
      99
      80
      92
      79
      89
      68
      74
      86
      70
      86
      80
      92
      84
      70
      71
      82
      69
      80
      63
      64
      67
      63
      59
      57
      60
      58
      60
      53
      76
      63
      48
      67
      68
      49
      71
      49
      57
      44
      47
      64
      60
      58
      60
      43
      54
      42
      58
      46
      41
      61
      42
      44
      43
      56
      53
      62
      52
      43
      36
      39
      56
      41
      34
      42
      34
      61
      39
      39
      41
      46
      51
      43
      38
      41
      47
      51
      47
      48
      55
      45
      45
      55
      49
      41
      56
      42
      47
      43
      54
      48
      35
      41
      40
      41
      45
      35
      36
      45
      38
      38
      47
      31
      56
      37
      38
      55
      46
      44
      38
      45
      46
      40
      34
      33
      47
      39
      46
      29
      30
      44
      42
      34
      27
      29
      35
      39
      39
      37
      35
      29
      28
      36
      38
      35
      44
      33
      34
      52
      31
      39
      29
      20
      37
      46
      36
      44
      43
      34
      56
      39
      26
      36
      40
      32
      35
      32
      35
      36
      25
      31
      36
      36
      39
      39
      26
      21
      27
      30
      24
      32
      33
      37
      42
      24
      25
      35
      48
      28
      30
      36
      29
      20
      23
      29
      27
      24
      31
      26
      24
      30
      26
      29
      33
      26
      23
      28
      30
      26
      32
      38
      20
      29
      23
      34
      29
      31
      28
      32
      29
      28
      29
      26
      19
      20
      19
      20
      26
      21
      28
      24
      20
      31
      30
      21
      23
      14
      33
      26
      21
      27
      31
      35
      23
      29
      25
      23
      20
      20
      27
      26
      33
      22
      23
      27
      22
      24
      22
      26
      19
      14
      18
      29
      17
      18
      19
      18
      24
      25
      25
      26
      21
      18
      22
      20
      11
      13
      21
      18
      28
      20
      21
      25
      25
      23
      18
      18
      19
      15
      17
      21
      17
      21
      21
      22
      22
      22
      21
      17
      22
      14
      20
      19
      22
      17
      24
      16
      21
      18
      22
      21
      13
      18
      24
      13
      20
      21
      25
      13
      16
      11
      23
      14
      13
      19
      12
      12
      24
      13
       9
      13
      12
      14
       8
      20
      13
      17
      11
      21
      13
      12
      12
      12
      10
      20
      15
      19
      17
      18
      12
      15
      18
      17
      16
      10
      18
      16
      16
      12
      16
      15
      21
       3
      19
      19
      14
      13
      17
       9
      15
      12
      12
      11
      16
      12
      17
      14
      16
      10
      12
      18
      11
      13
      11
       8
      16
      15
      14
      10
      18
      11
       8
      13
      10
      12
       8
      12
      19
      10
      12
       6
      21
       6
      11
       8
      11
      19
      14
      12
      11
       9
      15
      10
      11
       8
      12
      14
      10
       6
      11
       9
      12
       8
       5
      14
       8
      12
      10
      11
      14
       9
       7
       6
       9
       8
      10
      14
      16
      10
      13
      14
      14
      13
      14
      11
      13
      21
      10
       6
      14
      16
      13
      15
       7
       7
      14
      12
      11
      12
      12
      14
      10
      15
      15
      11
      11
      10
      15
       8
      12
      10
      11
      14
       7
      13
       7
       3
       7
       6
      11
      10
       9
      13
      10
       4
      13
      10
      12
      11
      14
      12
      12
       8
      16
       8
       8
       8
       9
       8
      15
       9
       7
       8
       1
       7
      16
      12
       9
      11
      10
      14
      10
      10
       7
      10
       9
       4
      12
       4
      12
       6
       9
       7
      11
      11
       8
       5
      13
       7
       5
      10
      12
      17
      10
       5
      13
      12
       9
      12
      10
      11
      10
      13
      16
      16
      15
      14
      21
      22
      19
      10
      14
      12
       9
       7
       9
      13
       6
      11
      11
       8
       7
       9
      12
      10
       8
      12
      11
       5
       9
       7
       7
       9
       9
       6
      17
      10
       6
      15
      10
      13
       5
      13
       8
      14
      10
       7
       6
       6
       7
       7
       9
       8
       9
       6
       6
      14
      15
       9
       5
      12
       7
      10
       5
      10
      12
      14
       9
       9
       5
      11
      10
      14
      11
      10
       9
      11
      10
       8
      10
       4
       7
       4
       8
       8
      10
      12
       7
       9
      10
      10
       7
       2
       4
       7
       7
       7
      12
       9
      11
      16
      11
      10
      13
       7
      15
       5
      10
       7
       5
       4
      12
       8
       9
       9
       7
       5
       9
      11
       6
       7
       8
       7
       6
       9
      15
      10
      14
       9
       8
      11
       9
       6
      11
       9
       5
      11
       6
      11
      12
       7
      13
       8
       6
       8
       7
       3
      13
       5
      10
       8
       0
       4
       7
      13
      12
      10
       8
       9
       9
       9
       7
       7
      11
       8
      10
       6
      10
      15
       9
       9
       7
      10
      16
      12
      14
      12
       8
      10
      12
      19
      12
       5
      12
       8
      10
      16
      14
      12
      10
      14
      19
       8
      11
      14
      17
      24
      34
      58
      92
     158
     304
     442
     785
    1202
    1834
    2455
    3079
    3798
    4146
    4249
    3904
    3536
    2847
    2128
    1497
    1006
     564
     287
     156
      77
      35
       9
       9
       2
       2
       1
       1
       3
       1
       3
       0
       0
       0
       0
       0
       1
       0
       1
       4
       1
       0
       1
       1
       1
       1
       2
       2
       1
       1
       1
       2
       0
       1
       0
       1
       0
       0
       0
       1
       1
       0
       0
       1
       1
       1
       0
       1
       0
       1
       1
       2
       0
       1
       1
       0
       0
       2
       2
       1
       1
       1
       1
       3
       1
       2
       2
       1
       4
       1
       0
       1
       2
       1
       0
       1
       0
       0
       0
       0
       0
       2
       1
       0
       1
       3
       2
       1
       0
       2
       1
       0
       0
       0
       2
       1
       0
       1
       5
       0
       2
       1
       1
       2
       0
       1
       1
       0
       1
       1
       1
       1
       0
       2
       1
       1
       4
       0
       1
       2
       0
       0
       1
       1
       1
       0
       0
       1
       2
       0
       1
       1
       0
       1
       0
       0
       1
       1
       0
       0
       0
       0
       1
       1
       0
       1
       1
       0
       1
       0
       1
       0
       1
       2
       2
       0
       0
       1
       1
       2
       0
       1
       2
       1
       0
       0
       0
       1
       0
       3
       0
       1
       0
       0
       0
       1
       1
       3
       1
       4
       1
       0
       0
       1
       0
       1
       0
       1
       0
       0
       1
       2
       0
       0
       0
       0
       2
       0
       0
       1
       0
       2
       0
       0
       1
       0
       1
       3
       0
       1
       1
       0
       2
       0
       0
       2
       0
       1
       2
       2
       1
       0
       1
       0
       1
       0
       1
       1
       1
       1
       2
       1
       0
       3
       0
       0
       0
       1
       3
       4
       3
       0
       2
       0
       2
       0
       1
       0
       1
       3
       2
       3
       2
       2
       3
       0
       1
       0
       0
       0
       0
       1
       0
       1
       1
       2
       3
       0
       0
       1
       2
       1
       2
       1
       2
       1
       2
       2
       0
       3
       1
       2
       1
       0
       1
       2
       0
       2
       4
       0
       0
       0
       2
       0
       0
       0
       0
       1
       2
       1
       0
       1
       2
       0
       1
       2
       0
       0
       1
       1
       0
       1
       2
       1
       1
       0
       2
       0
       0
       0
       2
       0
       1
       1
       1
       2
       1
       0
       0
       0
       0
       2
       1
       1
       0
       2
       1
       0
       2
       2
       1
       1
       1
       0
       1
       0
       0
       1
       1
       3
       0
       0
       0
       0
       1
       1
       0
       2
       0
       0
       2
       0
       2
       1
       1
       1
       0
       1
       0
       0
       1
       1
       1
       1
       1
       3
       0
       0
       0
       0
       1
       2
       0
       2
       1
       1
       1
       0
       3
       2
       2
       3
       2
       2
       1
       1
       4
       1
       3
       2
       3
       3
       0
       4
       1
       1
       0
       1
       4
       1
       1
       1
       1
       0
       3
       0
       0
       2
       1
       0
       0
       1
       1
       0
       0
       3
       1
       1
       0
       2
       2
       1
       1
       1
       0
       2
       0
       1
       0
       0
       0
       1
       2
       0
       0
       3
       0
       0
       2
       0
       0
       0
       1
       1
       1
       1
       0
       1
       2
       1
       0
       1
       2
       1
       1
       0
       0
       1
       0
       0
       0
       2
       0
       2
       1
       4
       0
       1
       0
       2
       0
       2
       1
       3
       2
       1
       0
       1
       0
       1
       1
       0
       0
       0
       0
       0
       0
       0
       2
       0
       1
       0
       1
       3
       1
       0
       0
       2
       0
       1
       2
       0
       1
       2
       1
       2
       1
       1
       2
       0
       1
       0
       1
       0
       2
       0
       0
       0
       1
       1
       2
       0
       0
       0
       1
       0
       1
       2
       1
       0
       0
       1
       1
       0
       0
       0
       0
       0
       0
       1
       0
       1
       0
       1
       0
       2
       0
       0
       0
       0
       1
       2
       1
       1
       0
       1
       1
       0
       0
       0
       2
       2
       0
       2
       0
       2
       0
       0
       0
       1
       0
       0
       0
       0
       1
       0
       1
       1
       0
       1
       0
       0
       0
       0
       0
       0
       0
       0
       1
       2
       1
       1
       2
       1
       2
       0
       1
       1
       2
       1
       0
       0
       0
       1
       0
       0
       1
       0
       1
       2
       2
       2
       0
       1
       1
       0
       1
       2
       0
       2
       0
       1
       0
       2
       1
       1
       1
       0
       1
       2
       0
       0
       1
       0
       1
       1
       0
       1
       1
       1
       0
       1
       1
       0
       2
       2
       0
       0
       0
       1
       0
       1
       1
       1
       1
       0
       0
       0
       0
       0
       1
       1
       0
       2
       1
       0
       1
       0
       0
       0
       0
       0
       1
       1
       0
       0
       1
       0
       1
       1
       1
       1
       0
       0
       0
       1
       0
       2
       1
       1
       0
       1
       0
       1
       1
       2
       2
       1
       0
       1
       0
       0
       0
       1
       3
       2
       2
       1
       0
       2
       1
       0
       0
       0
       2
       0
       0
       0
       1
       0
       0
       2
       2
       1
       0
       1
       0
       0
       0
       1
       0
       1
       0
       2
       0
       0
       0
       1
       1
       2
       0
       1
       1
       1
       2
       0
       1
       0
       0
       0
       2
       1
       0
       0
       1
       1
       0
       1
       1
       1
       1
       1
       1
       0
       0
       2
       1
       1
       1
       0
       2
       0
       0
       0
       0
       0
       0
       0
       0
       0
       1
       2
       0
       0
       0
       1
       1
       2
       0
       1
       2
       0
       2
       0
       0
       1
       3
       1
       1
       1
       0
       1
       0
       0
       0
       1
       1
       1
       0
       1
       0
       1
       1
       1
       2
       0
       1
       1
       1
       0
       0
       2
       0
       0
       0
       0
       1
       1
       2
       1
       3
       0
       0
       1
       0
       0
       1
       0
       0
       1
       0
       1
       1
       0
       0
       1
       0
       1
       0
       0
       0
       0
       0
       0
       0
       0
       0
       1
       0
       2
       0
       1
       1
       2
       0
       0
       0
       3
       0
       1
       2
       2
       0
       0
       1
       1
       0
       0
       2
       0
       2
       1
       1
       1
       0
       1
       0
       0
       2
       1
       1
       2
       0
       1
       0
       1
       0
       1
       0
       0
       0
       1
       1
       0
       2
       0
       1
       1
       0
       1
       0
       0
       0
       0
       0
       0
       1
       1
       0
       1
       1
       0
       1
       2
       0
       0
       0
       0
       0
       1
       2
       0
       0
       0
       0
       0
       3
       0
       0
       0
       0
       2
       0
       2
       0
       2
       2
       1
       1
       0
       0
       1
       1
       1
       1
       2
       4
       0
       4
       3
       1
       3
       1
       1
       1
       2
       0
       0
       0
       2
       1
       0
       2
       0
       1
       1
       0
       1
       0
       1
       0
       1
       0
       0
       0
       3
       1
       0
       0
       0
       0
       0
       2
       0
       0
       1
       0
       0
       0
       1
       1
       1
       1
       0
       0
       1
       1
       1
       3
       1
       0
       1
       0
       1
       0
       1
       1
       0
       2
       0
       0
       0
       1
       2
       0
       0
       0
       2
       0
       3
       2
       0
       0
       1
       0
       1
       0
       0
       0
       1
       1
       1
       0
       0
       2
       1
       1
       1
       1
       0
       0
       0
       1
       0
       0
       0
       0
       2
       3
       0
       0
       1
       3
       1
       2
       1
       0
       2
       1
       0
       1
       0
       0
       0
       2
       1
       0
       1
       1
       2
       2
       0
       1
       1
       1
       0
       0
       0
       1
       1
       0
       0
       0
       2
       2
       2
       0
       0
       1
       0
       0
       1
       1
       2
       0
       0
       1
       1
       1
       0
       1
       0
       0
       2
       1
       1
       0
       0
       0
       0
       0
       2
       1
       1
       0
       0
       0
       0
       0
       0
       0
       1
       0
       0
       0
       1
       1
       0
       0
       0
       0
       1
       1
       0
       0
       1
       0
       2
       0
       1
       1
       1
       0
       0
       1
       1
       0
       1
       0
       0
       3
       0
       0
       5
       0
       1
       0
       2
       2
       2
       2
       3
       2
       1
       0
       0
       0
       0
       0
       0
       0
       1
       1
       0
       0
       0
       1
       0
       3
       0
       1
       3
       1
       0
       1
       0
       2
       1
       0
       1
       0
       0
       1
       0
       1
       2
       1
       0
       1
       0
       2
       2
       0
       0
       2
       0
       0
       0
       0
       1
       1
       1
       1
       0
       1
       1
       1
       1
       0
       1
       0
       0
       1
       2
       0
       0
       0
       0
       0
       0
       0
       0
       1
       0
       0
       0
       0
       1
       0
       1
       0
       0
       0
       0
       1
       0
       1
       0
       1
       0
       2
       0
       1
       0
       0
       1
       0
       1
       1
       2
       0
       0
       0
       0
       1
       0
       0
       0
       0
       1
       0
       1
       0
       0
       0
       0
       1
       1
       2
       2
       0
       1
       0
       1
       2
       2
       0
       2
       2
       0
       2
       1
       0
       0
       2
       0
       1
       0
       0
       0
       2
       0
       0
       1
       0
       2
       0
       0
       1
       0
       1
       0
       1
       1
       2
       0
       0
       0
       0
       0
       2
       0
       0
       1
       1
       0
       0
       0
       0
       1
       1
       1
       1
       0
       0
       2
       1
       0
       1
       0
       0
       1
       1
       0
       1
       3
       2
       1
       0
       0
       0
       1
       0
       1
       0
       0
       0
       1
       1
       1
       2
       0
       1
       0
       0
       2
       0
       1
       0
       0
       1
       0
       0
       1
       1
       0
       0
       2
       2
       1
       0
       1
       1
       1
       0
       2
       0
       2
       1
       0
       0
       0
       0
       0
       0
       1
       0
       0
       0
       1
       1
       0
       0
       1
       2
       0
       0
       0
       0
       1
       0
       0
       0
       0
       0
       0
       1
       1
       0
       0
       0
       1
       0
       2
       0
       1
       0
       1
       2
       1
       1
       0
       1
       1
       0
       0
       0
       0
       1
       0
       0
       1
       0
       1
       1
       0
       0
       2
       0
       0
       1
       1
       0
       1
       1
       1
       0
       0
       0
       0
       1
       2
       0
       1
       1
       0
       0
       1
       1
       0
       1
       3
       0
       0
       0
       1
       0
       1
       0
       0
       2
       3
       1
       0
       1
       0
       1
       1
       1
       1
       0
       0
       0
       1
       0
       1
       1
       0
       0
       0
       1
       1
       1
       1
       0
       0
       0
       0
       1
       0
       2
       1
       1
       0
       1
       1
       0
       0
       0
       0
       2
       0
       0
       1
       0
       1
       0
       0
       1
       0
       1
       1
       0
       1
       0
       1
       1
       0
       0
       1
       0
       1
       2
       0
       0
       0
       0
       0
       1
       0
       0
       1
       0
       1
       1
       0
       0
       0
       0
       1
       0
       0
       0
       0
       1
       0
       0
       0
       0
       1
       1
       1
       0
       0
       0
       1
       1
       1
       1
       0
       0
       1
       1
       0
       1
       0
       0
       0
       1
       1
       0
       0
       0
       0
       0
       1
       1
       0
       0
       0
       1
       1
       0
       0
       0
       0
       1
       0
       0
       0
       1
       2
       0
       0
       0
       0
       0
       1
       1
       0
       0
       0
       0
       1
       0
       0
       1
       0
       1
       0
       1
       0
       1
       0
       0
       0
       0
       1
       2
       1
       0
       0
       1
       0
       0
       0
       0
       1
       1
       0
       1
       1
       0
       0
       1
       0
       0
       0
       0
       0
       0
       0
       2
       0
       0
       1
       1
       0
       0
       0
       0
       0
       0
       1
       1
       0
       0
       1
       0
       0
       0
       0
       2
       1
       0
       1
       0
       1
       0
       1
       0
       2
       0
       2
       1
       1
       1
       1
       1
       0
       0
       0
       1
       2
       1
       0
       0
       0
       0
       0
       0
       0
       0
       0
       0
       1
       1
       1
       0
       1
       0
       0
       0
       1
       0
       0
       0
       0
       1
       0
       2
       2
       0
       0
       0
       0
       0
       1
       1
       0
       0
       0
       0
       3
       1
       1
       1
       0
       2
       2
       0
       0
       0
       1
       2
       0
       0
       1
       2
       0
       1
       0
       0
       3
       2
       2
       2
       1
       2
       2
       0
       3
       2
       0
       1
       2
       0
       1
       0
       1
       0
       1
       1
       0
       1
       2
       0
       1
       0
       1
       0
       0
       0
       1
       0
       0
       0
       3
       0
       0
       0
       0
       1
       1
       0
       1
       1
       0
       1
       1
       0
       1
       0
       0
       0
       2
       0
       2
       1
       4
       1
       1
       0
       1
       0
       1
       0
       0
       2
       0
       1
       1
       2
       1
       3
       0
       2
       0
       0
       0
       1
       1
       1
       0
       1
       0
       0
       1
       0
       2
       2
       0
       1
       0
       2
       3
       1
       0
       0
       0
       0
       1
       1
       1
       0
       1
       1
       1
       0
       0
       1
       0
       0
       0
       0
       0
       0
       0
       0
       2
       3
       1
       0
       0
       0
       1
       2
       0
       0
       1
       0
       1
       1
       0
       0
       1
       1
       0
       0
       2
       1
       1
       0
       2
       1
       0
       0
       0
       1
       0
       0
       0
       0
       1
       0
       0
       0
       0
       0
       0
       0
       0
       0
       0
       0
       0
       0
       0
       1
       2
       1
       1
       1
       0
       1
       0
       0
       0
       3
       2
       2
       2
       0
       0
       0
       1
       0
       2
       1
       1
       0
       2
       3
       0
       0
       0
       1
       0
       1
       0
       1
       0
       1
       0
       0
       0
       0
       1
       1
       0
       1
       1
       0
       0
       1
       1
       1
       3
       0
       0
       0
       0
       0
       2
       0
       1
       0
       0
       0
       0
       0
       0
       0
       1
       0
       1
       3
       0
       1
       1
       0
       1
       1
       2
       1
       1
       2
       0
       1
       0
       2
       0
       0
       1
       0
       0
       0
       0
       2
       0
       0
       1
       0
       0
       0
       1
       0
       0
       0
       2
       1
       2
       0
       1
       1
       1
       0
       3
       2
       0
       1
       0
       0
       0
       1
       0
       0
       1
       1
       0
       1
       3
       2
       1
       0
       0
       1
       0
       3
       0
       0
       1
       0
       2
       0
       0
       1
       0
       1
       3
       0
       1
       1
       0
       0
       1
       0
       0
       1
       1
       0
       2
       2
       2
       1
       2
       0
       1
       1
       0
       0
       0
       0
       1
       2
       0
       0
       0
       1
       1
       0
       0
       1
       1
       0
       0
       0
       2
       0
       3
       1
       0
       1
       0
       1
       0
       0
       0
       1
       0
       0
       0
       0
       0
       1
       0
       0
       1
       1
       0
       0
       1
       0
       1
       0
       0
       1
       0
       0
       2
       0
       0
       1
       0
       0
       0
       2
       0
       1
       1
       1
       1
       0
       0
       2
       0
       0
       0
       0
       1
       0
       0
       1
       0
       0
       0
       0
       1
       1
       0
       0
       3
       0
       0
       1
       1
       0
       0
       0
       1
       1
       0
       0
       0
       1
       0
       1
       0
       0
       0
       0
       0
       1
       0
       1
       1
       0
       0
       1
       1
       1
       0
       0
       0
       1
       2
       2
       1
       1
       0
       0
       0
       1
       1
       0
       0
       0
       1
       3
       2
       1
       0
       0
       0
       1
       0
       1
       1
       0
       2
       1
       3
       1
       0
       0
       0
       2
       1
       2
       0
       0
       1
       1
       0
       1
       0
       0
       0
       0
       0
       1
       0
       0
       0
       2
       1
       1
       0
       0
       0
       0
       2
       0
       1
       0
       0
       0
       0
       0
       0
       1
       1
       0
       0
       1
       1
       0
       1
       0
       0
       0
       0
       2
       1
       1
       0
       3
       2
       1
       0
       0
       2
       1
       1
       0
       0
       0
       1
       0
       0
       0
       0
       1
       0
       0
       1
       0
       0
       2
       0
       1
       0
       1
       0
       0
       0
       1
       1
       0
       0
       0
       0
       2
       1
       0
       1
       0
       1
       0
       0
       0
       0
       1
       0
       0
       0
       0
       0
       1
       0
       0
       1
       0
       0
       0
       0
       1
       1
       1
       0
       1
       1
       0
       2
       0
       0
       1
       1
       0
       0
       0
       0
       0
       1
       0
       0
       0
       1
       0
       1
       0
       0
       0
       1
       0
       1
       0
       0
       0
       0
       0
       0
       0
       1
       0
       1
       0
       0
       0
       0
       1
       0
       0
       1
       1
       0
       0
       1
       1
       0
       0
       1
       0
       0
       1
       0
       0
       0
       0
       0
       0
       0
       0
       0
       0
       0
       0
       0
       0
       0
       0
       0
       0
       1
       2
       0
       0
       1
       0
       1
       0
       1
       1
       0
       0
       2
       0
       0
       0
       1
       1
       0
       1
       0
       0
       1
       0
       0
       1
       0
       0
       0
       0
       0
       0
       0
       0
       0
       1
       1
       1
       0
       0
       1
       0
       0
       0
       0
       0
       0
       1
       1
       0
       0
       0
       0
       0
       3
       0
       2
       0
       0
       0
       0
       0
       0
       2
       1
       0
       0
       0
       0
       1
       0
       0
       0
       0
       0
       0
       0
       1
       1
       1
       0
       0
       1
       1
       0
       1
       0
       0
       2
       3
       0
       0
       0
       0
       0
       0
       0
       0
       1
       0
       0
       0
       2
       0
       1
       0
       0
       2
       0
       1
       0
       0
       0
       0
       0
       1
       0
       0
       0
       1
       0
       0
       0
       0
       0
       0
       1
       0
       0
       0
       1
       1
       0
       1
       0
       0
       0
       1
       0
       0
       2
       0
       1
       0
       0
       1
       0
       1
       0
       0
       1
       1
       0
       1
       0
       0
       1
       0
       0
       0
       1
       0
       1
       0
       0
       0
       0
       3
       0
       1
       0
       0
       0
       0
       0
       0
       1
       1
       1
       0
       0
       0
       0
       0
       0
       0
       0
       0
       1
       0
       0
       0
       0
       0
       0
       1
       0
       0
       0
       1
       0
       0
       0
       1
       0
       1
       0
       0
       0
       0
       2
       0
       0
       0
       1
       0
       1
       0
       0
       1
       0
       0
       0
       0
       0
       1
       0
       1
       0
       0
       0
       0
       0
       0
       0
       0
       0
       0
       1
       0
       1
       0
       0
       0
       0
       0
       0
       0
       0
       0
       0
       0
       0
       0
       0
       0
       0
       1
       0
       0
       0
       1
       0
       0
       0
       0
       0
       0
       0
       0
       0
       0
       0
       0
       0
       0
       0
       0
       1
       0
       0
       0
       0
       0
       0
       0
       0
       0
       0
       0
       0
       0
       0
       0
       0
       0
       0
       0
       2
       0
       0
       1
       0
       0
       0
       0
       2
       1
       0
       0
       0
       0
       0
       0
       0
       0
       0
       0
       0
       0
       0
       0
       0
       0
       0
       0
       0
       1
       0
       1
       0
       0
       0
       0
       0
       0
       0
       0
       0
       0
       0
       0
       1
       0
       0
       0
       0
       0
       0
       1
       3
       0
       0
       0
       0
       0
       0
       0
       0
       1
       0
       0
       0
       0
       0
       0
       0
       0
       0
       0
       0
       0
       0
       0
       0
       0
       0
       0
       0
       0
       0
       1
       0
       1
       0
       1
       0
       0
       1
       0
       0
       0
       1
       0
       0
       0
       0
       0
       0
       0
       0
       0
       0
       0
       0
       0
       0
       0
       0
       0
       0
       0
       0
       0
       0
       0
       1
       0
       0
       0
       0
       0
       1
       0
       0
       0
       2
       0
       0
       0
       1
       0
       0
       0
       0
       0
       0
       0
       0
       0
       0
       0
       0
       0
       0
       0
       1
       0
       0
       0
       1
       0
       0
       0
       0
       0
       0
       0
       0
       0
       0
       0
       0
       0
       0
       0
       0
       0
       0
       0
       2
       0
       0
       0
       0
       0
       1
       0
       0
       1
       0
       0
       0
       0
       0
       0
       0
       0
       0
       0
       0
       0
       0
       0
       1
       0
       0
       0
       0
       0
       0
       0
       0
       0
       1
       0
       0
       0
       0
       0
       0
       0
       0
       0
       0
       0
       0
       0
       0
       0
       0
       0
       1
       0
       0
       0
       0
       0
       0
       1
       1
       0
       1
       0
       0
       0
       0
       0
       1
       0
       0
       0
       0
       1
       1
       0
       0
       0
       0
       0
       0
       0
       0
       0
       0
       0
       0
       0
       0
       0
       1
       0
       0
       1
       0
       0
       0
       0
       0
       0
       0
       0
       1
       0
       1
       0
       0
       0
       1
       0
       0
       0
       0
       0
       1
       0
       0
       0
       0
       0
       0
       0
       0
       0
       1
       0
       0
       0
       0
       0
       0
       0
       0
       0
       1
       0
       1
       1
       1
       0
       0
       0
       0
       0
       0
       1
       1
       1
       0
       1
       0
       1
       0
       0
       2
       0
       0
       0
       0
       0
       0
       1
       0
       0
       0
       0
       0
       0
       0
       0
       0
       0
       0
       0
       0
       0
       0
       0
       0
       0
       0
       0
       0
       0
       0
       1
       0
       1
       0
       0
       0
       1
       0
       1
       0
       0
       1
       1
       3
       1
       1
       4
       3
       4
       8
      13
      13
      10
      13
      13
      26
      14
      16
      10
       6
       8
       9
       4
       3
       3
       0
       0
       0
       1
       0
       0
       0
       0
       0
       0
       0
       0
       0
       0
       0
       0
       0
       0
       0
       0
       0
       0
       0
       0
       0
       0
       0
       0
       0
       0
       0
       1
       0
       0
       0
       0
       0
       0
       0
       0
       0
       0
       0
       0
       0
       0
       0
       0
       0
       0
       1
       0
       0
       0
       0
       0
       0
       0
       0
       0
       0
       0
       0
       0
       0
       0
       0
       0
       0
       0
       0
       1
       0
       0
       0
       0
       0
       0
       0
       0
       1
       0
       0
       0
       0
       0
       0
       0
       0
       0
       0
       0
       0
       0
       0
       0
       0
       0
       0
       0
       0
       1
       0
       1
       0
       0
       0
       0
       0
       0
       0
       0
       0
       0
       0
       1
       0
       0
       0
       0
       0
       0
       1
       1
       0
       0
       0
       0
       0
       0
       0
       0
       0
       0
       0
       0
       1
       0
       0
       0
       0
       0
       0
       0
       1
       0
       0
       0
       0
       0
       0
       0
       1
       0
       0
       0
       0
       0
       0
       1
       0
       0
       0
       1
       0
       0
       0
       0
       0
       0
       0
       0
       0
       0
       0
       0
       0
       0
       0
       0
       1
       0
       0
       0
       1
       0
       0
       0
       0
       0
       0
       0
       0
       0
       0
       0
       0
       0
       0
       0
       0
       0
       0
       0
       1
       0
       0
       0
       0
       0
       0
       0
       0
       0
       0
       0
       0
       1
       0
       0
       0
       0
       0
       0
       1
       0
       0
       0
       0
       1
       0
       0
       0
       0
       0
       0
       0
       1
       0
       0
       0
       1
       0
       0
       1
       0
       0
       0
       0
       0
       0
       0
       0
       0
       0
       0
       0
       0
       0
       0
       0
       0
       0
       0
       0
       0
       0
       0
       0
       0
       0
       0
       0
       1
       0
       0
       0
       0
       0
       0
       0
       0
       0
       0
       0
       0
       0
       0
       0
       0
       0
       0
       0
       0
       0
       0
       1
       0
       0
       0
       0
       0
       0
       0
       0
       0
       1
       0
       0
       0
       0
       0
       0
       0
       0
       0
       0
       0
       0
       1
       0
       0
       0
       1
       0
       1
       0
       0
       0
       0
       0
       0
       0
       0
       1
       0
       0
       0
       0
       0
       0
       0
       1
       0
       0
       0
       0
       0
       0
       0
       0
       0
       0
       0
       0
       0
       0
       0
       0
       0
       0
       0
       0
       0
       0
       0
       0
       0
       0
       0
       1
       0
       0
       0
       0
       0
       0
       0
       0
       0
       0
       0
       0
       0
       0
       0
       1
       1
       0
       1
       0
       0
       0
       0
       0
       0
       0
       0
       0
       0
       0
       1
       0
       0
       0
       0
       1
       0
       0
       0
       0
       0
       0
       0
       1
       0
       0
       0
       0
       0
       0
       0
       0
       0
       0
       0
       0
       0
       0
       0
       0
       0
       0
       0
       0
       1
       0
       0
       0
       0
       0
       0
       0
       0
       0
       0
       0
       0
       0
       0
       0
       0
       0
       1
       0
       0
       0
       0
       0
       0
       1
       2
       0
       0
       0
       0
       0
       0
       0
       0
       0
       0
       0
       0
       0
       0
       1
       0
       0
       0
       0
       0
       0
       0
       0
       0
       0
       0
       0
       1
       0
       0
       0
       0
       0
       1
       1
       0
       0
       0
       0
       0
       0
       1
       0
       0
       0
       1
       0
       0
       0
       0
       0
       1
       0
       1
       0
       1
       0
       0
       0
       1
       0
       0
       1
       1
       0
       0
       0
       0
       0
       0
       0
       0
       0
       0
       0
       0
       0
       1
       0
       0
       0
       0
       0
       0
       1
       0
       0
       0
       0
       0
       0
       0
       0
       0
       0
       0
       0
       0
       0
       0
       0
       0
       0
       0
       0
       0
       0
       0
       0
       0
       0
       0
       0
       0
       0
       1
       0
       0
       0
       0
       0
       0
       0
       0
       0
       0
       0
       0
       0
       0
       0
       0
       0
       0
       0
       0
       0
       0
       0
       0
       0
       0
       0
       0
       0
       0
       1
       0
       1
       0
       1
       0
       0
       0
       0
       0
       0
       0
       0
       0
       1
       1
       0
       0
       0
       0
       0
       0
       0
       0
       1
       0
       0
       1
       0
       0
       0
       1
       0
       0
       0
       0
       0
       0
       0
       0
       0
       0
       0
       0
       0
       0
       0
       0
       0
       0
       0
       0
       0
       0
       0
       0
       0
       0
       0
       0
       0
       0
       0
       0
       0
       0
       0
       0
       0
       0
       0
       0
       0
       0
       0
       0
       1
       0
       2
       0
       0
       0
       1
       0
       0
       0
       0
       0
       0
       0
       0
       0
       0
       0
       0
       0
       0
       0
       0
       0
       0
       0
       0
       0
       0
       1
       0
       0
       0
       1
       0
       0
       0
       1
       0
       0
       0
       0
       0
       0
       0
       0
       0
       0
       0
       0
       0
       0
       0
       0
       0
       0
       0
       0
       0
       0
       0
       0
       0
       0
       0
       0
       0
       0
       0
       0
       0
       0
       0
       0
       0
       0
       0
       0
       0
       0
       1
       0
       0
       0
       0
       0
       0
       0
       0
       0
       0
       0
       0
       1
       0
       0
       0
       1
       0
       0
       0
       0
       0
       0
       0
       0
       0
       0
       1
       1
       0
       0
       0
       0
       1
       0
       0
       0
       0
       0
       0
       0
       0
       0
       0
       0
       0
       0
       0
       0
       1
       0
       0
       0
       0
       0
       0
       0
       0
       0
       0
       0
       0
       0
       0
       0
       1
       0
       0
       0
       0
       0
       0
       0
       0
       0
       0
       0
       0
       0
       0
       0
       0
       0
       1
       0
       0
       0
       0
       0
       0
       0
       0
       0
       0
       0
       0
       0
       0
       0
       0
       0
       0
       0
       0
       1
       0
       0
       1
       0
       0
       0
       0
       0
       0
       0
       0
       0
       0
       0
       1
       0
       0
       0
       0
       0
       0
       0
       0
       0
       0
       0
       0
       0
       0
       0
       0
       0
       0
       0
       0
       0
       0
       0
       0
       0
       0
       0
       0
       0
       0
       0
       1
       0
       0
       0
       0
       0
       0
       0
       0
       0
       0
       0
       0
       0
       0
       0
       0
       0
       0
       0
       0
       0
       0
       0
       0
       0
       0
       0
       0
       0
       0
       0
       0
       0
       0
       0
       0
       1
       0
       0
       0
       1
       0
       0
       0
       0
       0
       0
       0
       0
       0
       0
       0
       0
       0
       0
       0
       0
       0
       0
       0
       0
       0
       1
       0
       0
       0
       0
       0
       0
       0
       1
       0
       0
       0
       0
       0
       0
       0
       0
       0
       0
       0
       0
       0
       0
       0
       0
       0
       0
       0
       0
       0
       0
       0
       0
       0
       0
       0
       0
       0
       0
       0
       0
       0
       0
       0
       0
       0
       0
       0
       0
       0
       0
       1
       0
       2
       1
       0
       0
       1
       1
       0
       0
       0
       0
       0
       1
       1
       1
       1
       1
       0
       0
       0
       0
       0
       0
       0
       0
       0
       0
       0
       1
       0
       0
       0
       0
       0
       0
       0
       0
       0
       0
       0
       0
       0
       0
       0
       0
       0
       0
       0
       0
       1
       0
       0
       0
       0
       0
       0
       0
       0
       0
       0
       2
       0
       0
       0
       0
       0
       0
       0
       0
       0
       0
       0
       0
       0
       0
       0
       0
       0
       0
       0
       0
       0
       0
       0
       0
       0
       0
       0
       0
       0
       0
       0
       0
       0
       0
       0
       0
       0
       0
       0
       0
       0
       0
       0
       0
       0
       0
       0
       0
       0
       0
       0
       0
       0
       0
       0
       0
       1
       0
       0
       0
       0
       0
       0
       0
       0
       0
       0
       0
       0
       0
       0
       0
       0
       1
       0
       0
       0
       1
       0
       0
       1
       0
       1
       1
       2
       1
       1
       1
       0
       2
       1
       1
       0
       0
       0
       1
       0
       0
       0
       1
       0
       0
       0
       0
       0
       0
       0
       0
       1
       0
       0
       0
       0
       0
       0
       0
       0
       0
       0
       0
       0
       0
       0
       0
       0
       0
       0
       0
       0
       0
       0
       0
       0
       0
       0
       0
       0
       0
       0
       0
       0
       0
       0
       0
       0
       0
       0
       0
       0
       0
       0
       0
       0
       0
       0
       0
       0
       0
       0
       0
       0
       0
       0
       0
       0
       0
       0
       0
       1
       0
       0
       0
       1
       0
       0
       0
       0
       0
       0
       0
       0
       0
       0
       0
       0
       0
       1
       0
       0
       0
       0
       0
       1
       0
       0
       1
       0
       0
       0
       0
       0
       0
       0
       0
       0
       0
       0
       0
       0
       0
       0
       0
       0
       0
       0
       0
       0
       0
       0
       0
       0
       0
       0
       0
       0
       0
       0
       0
       0
       0
       0
       0
       0
       0
       0
       0
       0
       0
       0
       1
       0
       0
       0
       0
       0
       0
       0
       0
       0
       0
       0
       0
       0
       0
       1
       0
       0
       1
       0
       0
       0
       1
       0
       0
       0
       0
       0
       0
       0
       0
       0
       0
       0
       0
       0
       0
       0
       0
       0
       0
       0
       1
       0
       0
       0
       0
       0
       0
       0
       0
       0
       0
       0
       0
       0
       0
       0
       0
       0
       0
       0
       0
       0
       0
       0
       1
       0
       0
       0
       0
       0
       0
       0
       0
       0
       0
       0
       0
       0
       0
       0
       0
       0
       0
       1
       1
       0
       0
       0
       0
       0
       0
       0
       0
       0
       0
       0
       0
       0
       0
       0
       0
       0
       0
       0
       0
       0
       0
       0
       0
       1
       0
       0
       0
       0
       0
       0
       0
       0
       0
       0
       0
       0
       0
       0
       0
       0
       0
       0
       0
       0
       0
       0
       0
       0
       0
       0
       0
       0
       0
       0
       0
       0
       0
       0
       0
       0
       0
       0
       0
       0
       0
       0
       0
       1
       0
       0
       1
       0
       0
       1
       0
       1
       0
       0
       0
       0
       0
       0
       1
       1
       0
       0
       0
       0
       0
       0
       0
       0
       0
       0
       0
       0
       0
       0
       0
       0
       0
       0
       0
       0
       1
       0
       0
       0
       0
       0
       0
       0
       0
       0
       0
       0
       0
       0
       0
       0
       0
       0
       0
       0
       0
       0
       0
       0
       0
       0
       0
       0
       0
       0
       0
       0
       0
       0
       0
       1
       0
       0
       0
       0
       0
       0
       0
       0
       0
       0
       0
       1
       0
       0
       0
       0
       0
       0
       0
       0
       0
       0
       0
       0
       0
       0
       0
       0
       0
       0
       0
       0
       0
       0
       0
       0
       0
       1
       0
       0
       0
       0
       0
       0
       1
       0
       1
       0
       0
       0
       0
       0
       0
       0
       0
       0
       0
       1
       0
       0
       0
       0
       0
       0
       1
       0
       0
       0
       0
       0
       0
       0
       0
       1
       0
       0
       0
       0
       0
       0
       0
       0
       0
       0
       0
       0
       0
       0
       0
       0
       0
       0
       0
       0
       0
       0
       0
       0
       0
       0
       0
       0
       0
       0
       0
       0
       0
       0
       0
       0
       0
       0
       0
       0
       0
       0
       0
       0
       0
       0
       0
       0
       0
       0
       0
       0
       0
       0
       1
       0
       0
       0
       0
       0
       0
       0
       0
       0
       0
       0
       0
       0
       0
       0
       0
       0
       0
       0
       0
       0
       0
       0
       0
       0
       0
       0
       0
       0
       0
       0
       0
       0
       0
       0
       0
       1
       0
       0
       0
       0
       0
       0
       0
       0
       0
       0
       0
       0
       0
       0
       0
       0
       0
       0
       0
       0
       0
       0
       0
       0
       0
       0
       0
       0
       0
       0
       0
       0
       0
       0
       0
       0
       0
       0
       1
       0
       0
       0
       0
       0
       0
       0
       0
       0
       0
       0
       0
       0
       0
       0
       0
       0
       0
       0
       0
       0
       0
       0
       0
       0
       0
       0
       0
       0
       0
       0
       0
       0
       0
       0
       0
       0
       0
       1
       0
       0
       0
       2
       1
       0
       0
       1
       0
       0
       0
       0
       0
       0
       0
       0
       0
       0
       0
       0
       0
       0
       0
       0
       0
       0
       0
       0
       0
       0
       0
       0
       0
       0
       0
       1
       0
       0
       0
       0
       0
       0
       0
       0
       0
       0
       0
       0
       0
       0
       1
       0
       0
       0
       0
       0
       0
       0
       0
       0
       0
       0
       0
       0
       0
       0
       0
       0
       0
       0
       0
       0
       0
       0
       0
       0
       0
       0
       0
       1
       0
       0
       0
       0
       0
       0
       0
       0
       0
       0
       0
       0
       0
       1
       0
       0
       0
       0
       0
       0
       0
       0
       0
       0
       0
       0
       1
       0
       0
       0
       0
       0
       0
       0
       0
       0
       0
       0
       0
       0
       0
       0
       0
       0
       0
       0
       0
       0
       0
       0
       0
       0
       0
       0
       0
       0
       0
       0
       1
       0
       0
       1
       0
       0
       0
       0
       0
       0
       0
       0
       0
       0
       0
       1
       0
       0
       0
       0
       0
       0
       0
       0
       0
       1
       0
       0
       1
       0
       0
       0
       0
       0
       0
       0
       0
       1
       0
       0
       1
       0
       1
       0
       0
       0
       0
       0
       0
       0
       0
       0
       0
       0
       1
       0
       0
       0
       0
       0
       0
       0
       0
       0
       0
       0
       0
       0
       0
       1
       0
       0
       0
       0
       0
       0
       0
       0
       0
       0
       0
       0
       0
       0
       0
       0
       0
       0
       0
       0
       0
       0
       0
       0
       1
       1
       0
       0
       0
       0
       0
       0
       0
       0
       0
       0
       0
       0
       0
       0
       0
       1
       0
       0
       0
       0
       0
       0
       0
       0
       0
       0
       0
       0
       0
       0
       0
       0
       0
       0
       0
       0
       0
       0
       1
       0
       0
       0
       0
       0
       0
       0
       0
       0
       0
       0
       0
       0
       0
       0
       0
       0
       0
       0
       0
       0
       0
       0
       0
       0
       0
       1
       0
       0
       0
       1
       0
       0
       0
       0
       0
       1
       0
       0
       0
       0
       0
       0
       0
       0
       0
       0
       0
       0
       0
       0
       1
       0
       0
       0
       0
       0
       0
       0
       0
       1
       0
       0
       0
       0
       0
       0
       0
       0
       0
       0
       0
       0
       0
       0
       0
       0
       0
       0
       0
       0
       0
       0
       0
       1
       1
       0
       0
       0
       0
       0
       0
       0
       0
       0
       0
       0
       0
       0
       0
       0
       0
       0
       0
       0
       0
       0
       0
       0
       0
       1
       0
       0
       0
       0
       0
       0
       0
       1
       0
       0
       0
       0
       0
       0
       0
       0
       0
       0
       0
       0
       0
       1
       0
       0
       0
       0
       0
       0
       0
       0
       0
       0
       0
       0
       0
       0
       0
       0
       0
       0
       0
       0
       0
       0
       0
       0
       0
       0
       0
       0
       0
       0
       0
       0
       0
       0
       0
       0
       0
       0
       0
       0
       0
       0
       0
       0
       0
       0
       0
       0
       0
       0
       0
       0
       0
       0
       0
       1
       0
       0
       0
       0
       0
       0
       0
       0
       0
       0
       0
       0
       0
       0
       1
       0
       0
       0
       1
       0
       0
       0
       0
       0
       0
       0
       0
       0
       0
       0
       0
       1
       0
       0
       0
       0
       0
       0
       0
       0
       0
       0
       0
       0
       0
       1
       0
       0
       0
       0
       0
       0
       0
       0
       0
       1
       0
       0
       0
       0
       0
       1
       0
       0
       0
       0
       0
       0
       0
       0
       0
       0
       0
       0
       0
       0
       0
       0
       0
       0
       0
       1
       0
       0
       0
       0
       0
       0
       0
       0
       0
       0
       0
       0
       0
       0
       0
       0
       0
       0
       0
       0
       0
       0
       0
       0
       0
       1
       0
       0
       0
       0
       1
       0
       0
       0
       0
       0
       0
       0
       0
       0
       0
       0
       0
       0
       0
       0
       0
       0
       0
       0
       0
       0
       0
       0
       0
       0
       0
       0
       0
       0
       0
       0
       0
       0
       0
       0
       0
       0
       0
       0
       0
       0
       0
       0
       0
       0
       0
       0
       0
       0
       1
       0
       0
       0
       0
       0
       1
       0
       0
       0
       1
       0
       0
       0
       0
       0
       0
       0
       0
       0
       0
       0
       0
       0
       0
       0
       0
       0
       0
$ROI:
11
224 244
765 907
1350 1411
1828 1908
2525 2667
2716 2799
3716 3817
4331 4427
4564 4622
5085 5259
5690 5768
$PRESETS:
Live Time
200
0
$ENER_FIT:
0.053689 0.255148
$MCA_CAL:
3
5.368913E-002 2.551478E-001 -1.853380E-009 keV
$SHAPE_CAL:
3
6.992400E+000 7.812671E-004 -3.508660E-008
