$SPEC_ID:
No sample description was entered.
$SPEC_REM:
DET# 1
DETDESC# GMX20P4 HPGe
AP# Maestro Version 7.01
$DATE_MEA:
11/23/2018 15:32:38
$MEAS_TIM:
200 201
$DATA:
0 8191
       0
       0
       0
       0
       0
       0
       0
       0
       0
       0
       0
       0
       0
       0
       0
       0
       0
       0
       0
       0
       0
       0
       0
       0
       0
       0
       0
       0
       0
       0
       0
       0
       0
       0
       0
       0
       0
       0
       0
       0
       0
       0
       0
       0
       0
       0
       0
       1
       1
      10
      38
      58
      62
      41
      51
      49
      54
      42
      39
      56
      48
      54
      36
      42
      57
      55
      42
      56
      46
      50
      54
      60
      58
      65
      36
      46
      60
      65
      64
      54
      65
      55
      58
      69
      82
      59
      74
      76
      71
      51
      57
      70
      62
      68
      61
      70
      65
      54
      62
      77
      59
      70
      69
      63
      59
      90
      88
      77
     103
      80
     115
     109
      96
     132
     139
     152
     181
     157
     178
     291
     355
     449
     505
     642
     734
     755
     697
     610
     515
     408
     289
     201
     135
     111
      97
      84
      88
     103
     141
     151
     165
     207
     215
     211
     198
     177
     142
     115
      73
      65
      62
      69
      41
      47
      48
      48
      60
      48
      36
      49
      40
      52
      45
      36
      56
      51
      40
      53
      58
      53
      46
      46
      45
      43
      45
      49
      45
      65
      43
      48
      53
      37
      56
      47
      36
      54
      52
      30
      44
      55
      43
      50
      45
      48
      47
      55
      50
      53
      48
      59
      60
      56
      52
      66
      51
      48
      59
      55
      45
      50
      67
      49
      47
      55
      62
      64
      62
      59
      50
      49
      47
      62
      57
      58
      54
      61
      51
      48
      60
      63
      56
      60
      60
      62
      70
      58
      55
      58
      57
      68
      67
      64
      63
      50
      50
      42
      59
      47
      68
      67
      65
      65
      65
      73
      61
      62
      69
      62
      68
      76
      53
      61
      55
      72
      59
      72
      60
      71
      60
      84
      58
      58
      76
      80
      55
      75
      67
      69
      80
      59
      63
      62
      79
      66
      46
      59
      48
      68
      71
      58
      59
      79
      83
      68
      73
      58
      62
      77
      67
      56
      73
      75
      81
      64
      62
      82
      68
      64
      57
      65
      64
      69
      70
      69
      77
      72
      59
      72
      70
      74
      69
      78
      59
      70
      79
      80
      52
      72
      77
      65
      64
      56
      61
      69
      62
      75
      70
      51
      60
      68
      57
      69
      80
      72
      74
      84
      61
      63
      71
      64
      66
      78
      64
      61
      67
      53
      62
      75
      66
      50
      76
      70
      70
      75
      79
      74
      64
      56
      66
      75
      65
      77
      59
      72
      67
      70
      69
      66
      62
      68
      74
      56
      85
      74
      78
      75
      68
      69
      70
      71
      60
      57
      73
      65
      66
      54
      59
      63
      51
      74
      69
      72
      78
      68
      70
      57
      70
      72
      52
      68
      73
      71
      56
      56
      67
      75
      68
      66
      48
      68
      60
      54
      71
      95
      65
      69
      69
      63
      59
      56
      55
      77
      63
      56
      65
      73
      76
      57
      64
      59
      66
      65
      71
      71
      76
      65
      76
      60
      86
      71
      56
      79
      59
      70
      65
      66
      80
      52
      83
      59
      77
      65
      79
      53
      68
      66
      80
      73
      77
      49
      66
      54
      74
      64
      68
      53
      72
      65
      65
      68
      58
      64
      51
      61
      57
      57
      59
      75
      67
      58
      43
      68
      59
      55
      69
      63
      72
      51
      57
      51
      64
      70
      54
      66
      61
      67
      52
      65
      69
      63
      55
      68
      60
      63
      72
      73
      50
      60
      59
      65
      56
      77
      64
      67
      67
      56
      49
      70
      61
      53
      81
      70
      59
      58
      65
      64
      55
      61
      57
      60
      76
      71
      49
      58
      52
      52
      58
      58
      53
      64
      52
      53
      53
      53
      68
      65
      64
      57
      58
      57
      69
      55
      84
      64
      56
      62
      63
      60
      56
      55
      68
      61
      51
      61
      50
      54
      52
      65
      52
      55
      58
      69
      41
      60
      48
      42
      53
      52
      60
      63
      57
      60
      54
      52
      71
      55
      55
      61
      47
      63
      51
      57
      53
      59
      55
      64
      48
      52
      60
      52
      64
      46
      63
      61
      56
      48
      66
      35
      51
      50
      56
      43
      69
      46
      60
      61
      57
      53
      64
      38
      62
      55
      68
      58
      52
      51
      58
      56
      58
      46
      50
      53
      58
      53
      58
      55
      53
      59
      52
      54
      37
      72
      43
      50
      49
      55
      64
      44
      56
      60
      48
      61
      68
      60
      51
      61
      65
      55
      53
      42
      57
      63
      64
      53
      61
      59
      43
      41
      57
      58
      51
      57
      49
      60
      44
      40
      51
      48
      48
      57
      54
      70
      45
      66
      53
      45
      57
      49
      54
      74
      41
      58
      57
      65
      42
      66
      48
      54
      66
      57
      52
      61
      62
      72
      55
      62
      66
      59
      54
      59
      63
      85
      68
      68
      82
      55
      61
      80
      77
      61
      69
      71
      68
      94
      57
      72
      57
      74
      60
      62
      56
      70
      68
      48
      68
      69
      55
      66
      57
      70
      50
      75
      56
      89
      58
      55
      55
      48
      38
      65
      53
      57
      54
      74
      66
      58
      52
      38
      51
      55
      44
      76
      42
      71
      60
      41
      57
      60
      49
      48
      52
      61
      60
      57
      57
      59
      55
      56
      43
      48
      51
      60
      55
      51
      64
      44
      47
      55
      58
      45
      50
      45
      48
      45
      51
      64
      40
      61
      48
      57
      54
      45
      50
      53
      52
      41
      60
      56
      56
      59
      47
      46
      47
      55
      42
      58
      59
      42
      47
      51
      51
      50
      58
      56
      58
      54
      44
      68
      60
      51
      45
      62
      53
      49
      66
      51
      43
      48
      67
      56
      50
      47
      54
      60
      44
      41
      43
      51
      46
      46
      57
      57
      47
      51
      39
      58
      58
      60
      42
      53
      48
      44
      51
      55
      49
      55
      68
      40
      46
      55
      56
      54
      49
      53
      42
      45
      48
      27
      47
      54
      47
      44
      52
      42
      45
      41
      57
      46
      38
      36
      48
      46
      47
      50
      38
      54
      55
      47
      47
      49
      63
      53
      46
      66
      51
      45
      40
      46
      53
      44
      47
      38
      53
      54
      52
      54
      64
      56
      60
      65
      50
      41
      37
      46
      57
      54
      53
      52
      58
      52
      53
      48
      50
      66
      57
      48
      53
      52
      47
      33
      63
      42
      49
      39
      46
      48
      53
      55
      47
      55
      47
      52
      53
      39
      53
      45
      39
      46
      53
      46
      59
      60
      48
      50
      49
      53
      45
      42
      49
      53
      42
      57
      49
      55
      54
      38
      46
      56
      40
      67
      60
      50
      49
      43
      40
      58
      37
      41
      46
      51
      58
      49
      51
      41
      39
      47
      60
      40
      51
      31
      35
      47
      45
      43
      45
      54
      48
      47
      50
      45
      46
      51
      47
      53
      43
      46
      40
      47
      46
      34
      44
      42
      57
      66
      49
      40
      37
      41
      53
      58
      45
      47
      53
      49
      51
      49
      49
      53
      40
      42
      46
      48
      36
      42
      50
      43
      38
      50
      39
      34
      47
      38
      43
      35
      47
      47
      46
      43
      50
      46
      48
      46
      41
      43
      37
      50
      61
      41
      47
      30
      49
      43
      45
      51
      47
      40
      46
      56
      58
      39
      55
      52
      41
      49
      54
      46
      49
      32
      48
      45
      58
      52
      44
      58
      32
      37
      32
      46
      34
      39
      56
      44
      39
      36
      37
      39
      43
      44
      48
      36
      43
      46
      36
      41
      43
      42
      33
      39
      52
      32
      35
      44
      41
      50
      51
      42
      52
      58
      42
      49
      40
      44
      48
      38
      47
      40
      44
      41
      48
      41
      42
      40
      35
      51
      43
      37
      42
      41
      41
      44
      29
      36
      46
      47
      43
      47
      38
      31
      47
      58
      57
      41
      49
      47
      36
      43
      39
      47
      46
      35
      39
      50
      41
      40
      38
      35
      47
      42
      46
      32
      34
      41
      39
      43
      48
      33
      41
      31
      36
      33
      48
      37
      49
      32
      41
      29
      30
      34
      29
      46
      39
      37
      45
      32
      25
      46
      37
      49
      32
      49
      36
      34
      47
      30
      46
      40
      42
      37
      41
      54
      41
      41
      41
      34
      47
      32
      40
      38
      48
      27
      32
      33
      38
      48
      43
      31
      40
      34
      44
      38
      37
      47
      48
      46
      28
      49
      28
      38
      32
      44
      46
      37
      43
      32
      40
      40
      43
      37
      47
      41
      40
      50
      37
      35
      33
      32
      39
      35
      36
      34
      44
      32
      55
      33
      45
      41
      28
      36
      44
      38
      48
      27
      40
      30
      35
      32
      38
      38
      34
      38
      43
      34
      31
      30
      37
      25
      36
      33
      35
      30
      38
      41
      37
      33
      39
      30
      32
      32
      38
      47
      41
      32
      38
      47
      36
      42
      41
      26
      52
      42
      43
      33
      27
      30
      43
      41
      43
      32
      27
      27
      36
      33
      34
      33
      61
      43
      40
      29
      42
      44
      38
      40
      36
      37
      30
      30
      39
      53
      50
      43
      30
      45
      28
      30
      26
      29
      38
      56
      29
      28
      41
      38
      40
      37
      58
      46
      54
      36
      51
      47
      51
      54
      51
      50
      31
      34
      39
      40
      44
      38
      40
      46
      35
      48
      39
      36
      40
      45
      46
      35
      38
      35
      27
      34
      51
      38
      33
      39
      51
      41
      33
      36
      33
      30
      34
      34
      55
      39
      42
      40
      38
      43
      34
      35
      30
      33
      41
      26
      32
      42
      41
      47
      42
      35
      31
      28
      40
      34
      38
      26
      38
      30
      39
      40
      31
      36
      40
      34
      36
      48
      36
      42
      29
      52
      53
      51
      33
      31
      33
      45
      33
      43
      37
      26
      37
      36
      36
      33
      40
      35
      36
      43
      37
      54
      39
      41
      40
      38
      33
      40
      38
      32
      48
      33
      35
      43
      40
      34
      33
      34
      38
      34
      31
      44
      35
      46
      33
      35
      50
      37
      30
      35
      36
      34
      39
      35
      39
      34
      38
      38
      34
      31
      42
      35
      38
      42
      30
      44
      29
      39
      45
      36
      41
      32
      52
      31
      35
      44
      43
      30
      25
      38
      37
      34
      38
      37
      50
      38
      50
      37
      47
      50
      34
      46
      46
      35
      55
      46
      35
      39
      28
      34
      41
      40
      37
      31
      33
      40
      33
      40
      38
      42
      50
      28
      48
      40
      34
      47
      33
      52
      37
      59
      44
      38
      44
      40
      47
      38
      50
      39
      40
      36
      45
      41
      39
      50
      45
      58
      48
      42
      49
      44
      43
      43
      35
      43
      47
      38
      48
      40
      45
      33
      42
      43
      40
      37
      42
      51
      32
      40
      47
      46
      35
      40
      38
      35
      47
      43
      41
      51
      38
      49
      52
      46
      42
      35
      35
      45
      43
      47
      42
      46
      52
      41
      40
      42
      44
      57
      30
      36
      45
      35
      45
      39
      57
      40
      35
      49
      43
      40
      48
      43
      48
      33
      43
      48
      53
      42
      41
      37
      40
      51
      38
      51
      60
      56
      35
      40
      48
      47
      45
      41
      51
      39
      57
      49
      52
      49
      61
      35
      51
      54
      62
      48
      54
      38
      41
      41
      40
      48
      41
      37
      38
      45
      51
      42
      50
      39
      54
      44
      69
      49
      41
      50
      50
      50
      38
      41
      47
      58
      49
      46
      44
      49
      38
      54
      34
      47
      33
      45
      51
      35
      54
      56
      50
      67
      47
      66
      50
      53
      47
      58
      48
      67
      43
      54
      60
      49
      52
      55
      55
      65
      43
      59
      51
      41
      41
      55
      46
      57
      46
      60
      56
      45
      54
      47
      59
      50
      63
      54
      59
      50
      52
      53
      61
      41
      62
      48
      57
      51
      60
      43
      60
      65
      44
      43
      54
      62
      44
      41
      54
      61
      52
      49
      63
      56
      57
      60
      40
      43
      53
      63
      42
      48
      47
      42
      56
      53
      56
      41
      45
      52
      53
      44
      46
      54
      59
      48
      48
      50
      58
      51
      53
      52
      48
      40
      47
      43
      52
      63
      41
      45
      53
      49
      64
      54
      54
      60
      39
      60
      42
      55
      54
      55
      52
      42
      55
      43
      58
      50
      62
      55
      59
      39
      40
      60
      33
      36
      55
      56
      52
      63
      61
      53
      47
      57
      43
      48
      44
      42
      39
      47
      47
      43
      36
      48
      44
      36
      38
      43
      44
      43
      36
      34
      44
      39
      39
      29
      32
      37
      35
      33
      33
      37
      35
      31
      41
      37
      28
      38
      33
      31
      41
      31
      25
      29
      31
      32
      27
      24
      27
      30
      33
      26
      29
      26
      32
      19
      39
      25
      42
      26
      20
      20
      23
      34
      31
      26
      29
      34
      30
      30
      26
      22
      32
      30
      24
      23
      21
      23
      32
      30
      27
      26
      18
      16
      28
      16
      24
      20
      21
      28
      22
      21
      21
      31
      27
      21
      46
      23
      31
      18
      33
      25
      22
      23
      27
      22
      21
      20
      20
      21
      24
      26
      25
      26
      20
      19
      14
      20
      18
      18
      17
      19
      13
      27
      25
      22
      32
      28
      17
      15
      26
      22
      16
      19
      21
      26
      19
      28
      23
      26
      22
      18
      24
      24
      27
      23
      19
      24
      33
      15
      27
      19
      25
      21
      20
      22
      22
      20
      23
      18
      20
      20
      14
      14
      19
      21
      10
      13
      17
      20
      16
      14
      20
      24
      15
      18
      13
      11
      23
      14
      18
      19
      19
      17
      20
      28
      17
      22
      16
      20
      12
      18
      22
      22
      19
      18
      25
      18
      13
      20
      15
      26
      19
      20
      19
      16
      18
      15
      17
      15
      15
      20
      11
      15
      21
      25
      28
      16
      18
      18
      14
      15
       9
      12
      13
      18
      13
      13
      18
      11
      10
      15
      16
       8
      25
      18
      15
      13
      11
      18
      11
      11
       6
      12
       9
      15
      16
      12
      18
       5
      16
      11
      15
      12
      18
      14
       9
      13
      11
      16
      14
      12
      13
      14
      19
      12
      17
      16
      15
      16
      10
      14
      12
      19
      16
      15
      10
      12
      12
       7
      14
      11
      10
       8
      14
      22
      12
      13
      13
      10
       6
      12
      13
      10
       9
      10
       8
      12
      10
      15
      11
       3
       6
      11
       4
       7
      12
      16
       8
       5
      21
      12
       8
       7
       7
       6
       9
       5
      11
      12
      10
       6
      11
       6
       9
       5
       5
       8
       7
       9
       8
       7
      10
       5
      15
       8
      11
       4
       6
       8
       8
      12
       8
       6
       7
      11
      17
       5
      10
       8
       6
      10
       7
       5
       5
       6
       5
       5
       7
       5
       7
      11
      11
       9
      12
      10
       7
       6
       6
       9
      10
       8
       3
       3
       6
       5
       4
       8
      10
       3
       3
      13
       6
       9
       7
       7
       8
       6
       4
      10
       7
       4
       5
       5
       4
       3
       7
       5
       7
       9
      10
       5
       8
       4
       8
      11
       6
       7
       4
      10
       3
       3
       6
       7
       4
       2
       7
       4
       7
       4
       2
       7
       6
      10
       6
       7
       7
       2
       4
       7
       8
       9
      10
      14
       9
       4
       9
      11
       3
       2
       6
       7
       4
       7
       4
       8
       8
       3
       4
       5
       3
      10
       5
      10
       6
       7
       5
       4
       5
       4
       5
       7
       5
       5
       9
       2
       5
       1
       1
       4
       7
       3
       5
       5
       4
       6
       2
       6
       1
       4
       5
       5
       6
       6
       3
       7
       5
       6
       6
       9
      10
       8
       5
       3
       2
       7
       5
       2
       2
      11
       3
       5
       9
       8
       4
       2
       1
      10
      11
       5
       9
       2
       3
       6
       5
       6
       7
       4
       4
       8
       8
       4
       3
       2
       6
       7
       7
       4
       9
       9
       5
       9
       9
      13
      10
       9
       9
      13
      10
      10
      15
       8
       7
      11
       8
       4
       5
       0
       4
       7
       2
       1
       4
       7
       4
       7
       4
       4
       5
       5
       7
       4
       3
       7
       4
       4
       1
       6
       4
       4
       6
       3
       6
       3
       4
       2
       6
       6
       3
       5
       3
       0
       2
       5
       4
       6
       4
       1
       8
       7
       9
       5
       3
       6
       2
       5
       5
       6
       2
       4
       2
       5
       2
       1
       4
       3
       5
       6
       9
       1
       6
       3
       5
       3
       4
      11
       5
       4
       4
       7
       6
       4
       3
       6
       5
       3
       4
       7
       4
       3
       3
       5
       7
       2
       3
       4
       7
       4
       5
       5
       2
       7
       5
       5
       5
       1
       4
       4
       3
       7
       5
       4
       4
       3
       5
       5
       8
       4
       3
       3
       4
       5
      10
       4
       2
       2
       3
       1
       6
       2
       3
       1
       4
       5
       2
       4
       2
       4
       4
       6
       1
       1
       4
       5
       9
       3
       8
       0
       8
       4
       4
       3
       5
       3
       6
       3
       6
       6
       5
       4
       4
       6
       5
       4
       5
       7
       2
       4
       8
       5
       5
       2
       6
       5
       5
       4
       4
       5
       4
       5
       3
       4
       7
      10
      12
       4
      11
      17
      31
      46
      72
     129
     222
     361
     542
     803
    1117
    1417
    1803
    2073
    2207
    2351
    2154
    1919
    1497
    1174
     840
     567
     324
     179
      92
      53
      15
      13
       7
       1
       2
       1
       3
       0
       1
       0
       1
       1
       1
       1
       1
       1
       1
       2
       0
       0
       0
       2
       1
       2
       0
       0
       1
       1
       1
       1
       1
       1
       4
       0
       1
       1
       0
       1
       0
       1
       1
       1
       0
       1
       0
       1
       1
       1
       0
       3
       2
       0
       1
       1
       0
       0
       0
       1
       2
       1
       0
       0
       2
       0
       0
       0
       1
       0
       1
       0
       1
       1
       0
       0
       1
       3
       0
       1
       3
       0
       0
       1
       1
       0
       0
       1
       1
       1
       0
       2
       2
       1
       1
       0
       0
       1
       2
       2
       1
       3
       1
       0
       1
       0
       3
       1
       1
       4
       1
       1
       1
       2
       0
       0
       1
       0
       1
       1
       0
       0
       1
       0
       0
       0
       0
       2
       0
       1
       2
       1
       0
       1
       1
       1
       0
       0
       1
       0
       2
       1
       1
       1
       2
       0
       0
       1
       1
       1
       3
       1
       2
       1
       1
       0
       1
       1
       2
       1
       2
       1
       2
       0
       0
       0
       1
       0
       2
       0
       2
       2
       0
       1
       2
       2
       0
       1
       1
       0
       0
       0
       1
       0
       0
       0
       1
       1
       1
       1
       4
       3
       0
       1
       0
       0
       1
       1
       1
       0
       0
       0
       0
       0
       1
       2
       1
       0
       1
       2
       0
       1
       0
       0
       1
       0
       3
       1
       3
       0
       0
       0
       0
       0
       1
       0
       1
       2
       1
       0
       0
       0
       1
       1
       1
       2
       3
       1
       1
       2
       1
       3
       1
       1
       1
       1
       1
       4
       1
       1
       3
       3
       0
       1
       0
       1
       2
       2
       3
       0
       2
       0
       0
       0
       1
       0
       2
       1
       0
       0
       0
       0
       0
       0
       1
       2
       1
       2
       0
       0
       1
       0
       0
       0
       0
       0
       0
       0
       0
       2
       1
       0
       2
       0
       0
       0
       0
       0
       1
       2
       1
       1
       1
       0
       1
       0
       0
       0
       1
       1
       0
       1
       1
       0
       0
       1
       0
       2
       1
       1
       1
       1
       1
       0
       0
       0
       2
       0
       1
       1
       0
       1
       1
       0
       0
       0
       1
       0
       1
       1
       1
       2
       1
       2
       0
       4
       1
       2
       2
       0
       2
       0
       1
       1
       0
       1
       2
       1
       0
       1
       0
       1
       3
       1
       0
       0
       2
       4
       1
       0
       1
       0
       0
       1
       2
       0
       0
       0
       0
       2
       1
       0
       2
       0
       2
       0
       1
       0
       1
       4
       1
       2
       4
       0
       0
       2
       1
       5
       1
       1
       1
       0
       0
       0
       0
       1
       5
       1
       2
       1
       2
       0
       3
       1
       1
       1
       1
       2
       1
       2
       5
       1
       0
       2
       1
       0
       0
       1
       0
       0
       1
       1
       1
       0
       2
       1
       0
       1
       0
       3
       1
       0
       2
       0
       2
       1
       1
       0
       1
       0
       0
       0
       0
       1
       0
       0
       1
       0
       0
       0
       2
       0
       2
       1
       1
       0
       1
       0
       0
       3
       3
       0
       0
       0
       0
       2
       1
       0
       2
       2
       1
       2
       3
       0
       0
       0
       1
       0
       0
       0
       0
       3
       3
       0
       1
       0
       0
       0
       0
       0
       0
       0
       2
       1
       1
       1
       0
       1
       1
       0
       1
       1
       0
       1
       0
       1
       1
       2
       2
       1
       1
       1
       0
       1
       0
       0
       0
       0
       1
       0
       0
       1
       1
       3
       0
       1
       0
       1
       0
       0
       1
       1
       0
       2
       2
       0
       1
       1
       1
       2
       0
       0
       0
       1
       1
       0
       0
       0
       0
       1
       0
       0
       2
       0
       1
       2
       0
       0
       0
       1
       0
       0
       0
       0
       0
       0
       1
       0
       0
       1
       2
       2
       0
       1
       1
       1
       0
       0
       1
       2
       1
       0
       0
       0
       1
       0
       1
       0
       0
       0
       0
       0
       1
       3
       0
       1
       1
       0
       2
       0
       0
       0
       1
       2
       1
       0
       1
       0
       0
       1
       0
       1
       3
       1
       2
       0
       1
       1
       0
       1
       1
       1
       0
       0
       0
       0
       0
       0
       1
       1
       0
       0
       1
       0
       0
       0
       0
       1
       0
       0
       0
       0
       0
       1
       2
       2
       0
       2
       1
       0
       1
       0
       0
       0
       0
       2
       1
       0
       0
       1
       0
       3
       2
       0
       2
       0
       0
       0
       0
       0
       1
       0
       0
       3
       2
       0
       0
       1
       0
       3
       1
       1
       1
       0
       2
       0
       0
       1
       2
       0
       1
       0
       0
       0
       0
       2
       0
       1
       0
       0
       2
       0
       0
       2
       0
       0
       0
       1
       1
       0
       1
       1
       0
       0
       1
       0
       0
       0
       0
       2
       0
       0
       1
       1
       0
       0
       0
       2
       0
       1
       2
       1
       0
       0
       1
       0
       0
       2
       1
       0
       0
       0
       1
       0
       2
       1
       1
       0
       1
       1
       2
       1
       4
       0
       0
       1
       2
       2
       0
       1
       0
       2
       1
       0
       2
       0
       1
       2
       0
       0
       1
       0
       0
       0
       0
       0
       0
       0
       0
       0
       1
       3
       0
       0
       0
       1
       1
       0
       0
       1
       1
       1
       0
       1
       0
       2
       1
       1
       1
       0
       0
       0
       0
       0
       1
       0
       2
       0
       0
       5
       0
       0
       0
       0
       0
       0
       1
       0
       2
       2
       1
       2
       1
       0
       0
       1
       0
       1
       0
       0
       0
       2
       0
       0
       1
       1
       2
       0
       1
       1
       2
       1
       0
       0
       0
       0
       0
       1
       0
       0
       0
       1
       0
       1
       1
       0
       1
       1
       0
       2
       1
       0
       0
       2
       0
       0
       0
       1
       0
       1
       0
       0
       2
       1
       0
       0
       0
       0
       0
       1
       0
       1
       1
       2
       2
       1
       1
       0
       1
       0
       1
       0
       0
       0
       1
       1
       2
       0
       1
       0
       0
       1
       2
       1
       1
       4
       1
       1
       0
       0
       1
       0
       2
       0
       1
       1
       2
       2
       1
       1
       1
       2
       1
       0
       1
       1
       0
       2
       0
       0
       4
       2
       1
       0
       0
       2
       2
       0
       2
       1
       0
       0
       0
       1
       0
       1
       0
       1
       0
       1
       1
       1
       2
       1
       3
       0
       1
       4
       7
       2
       0
       2
       5
       3
       0
       3
       0
       0
       1
       0
       2
       0
       1
       1
       2
       0
       1
       3
       1
       1
       3
       1
       0
       0
       0
       1
       1
       0
       0
       0
       1
       3
       0
       1
       0
       1
       0
       3
       0
       2
       0
       0
       0
       0
       0
       0
       1
       1
       0
       0
       1
       0
       1
       0
       0
       0
       1
       1
       1
       0
       3
       0
       0
       2
       0
       1
       0
       0
       0
       2
       1
       0
       0
       1
       0
       1
       0
       0
       0
       2
       0
       1
       0
       0
       3
       2
       1
       1
       0
       1
       2
       2
       1
       0
       0
       0
       2
       1
       0
       1
       0
       0
       0
       1
       0
       1
       0
       1
       0
       0
       0
       0
       0
       1
       0
       1
       0
       0
       1
       0
       0
       0
       0
       0
       0
       0
       1
       1
       0
       0
       1
       1
       1
       0
       1
       0
       1
       0
       1
       1
       0
       0
       1
       3
       0
       1
       0
       2
       3
       0
       1
       1
       1
       0
       0
       1
       2
       2
       0
       0
       0
       1
       2
       1
       1
       1
       0
       1
       0
       0
       1
       0
       0
       2
       1
       1
       1
       2
       1
       0
       2
       3
       2
       1
       1
       2
       0
       0
       0
       0
       3
       2
       0
       3
       1
       0
       0
       1
       0
       2
       3
       2
       1
       0
       0
       0
       1
       3
       0
       0
       1
       0
       1
       0
       4
       0
       0
       0
       0
       3
       0
       1
       3
       1
       1
       2
       3
       2
       2
       2
       1
       1
       0
       1
       1
       0
       1
       1
       1
       0
       1
       0
       2
       0
       0
       0
       0
       1
       2
       0
       1
       1
       0
       1
       0
       2
       0
       2
       0
       0
       1
       1
       1
       1
       2
       1
       2
       2
       0
       1
       0
       0
       0
       0
       0
       0
       0
       2
       1
       1
       0
       0
       1
       0
       0
       1
       1
       0
       1
       0
       0
       1
       0
       0
       1
       0
       1
       0
       0
       0
       0
       0
       0
       0
       1
       2
       1
       0
       1
       0
       1
       1
       0
       0
       0
       0
       0
       0
       0
       1
       0
       0
       0
       0
       1
       0
       0
       0
       0
       0
       0
       0
       1
       0
       1
       1
       2
       1
       1
       1
       0
       1
       1
       1
       0
       1
       0
       0
       2
       0
       0
       1
       1
       0
       2
       0
       0
       1
       0
       1
       1
       3
       0
       0
       1
       0
       2
       0
       1
       0
       2
       0
       0
       1
       0
       0
       0
       0
       0
       2
       2
       0
       0
       2
       0
       0
       1
       0
       0
       3
       1
       1
       0
       2
       0
       0
       0
       1
       1
       2
       1
       1
       0
       0
       0
       0
       1
       1
       0
       0
       0
       0
       0
       2
       0
       0
       0
       2
       0
       1
       0
       1
       0
       1
       1
       0
       0
       0
       1
       0
       0
       0
       0
       1
       1
       0
       0
       0
       0
       0
       2
       1
       0
       0
       1
       0
       1
       0
       1
       0
       0
       1
       1
       2
       1
       0
       0
       1
       0
       2
       0
       0
       0
       1
       0
       0
       0
       1
       0
       1
       0
       1
       0
       0
       2
       1
       1
       0
       1
       0
       1
       2
       1
       0
       1
       0
       0
       0
       2
       0
       1
       0
       0
       0
       1
       0
       0
       1
       1
       0
       2
       1
       1
       0
       1
       0
       0
       1
       1
       0
       0
       0
       1
       4
       0
       0
       0
       1
       0
       1
       0
       2
       1
       1
       1
       0
       1
       1
       1
       0
       0
       0
       0
       0
       1
       0
       0
       1
       1
       1
       1
       0
       1
       0
       0
       0
       1
       1
       0
       1
       1
       1
       0
       0
       1
       0
       1
       1
       0
       1
       0
       0
       1
       0
       0
       1
       0
       1
       0
       0
       1
       0
       1
       1
       2
       0
       0
       0
       0
       0
       0
       0
       0
       0
       1
       2
       0
       0
       0
       0
       1
       1
       0
       1
       0
       0
       0
       1
       0
       1
       1
       1
       1
       1
       1
       1
       0
       0
       0
       0
       1
       1
       2
       1
       2
       0
       0
       0
       0
       4
       0
       0
       1
       2
       1
       1
       2
       0
       0
       0
       1
       1
       0
       0
       0
       0
       0
       0
       0
       0
       0
       2
       1
       0
       2
       2
       0
       0
       1
       0
       0
       0
       1
       0
       1
       1
       1
       1
       1
       0
       1
       0
       0
       1
       1
       1
       1
       1
       1
       2
       0
       1
       0
       0
       1
       2
       0
       0
       0
       0
       0
       2
       0
       2
       1
       1
       0
       2
       1
       0
       0
       1
       0
       1
       0
       0
       2
       1
       0
       0
       0
       0
       2
       0
       1
       1
       2
       0
       1
       1
       0
       0
       0
       2
       1
       1
       0
       0
       1
       2
       0
       0
       1
       0
       2
       0
       0
       0
       0
       1
       1
       1
       0
       0
       1
       1
       1
       1
       0
       0
       0
       0
       2
       1
       0
       2
       1
       2
       0
       0
       0
       1
       2
       0
       1
       1
       0
       2
       1
       1
       0
       0
       0
       1
       1
       1
       0
       2
       0
       0
       0
       1
       0
       0
       0
       0
       1
       1
       0
       1
       1
       0
       0
       2
       1
       0
       0
       1
       2
       1
       0
       0
       0
       0
       0
       0
       0
       1
       0
       1
       0
       0
       0
       0
       0
       1
       1
       2
       0
       0
       0
       1
       0
       5
       0
       4
       2
       3
       2
       0
       3
       3
       2
       2
       2
       2
       2
       0
       0
       2
       0
       0
       0
       0
       2
       0
       0
       1
       1
       0
       1
       1
       0
       1
       1
       2
       1
       1
       2
       0
       1
       0
       1
       0
       0
       1
       0
       1
       0
       2
       0
       1
       1
       1
       1
       0
       0
       1
       2
       0
       1
       1
       0
       0
       0
       0
       1
       0
       1
       1
       1
       0
       0
       0
       2
       1
       0
       1
       0
       0
       1
       0
       1
       0
       0
       0
       1
       1
       1
       0
       1
       1
       0
       0
       0
       0
       0
       0
       0
       0
       1
       1
       0
       1
       0
       0
       0
       0
       2
       1
       1
       1
       1
       2
       2
       0
       0
       1
       2
       1
       1
       0
       1
       1
       1
       1
       0
       0
       0
       1
       0
       3
       1
       0
       1
       1
       0
       0
       3
       0
       0
       3
       1
       0
       0
       1
       4
       1
       2
       0
       2
       1
       0
       0
       0
       1
       1
       1
       4
       1
       1
       2
       0
       2
       1
       3
       1
       1
       0
       1
       1
       0
       0
       0
       2
       2
       0
       0
       1
       1
       0
       1
       0
       1
       0
       1
       0
       2
       0
       0
       0
       0
       0
       0
       0
       0
       0
       0
       2
       0
       1
       0
       1
       0
       0
       0
       0
       0
       1
       1
       1
       1
       2
       0
       0
       1
       0
       1
       0
       1
       1
       0
       2
       1
       0
       2
       0
       1
       0
       2
       1
       0
       0
       0
       0
       0
       2
       1
       2
       0
       0
       0
       0
       0
       3
       0
       0
       0
       0
       0
       0
       0
       0
       0
       0
       0
       1
       2
       0
       0
       0
       1
       0
       0
       0
       1
       2
       0
       0
       0
       1
       0
       0
       1
       0
       0
       0
       0
       1
       0
       1
       1
       0
       2
       0
       1
       2
       0
       1
       0
       1
       1
       1
       2
       0
       1
       0
       0
       1
       1
       0
       1
       0
       1
       0
       0
       1
       0
       0
       2
       1
       0
       0
       1
       2
       0
       0
       1
       1
       0
       1
       1
       0
       0
       2
       2
       0
       1
       0
       0
       1
       3
       0
       0
       0
       0
       0
       1
       3
       1
       0
       0
       3
       1
       1
       1
       1
       2
       0
       0
       2
       0
       1
       0
       0
       1
       2
       1
       0
       0
       1
       0
       0
       3
       0
       0
       1
       0
       1
       1
       0
       0
       1
       1
       0
       2
       1
       0
       1
       1
       0
       0
       0
       0
       0
       1
       0
       1
       1
       0
       0
       1
       0
       1
       0
       0
       1
       1
       2
       0
       0
       1
       1
       0
       0
       0
       0
       0
       2
       0
       2
       2
       1
       0
       1
       2
       0
       1
       0
       0
       1
       0
       2
       2
       1
       0
       0
       0
       1
       0
       0
       0
       1
       0
       0
       0
       0
       0
       0
       1
       0
       0
       0
       0
       0
       0
       0
       1
       0
       0
       1
       2
       0
       2
       1
       1
       0
       1
       0
       2
       0
       1
       2
       0
       0
       1
       2
       0
       2
       0
       0
       0
       2
       2
       2
       0
       2
       0
       1
       0
       1
       0
       1
       0
       0
       0
       1
       1
       1
       4
       0
       2
       0
       0
       0
       1
       2
       1
       0
       1
       0
       0
       1
       1
       1
       0
       1
       0
       2
       0
       1
       0
       1
       0
       0
       1
       0
       0
       0
       0
       0
       2
       0
       0
       0
       0
       0
       0
       2
       0
       0
       2
       0
       0
       0
       0
       0
       1
       0
       0
       0
       1
       0
       0
       0
       1
       0
       0
       0
       0
       0
       0
       1
       0
       1
       1
       2
       1
       0
       1
       0
       0
       1
       0
       0
       0
       1
       0
       1
       2
       0
       0
       0
       0
       0
       0
       1
       1
       0
       0
       0
       0
       1
       1
       0
       1
       1
       1
       0
       1
       0
       0
       2
       0
       1
       0
       0
       0
       0
       0
       0
       0
       2
       0
       0
       0
       1
       0
       0
       0
       0
       0
       0
       0
       0
       1
       0
       0
       0
       0
       0
       0
       1
       0
       0
       1
       0
       1
       0
       0
       0
       0
       2
       0
       1
       1
       0
       0
       0
       0
       1
       1
       0
       0
       0
       2
       1
       1
       0
       0
       1
       0
       1
       0
       0
       0
       1
       1
       0
       0
       0
       1
       0
       0
       1
       0
       0
       0
       0
       0
       0
       0
       0
       0
       0
       0
       0
       0
       0
       0
       0
       1
       1
       0
       1
       1
       1
       0
       0
       2
       0
       0
       0
       1
       0
       1
       1
       1
       0
       0
       0
       0
       0
       0
       1
       0
       0
       0
       1
       0
       0
       1
       2
       1
       0
       2
       2
       2
       0
       0
       0
       1
       0
       0
       0
       0
       3
       0
       0
       0
       0
       0
       1
       0
       0
       1
       0
       1
       0
       0
       2
       0
       1
       0
       0
       0
       0
       0
       0
       0
       0
       0
       1
       0
       0
       0
       1
       1
       0
       2
       1
       0
       0
       0
       1
       0
       1
       0
       0
       0
       0
       1
       0
       0
       1
       0
       0
       1
       2
       0
       0
       0
       0
       1
       0
       1
       1
       2
       0
       1
       0
       0
       0
       1
       0
       0
       1
       0
       3
       0
       3
       0
       0
       0
       0
       0
       0
       0
       0
       0
       0
       0
       0
       0
       0
       0
       0
       0
       1
       0
       2
       0
       0
       0
       0
       1
       0
       1
       0
       0
       0
       0
       0
       0
       0
       1
       1
       0
       0
       0
       0
       0
       0
       0
       0
       0
       0
       0
       0
       0
       0
       1
       0
       0
       2
       0
       0
       1
       0
       0
       2
       1
       0
       1
       0
       0
       0
       0
       0
       0
       0
       0
       0
       0
       0
       1
       0
       0
       0
       0
       0
       0
       0
       0
       1
       0
       0
       0
       1
       0
       0
       0
       0
       0
       0
       0
       0
       0
       2
       0
       0
       0
       0
       0
       0
       0
       2
       1
       1
       1
       0
       0
       0
       0
       1
       2
       1
       0
       0
       0
       0
       0
       0
       0
       0
       1
       0
       0
       0
       0
       0
       0
       0
       0
       0
       0
       0
       0
       1
       0
       0
       1
       0
       0
       0
       0
       0
       0
       0
       0
       1
       1
       0
       1
       0
       0
       0
       0
       0
       0
       1
       0
       0
       1
       0
       0
       1
       0
       0
       2
       1
       0
       0
       0
       0
       0
       1
       0
       0
       0
       0
       1
       0
       0
       0
       0
       0
       0
       0
       0
       1
       1
       0
       0
       0
       0
       0
       0
       0
       1
       0
       0
       1
       0
       1
       0
       1
       1
       1
       1
       0
       0
       0
       0
       1
       0
       3
       1
       0
       0
       1
       0
       0
       3
       0
       0
       0
       0
       0
       0
       0
       1
       0
       0
       0
       0
       0
       2
       0
       2
       0
       0
       0
       0
       0
       0
       0
       1
       2
       0
       0
       0
       0
       0
       0
       0
       0
       0
       0
       0
       0
       0
       1
       0
       0
       0
       2
       0
       0
       0
       0
       0
       0
       0
       0
       0
       1
       0
       1
       0
       0
       0
       1
       0
       1
       0
       1
       0
       0
       0
       0
       0
       0
       0
       1
       1
       0
       0
       0
       0
       1
       0
       0
       0
       0
       0
       0
       0
       0
       0
       1
       0
       0
       1
       0
       0
       1
       0
       0
       0
       0
       0
       0
       0
       1
       0
       0
       0
       0
       0
       1
       1
       0
       1
       0
       1
       0
       0
       0
       1
       0
       1
       0
       1
       1
       0
       0
       0
       0
       0
       1
       0
       0
       0
       1
       0
       0
       1
       0
       1
       0
       0
       0
       0
       0
       1
       1
       0
       0
       0
       1
       0
       0
       0
       0
       0
       0
       0
       0
       0
       0
       0
       1
       0
       0
       0
       0
       0
       0
       0
       0
       0
       0
       0
       0
       0
       1
       0
       1
       0
       0
       1
       1
       0
       0
       0
       0
       0
       0
       0
       0
       0
       0
       0
       0
       1
       0
       0
       0
       0
       0
       0
       0
       0
       0
       0
       0
       1
       0
       0
       0
       1
       0
       0
       0
       0
       1
       0
       0
       0
       0
       0
       0
       0
       0
       0
       1
       0
       0
       0
       0
       0
       0
       0
       0
       0
       0
       0
       0
       0
       0
       1
       1
       0
       0
       0
       1
       0
       0
       0
       1
       0
       1
       0
       0
       0
       0
       0
       0
       0
       0
       0
       0
       0
       1
       0
       1
       0
       0
       0
       0
       0
       0
       0
       0
       1
       0
       0
       2
       1
       0
       0
       0
       0
       0
       0
       0
       0
       0
       0
       0
       0
       0
       0
       0
       0
       0
       0
       0
       0
       1
       0
       1
       1
       0
       1
       0
       0
       0
       0
       0
       0
       1
       3
       3
       1
       2
       8
       5
       8
      14
      11
      19
      24
      17
      15
      11
      11
      10
       5
       8
       4
       2
       2
       1
       2
       0
       0
       0
       0
       0
       0
       0
       0
       0
       0
       0
       0
       0
       1
       0
       0
       0
       0
       1
       0
       0
       0
       0
       0
       0
       0
       0
       0
       0
       0
       0
       0
       0
       0
       0
       0
       0
       0
       0
       1
       0
       0
       0
       0
       0
       0
       0
       0
       0
       0
       0
       0
       0
       0
       0
       0
       0
       0
       0
       0
       0
       0
       0
       0
       0
       0
       1
       0
       0
       0
       1
       0
       0
       0
       0
       0
       0
       0
       0
       0
       0
       0
       0
       0
       0
       0
       0
       1
       0
       1
       0
       2
       0
       0
       0
       0
       0
       1
       0
       0
       0
       0
       1
       0
       0
       0
       0
       0
       0
       0
       0
       0
       0
       0
       0
       0
       0
       0
       0
       0
       1
       0
       0
       0
       0
       0
       0
       2
       0
       0
       0
       2
       0
       0
       0
       0
       0
       0
       0
       0
       0
       0
       1
       0
       0
       0
       0
       0
       0
       0
       0
       0
       0
       0
       0
       0
       0
       0
       0
       0
       0
       0
       1
       0
       0
       0
       1
       0
       0
       0
       0
       0
       0
       0
       0
       0
       0
       0
       0
       0
       1
       0
       0
       0
       1
       0
       0
       0
       0
       1
       0
       0
       0
       0
       1
       0
       0
       0
       0
       0
       0
       0
       0
       0
       0
       0
       0
       0
       1
       0
       0
       0
       0
       0
       0
       0
       0
       1
       0
       0
       0
       0
       0
       0
       0
       1
       0
       0
       0
       0
       0
       0
       0
       0
       0
       0
       0
       0
       0
       0
       0
       0
       0
       0
       0
       0
       0
       1
       1
       0
       0
       0
       0
       0
       0
       0
       0
       0
       0
       1
       1
       0
       1
       0
       0
       0
       0
       0
       0
       0
       0
       0
       0
       0
       0
       0
       0
       0
       0
       0
       0
       0
       0
       0
       0
       1
       0
       0
       0
       1
       0
       1
       0
       1
       0
       0
       0
       0
       1
       1
       1
       0
       0
       0
       0
       0
       0
       0
       0
       0
       0
       0
       0
       0
       0
       0
       0
       0
       0
       0
       1
       0
       0
       0
       0
       0
       0
       0
       0
       0
       0
       0
       1
       0
       0
       0
       0
       1
       0
       0
       0
       0
       0
       0
       0
       0
       0
       0
       0
       0
       0
       0
       0
       0
       0
       0
       0
       1
       0
       1
       0
       2
       1
       0
       1
       0
       0
       0
       0
       0
       0
       0
       0
       0
       0
       0
       0
       0
       0
       0
       0
       0
       0
       0
       0
       0
       0
       0
       0
       0
       0
       0
       1
       0
       0
       0
       0
       0
       0
       0
       0
       0
       0
       0
       0
       0
       0
       0
       0
       0
       1
       0
       2
       0
       0
       0
       0
       0
       0
       0
       0
       0
       0
       0
       0
       0
       1
       1
       0
       0
       1
       0
       0
       0
       1
       0
       0
       0
       0
       0
       0
       0
       0
       0
       1
       0
       0
       0
       0
       0
       0
       0
       0
       0
       0
       1
       0
       0
       0
       0
       0
       0
       0
       1
       1
       1
       0
       0
       0
       0
       0
       0
       0
       0
       0
       0
       0
       0
       0
       0
       0
       0
       0
       0
       0
       0
       0
       1
       1
       0
       0
       0
       1
       0
       0
       0
       0
       0
       0
       0
       0
       0
       0
       0
       0
       0
       1
       1
       0
       0
       0
       0
       0
       1
       0
       1
       0
       0
       0
       1
       1
       0
       0
       0
       1
       1
       1
       0
       0
       0
       0
       0
       0
       0
       0
       0
       0
       1
       0
       0
       1
       0
       0
       0
       0
       0
       0
       0
       0
       0
       0
       0
       0
       0
       0
       0
       0
       0
       0
       0
       0
       0
       0
       0
       0
       0
       1
       0
       0
       0
       0
       0
       0
       0
       0
       0
       0
       0
       0
       0
       0
       0
       0
       1
       1
       0
       0
       0
       0
       1
       0
       0
       0
       0
       0
       1
       0
       0
       0
       0
       0
       0
       1
       0
       0
       0
       0
       0
       0
       0
       0
       0
       0
       0
       1
       0
       0
       0
       0
       0
       0
       0
       0
       0
       0
       0
       0
       1
       0
       0
       0
       0
       0
       0
       1
       1
       0
       0
       0
       0
       0
       0
       0
       0
       0
       0
       0
       0
       0
       0
       0
       0
       0
       0
       1
       0
       0
       0
       0
       0
       0
       0
       0
       0
       0
       0
       0
       0
       0
       2
       0
       0
       0
       0
       0
       0
       0
       0
       0
       0
       1
       0
       1
       0
       0
       0
       0
       0
       0
       0
       0
       0
       0
       0
       0
       0
       0
       0
       0
       0
       0
       0
       1
       0
       3
       0
       0
       0
       0
       0
       0
       0
       0
       0
       0
       0
       1
       0
       0
       0
       0
       0
       0
       0
       0
       0
       0
       0
       0
       0
       0
       0
       0
       0
       0
       0
       0
       0
       0
       0
       0
       0
       0
       0
       0
       0
       0
       0
       1
       0
       0
       0
       0
       0
       0
       0
       0
       0
       0
       0
       0
       0
       0
       0
       0
       0
       0
       0
       0
       0
       1
       0
       0
       0
       0
       0
       0
       0
       1
       0
       0
       0
       0
       0
       0
       0
       0
       0
       0
       0
       0
       0
       0
       0
       0
       1
       0
       0
       0
       0
       0
       0
       0
       0
       0
       0
       0
       0
       0
       0
       0
       1
       0
       0
       0
       0
       0
       0
       0
       0
       0
       0
       0
       0
       0
       0
       0
       0
       0
       0
       0
       0
       0
       0
       0
       0
       0
       0
       0
       0
       0
       0
       0
       0
       0
       1
       0
       0
       0
       0
       0
       0
       0
       0
       0
       0
       0
       0
       1
       1
       0
       0
       0
       0
       0
       0
       0
       0
       0
       0
       0
       0
       0
       0
       0
       0
       1
       0
       0
       0
       0
       0
       1
       0
       0
       0
       0
       0
       0
       0
       0
       0
       0
       0
       0
       0
       0
       0
       0
       0
       0
       0
       0
       0
       0
       0
       0
       0
       0
       0
       0
       0
       0
       0
       0
       0
       0
       0
       0
       0
       0
       0
       0
       0
       0
       0
       0
       0
       0
       0
       0
       0
       0
       0
       0
       0
       1
       0
       1
       1
       0
       0
       0
       0
       0
       0
       0
       0
       0
       0
       0
       0
       0
       0
       0
       0
       0
       0
       0
       0
       0
       0
       0
       0
       0
       0
       0
       0
       0
       0
       0
       0
       0
       0
       0
       0
       1
       0
       0
       0
       0
       0
       0
       0
       0
       0
       0
       0
       0
       0
       0
       0
       0
       0
       0
       0
       0
       0
       0
       0
       0
       0
       0
       0
       0
       0
       0
       0
       0
       0
       0
       0
       0
       0
       0
       0
       0
       0
       0
       0
       0
       0
       0
       2
       0
       0
       0
       0
       0
       0
       0
       0
       0
       0
       0
       0
       0
       0
       0
       0
       0
       0
       1
       0
       0
       0
       0
       1
       0
       1
       0
       0
       0
       0
       0
       0
       0
       0
       0
       0
       0
       0
       0
       0
       0
       0
       1
       0
       0
       0
       0
       0
       0
       0
       0
       0
       0
       0
       0
       0
       0
       0
       0
       0
       0
       0
       0
       0
       0
       0
       0
       0
       0
       0
       0
       0
       0
       1
       0
       1
       0
       0
       0
       1
       0
       0
       0
       0
       0
       0
       0
       0
       0
       0
       0
       0
       0
       0
       0
       0
       0
       0
       0
       0
       0
       0
       0
       0
       0
       0
       0
       0
       0
       0
       0
       0
       0
       0
       0
       0
       0
       0
       0
       0
       0
       0
       0
       0
       0
       0
       0
       0
       0
       0
       0
       0
       0
       0
       0
       0
       0
       0
       1
       0
       0
       1
       0
       0
       0
       0
       0
       1
       1
       1
       1
       1
       0
       3
       5
       1
       2
       0
       0
       2
       1
       1
       0
       0
       1
       0
       0
       1
       1
       0
       0
       0
       0
       0
       0
       0
       0
       0
       0
       0
       0
       0
       0
       0
       0
       0
       0
       0
       0
       0
       0
       0
       0
       0
       0
       0
       0
       0
       0
       0
       0
       0
       0
       0
       0
       1
       0
       0
       0
       0
       0
       0
       0
       1
       0
       0
       0
       0
       0
       0
       0
       0
       0
       2
       0
       0
       0
       0
       0
       0
       0
       0
       0
       0
       0
       0
       0
       1
       0
       0
       0
       0
       0
       0
       0
       0
       0
       1
       0
       0
       0
       0
       0
       0
       0
       0
       0
       1
       0
       0
       0
       0
       0
       0
       0
       0
       0
       0
       0
       0
       0
       0
       0
       0
       0
       0
       0
       1
       0
       0
       0
       0
       0
       1
       0
       0
       0
       0
       0
       0
       1
       0
       0
       0
       0
       0
       0
       0
       0
       0
       0
       0
       0
       0
       0
       0
       1
       0
       1
       0
       0
       0
       0
       0
       0
       0
       0
       0
       0
       0
       0
       0
       0
       1
       0
       0
       1
       0
       0
       0
       0
       0
       0
       0
       0
       0
       0
       0
       0
       0
       0
       0
       0
       0
       0
       0
       0
       0
       0
       0
       0
       0
       0
       0
       0
       0
       0
       0
       0
       0
       0
       0
       0
       0
       0
       0
       0
       0
       0
       0
       0
       0
       0
       0
       0
       0
       0
       0
       0
       0
       0
       0
       0
       0
       0
       0
       0
       0
       0
       0
       0
       0
       0
       0
       0
       0
       0
       0
       0
       0
       0
       0
       0
       0
       0
       0
       1
       0
       0
       0
       0
       0
       0
       0
       0
       0
       0
       0
       0
       0
       0
       0
       0
       0
       1
       0
       0
       0
       0
       0
       0
       0
       0
       0
       0
       1
       0
       1
       0
       0
       0
       0
       0
       0
       0
       0
       0
       0
       0
       0
       0
       0
       0
       0
       0
       0
       0
       0
       0
       0
       0
       0
       0
       0
       0
       0
       0
       1
       0
       0
       2
       0
       0
       0
       0
       0
       0
       0
       0
       0
       0
       0
       1
       0
       0
       0
       1
       1
       0
       0
       0
       0
       0
       0
       0
       1
       0
       0
       0
       0
       0
       0
       0
       0
       0
       0
       0
       0
       0
       0
       0
       0
       0
       0
       0
       0
       0
       0
       0
       0
       0
       0
       0
       0
       0
       0
       0
       0
       0
       0
       1
       0
       0
       0
       0
       0
       0
       0
       0
       0
       0
       0
       0
       0
       0
       1
       0
       0
       0
       0
       0
       0
       0
       0
       0
       0
       0
       0
       0
       0
       0
       0
       0
       0
       0
       0
       0
       0
       1
       0
       0
       0
       0
       0
       0
       0
       0
       0
       0
       0
       0
       0
       0
       0
       0
       0
       0
       0
       0
       0
       0
       0
       0
       0
       0
       0
       0
       1
       0
       0
       0
       0
       0
       1
       0
       0
       0
       0
       0
       0
       0
       0
       0
       1
       0
       0
       0
       0
       0
       0
       0
       0
       0
       0
       0
       0
       0
       0
       0
       1
       0
       0
       0
       0
       0
       0
       0
       0
       0
       0
       0
       0
       0
       0
       0
       0
       0
       0
       0
       0
       0
       0
       0
       0
       1
       0
       0
       0
       1
       0
       0
       0
       0
       0
       0
       0
       0
       0
       0
       0
       0
       0
       0
       0
       0
       0
       0
       1
       0
       0
       0
       0
       0
       0
       0
       0
       0
       0
       0
       0
       0
       0
       0
       0
       0
       0
       0
       0
       0
       1
       0
       0
       0
       0
       0
       0
       0
       0
       0
       0
       1
       1
       0
       0
       0
       0
       0
       0
       0
       0
       0
       0
       0
       0
       0
       0
       0
       0
       0
       0
       0
       0
       0
       0
       0
       0
       0
       0
       0
       0
       0
       0
       0
       0
       0
       0
       0
       0
       0
       0
       0
       0
       0
       0
       0
       0
       0
       0
       0
       0
       0
       0
       0
       0
       0
       0
       0
       0
       0
       0
       0
       0
       0
       1
       0
       0
       0
       0
       0
       0
       0
       0
       0
       0
       0
       0
       0
       0
       0
       0
       0
       0
       0
       0
       0
       0
       0
       0
       0
       0
       0
       0
       1
       0
       0
       0
       0
       0
       0
       0
       0
       0
       0
       0
       1
       0
       0
       0
       0
       0
       1
       1
       0
       0
       0
       0
       0
       0
       0
       0
       0
       0
       0
       1
       0
       0
       0
       0
       0
       0
       0
       0
       0
       0
       0
       1
       0
       0
       0
       0
       0
       0
       0
       0
       0
       0
       0
       0
       0
       0
       0
       0
       0
       0
       0
       0
       0
       0
       0
       0
       0
       0
       0
       0
       0
       0
       0
       0
       0
       1
       0
       0
       0
       0
       0
       0
       1
       0
       0
       0
       0
       0
       0
       0
       0
       0
       0
       1
       0
       0
       0
       0
       0
       0
       0
       0
       0
       0
       0
       0
       0
       0
       0
       0
       0
       0
       0
       0
       0
       0
       0
       0
       0
       0
       0
       0
       0
       0
       1
       0
       0
       0
       0
       0
       0
       0
       0
       0
       0
       0
       0
       0
       0
       0
       1
       1
       0
       0
       0
       0
       0
       0
       0
       1
       0
       0
       0
       0
       0
       0
       0
       0
       0
       0
       1
       0
       1
       0
       0
       0
       0
       0
       0
       0
       0
       0
       0
       0
       0
       0
       0
       0
       0
       0
       1
       0
       0
       0
       0
       0
       0
       0
       0
       0
       0
       0
       0
       0
       0
       0
       0
       0
       0
       1
       0
       0
       0
       0
       0
       0
       0
       0
       0
       0
       0
       0
       0
       0
       0
       0
       0
       0
       0
       0
       0
       0
       0
       0
       0
       0
       0
       0
       0
       0
       0
       0
       0
       1
       0
       0
       0
       0
       0
       0
       0
       0
       0
       0
       0
       0
       0
       0
       1
       0
       0
       0
       0
       0
       0
       0
       0
       0
       0
       0
       0
       0
       0
       0
       0
       0
       0
       0
       0
       0
       0
       0
       0
       0
       0
       0
       0
       0
       0
       0
       0
       0
       0
       0
       0
       0
       0
       0
       0
       0
       0
       0
       0
       0
       0
       0
       0
       0
       0
       0
       0
       0
       0
       0
       0
       0
       0
       0
       0
       0
       0
       0
       0
       0
       0
       0
       0
       0
       0
       0
       0
       1
       0
       0
       0
       0
       0
       0
       0
       0
       0
       0
       0
       0
       0
       0
       0
       0
       0
       0
       0
       1
       0
       0
       0
       0
       0
       0
       0
       0
       0
       0
       0
       0
       0
       0
       0
       0
       0
       0
       0
       0
       0
       0
       0
       0
       0
       0
       0
       0
       0
       0
       0
       0
       0
       0
       0
       0
       0
       0
       0
       0
       0
       0
       0
       0
       0
       0
       0
       0
       0
       0
       0
       0
       0
       0
       0
       0
       0
       0
       0
       0
       0
       0
       0
       0
       0
       0
       1
       0
       0
       0
       0
       0
       0
       0
       0
       0
       0
       0
       0
       0
       0
       0
       0
       0
       0
       0
       0
       0
       0
       0
       0
       0
       0
       0
       0
       0
       0
       0
       0
       0
       0
       1
       0
       0
       0
       0
       0
       0
       0
       0
       0
       0
       0
       0
       0
       0
       0
       0
       0
       0
       0
       0
       0
       0
       0
       0
       0
       0
       0
       0
       0
       0
       0
       0
       0
       0
       0
       0
       0
       0
       0
       0
       0
       0
       0
       0
       0
       0
       0
       0
       0
       0
       0
       0
       0
       0
       0
       0
       0
       0
       0
       0
       0
       1
       0
       0
       0
       0
       0
       0
       0
       0
       0
       0
       0
       0
       0
       0
       0
       0
       0
       0
       0
       0
       0
       0
       1
       0
       0
       0
       0
       0
       0
       0
       0
       0
       0
       0
       0
       0
       0
       0
       0
       0
       0
       0
       0
       0
       0
       0
       0
       0
       0
       1
       0
       0
       0
       0
       0
       0
       1
       0
       0
       0
       0
       0
       0
       0
       0
       0
       0
       0
       0
       0
       0
       0
       0
       0
       0
       0
       0
       0
       0
       1
       1
       0
       0
       0
       0
       0
       0
       0
       1
       0
       0
       0
       0
       0
       0
       0
       0
       0
       0
       0
       1
       0
       0
       0
       0
       0
       0
       0
       0
       0
       0
       0
       0
       1
       0
       0
       0
       0
       0
       0
$ROI:
11
224 244
765 907
1350 1411
1828 1908
2525 2667
2716 2799
3716 3817
4331 4427
4564 4622
5085 5259
5690 5768
$PRESETS:
Live Time
200
0
$ENER_FIT:
0.053689 0.255148
$MCA_CAL:
3
5.368913E-002 2.551478E-001 -1.853380E-009 keV
$SHAPE_CAL:
3
6.992400E+000 7.812671E-004 -3.508660E-008
