$SPEC_ID:
No sample description was entered.
$SPEC_REM:
DET# 1
DETDESC# GMX20P4 HPGe
AP# Maestro Version 7.01
$DATE_MEA:
11/23/2018 15:10:22
$MEAS_TIM:
200 201
$DATA:
0 8191
       0
       0
       0
       0
       0
       0
       0
       0
       0
       0
       0
       0
       0
       0
       0
       0
       0
       0
       0
       0
       0
       0
       0
       0
       0
       0
       0
       0
       0
       0
       0
       0
       0
       0
       0
       0
       0
       0
       0
       0
       0
       0
       0
       0
       0
       0
       0
       0
       2
      21
      42
      68
      81
      63
      64
      71
      79
      68
      66
      85
      76
      59
      57
      60
      65
      74
      70
      72
      60
      74
      61
      62
      61
      78
      60
      65
      76
      86
      84
      80
      83
      83
      88
      95
      83
      73
      97
      89
      91
      86
      98
      95
      72
      92
      91
      97
      79
      96
      88
      84
      85
      75
      81
      73
      95
     107
      98
      86
      90
      94
     124
     114
     121
     105
     124
     133
     144
     162
     171
     187
     248
     322
     395
     486
     494
     490
     508
     435
     344
     257
     184
     150
     135
     111
      92
     101
      98
     101
     127
     147
     176
     213
     204
     156
     157
     177
     130
     127
     115
      96
      72
      76
      76
      74
      68
      56
      56
      57
      72
      75
      61
      70
      60
      59
      62
      71
      62
      61
      52
      68
      66
      66
      59
      79
      67
      72
      65
      62
      59
      61
      64
      69
      80
      81
      52
      66
      52
      71
      67
      60
      67
      70
      63
      65
      58
      59
      55
      60
      67
      68
      66
      77
      74
      72
      80
      74
      71
      70
      60
      78
      73
      77
      80
      80
      74
      83
      67
      79
      76
      73
      68
      72
      89
      61
      69
      77
      88
      66
      73
      82
      55
      80
      83
      82
      85
      70
      69
      74
      89
      88
      82
      72
      73
      76
      76
      80
      70
      82
      75
      73
      89
      71
      89
      87
      73
      75
     106
      89
      84
      95
      74
      79
      78
      93
      94
      85
      92
      77
      72
      96
      78
      87
      72
     107
      82
      85
      81
      81
      94
      92
      86
      78
      90
      89
      76
      66
      85
      87
      95
      90
      84
      88
      84
      83
      99
      80
     100
      81
      70
      76
      82
      97
      67
      71
      79
      86
      93
     110
      85
     100
      76
      99
      68
      79
      88
      89
      86
      88
      78
      82
      86
      83
      83
      85
      87
      87
      78
      98
      74
      72
      85
      73
      85
      91
      83
      95
      78
      88
      90
      91
      90
      97
      85
      88
      78
      79
     100
      68
      92
      93
      79
      65
      85
      95
      89
      94
      85
      68
      78
      78
      92
      86
     102
      69
      73
     101
      91
      93
      86
      80
      82
      88
      90
      82
      83
      76
      90
      98
      70
      90
      83
      69
      82
      91
      70
      80
      97
      81
      74
      82
      83
      92
      90
      60
      91
      95
      74
      76
      80
      86
      75
      76
      90
      67
      90
      80
      81
      91
      71
      89
      82
      71
      79
      75
     103
      87
      77
      92
      74
     102
      87
      91
      94
      92
      74
      85
      71
      66
      83
      82
      89
      84
      81
      88
      86
      87
      82
      95
      70
      68
      76
      89
      82
      74
     112
      78
      80
      97
      79
      78
      82
      89
      83
      93
      92
      97
      85
      81
      87
      94
      69
      81
      86
      91
      83
      82
      86
     100
      92
      85
      90
      77
      69
      75
      78
      76
      78
     100
      90
      72
      84
      76
      84
      89
      94
      91
      88
      80
      72
      79
      79
      75
     111
      84
      83
      76
      91
      74
      79
      77
      80
      92
      78
     101
      90
      89
      86
      81
      83
      91
     104
      82
      75
      92
      88
      91
      76
      76
      71
      88
      92
      73
      75
      88
      83
      69
      86
      76
      82
      68
      79
      68
      96
      72
      86
      79
      81
      82
      92
      70
      75
      77
      79
      69
      83
      71
      71
      88
      79
      74
      72
      83
      80
      81
      90
      79
      83
      70
      70
      70
      80
      71
      72
      74
      83
      64
      89
      80
      79
      72
      74
      67
      82
      77
      72
      84
      67
      70
      68
      71
      66
      73
      73
      95
      88
      72
      83
      56
      83
      72
      81
      84
      74
      60
      73
      86
      86
      62
      59
      91
      72
      77
      78
      72
      68
      75
      74
      89
      83
      65
      67
      84
      79
      62
      66
      73
      67
      75
      66
      82
      72
      67
      79
      81
      67
      66
      91
      74
      81
      64
      71
      72
      68
      71
      61
      80
      64
      56
      74
      76
      63
      68
      68
      69
      70
      66
      69
      74
      59
      66
      61
      81
      65
      80
      65
      79
      63
      62
      63
      62
      72
      88
      82
      65
      58
      61
      59
      69
      85
      80
      63
      58
      80
      83
      60
      77
      68
      85
      81
      80
      74
      65
      76
      73
      65
      73
      87
      83
      75
      73
      73
      86
      74
      73
      62
      77
      78
      60
      66
      91
      65
      69
      74
      79
      79
      82
      52
      60
      67
      64
      79
      75
      82
      78
      76
      71
      75
      70
      75
      84
      91
      97
      78
      99
      94
      97
     101
      85
      90
      98
     123
     117
      93
     100
     103
      88
     107
      79
      80
     103
      88
      89
      86
      80
      79
      78
      93
      92
      89
      77
      73
      88
      73
      88
      74
      94
      80
      72
      74
      84
      95
      77
      79
      73
      73
      67
      63
      87
      76
      74
      75
      68
      87
      78
      61
      81
      68
      70
      76
      74
      93
      75
      83
      49
      72
      82
      77
      83
      61
      77
      68
      58
      86
      76
      74
      70
      91
      66
      74
      68
      71
      78
      79
      70
      78
      67
      77
      62
      70
      76
      66
      72
      75
      63
      78
      75
      78
      68
      73
      77
      59
      63
      78
      68
      71
      74
      72
      83
      72
      84
      80
      64
      67
      62
      69
      79
      73
      65
      71
      82
      88
      72
      57
      54
      63
      83
      95
      68
      69
      70
      71
      61
      82
      62
      70
      70
      59
      74
      63
      62
      73
      63
      61
      79
      79
      73
      94
      58
      59
      81
      78
      72
      62
      75
      82
      66
      67
      81
      74
      63
      64
      83
      72
      64
      83
      86
      84
      61
      76
      81
      78
      66
      71
      72
      66
      74
      59
      60
      56
      56
      65
      63
      65
      69
      73
      72
      63
      75
      77
      72
      66
      67
      61
      80
      65
      65
      57
      79
      62
      64
      71
      73
      61
      71
      59
      65
      61
      73
      79
      83
      67
      89
      70
      79
      67
      80
      72
      73
      82
      68
      71
      68
      75
      69
      59
      68
      80
      60
      80
      63
      81
      84
      89
      77
      71
      73
      63
      73
      71
      66
      71
      54
      51
      67
      67
      75
      69
      56
      70
      77
      66
      67
      65
      66
      69
      66
      71
      62
      63
      61
      52
      68
      63
      58
      54
      57
      63
      72
      69
      54
      51
      66
      65
      66
      68
      72
      73
      63
      60
      51
      65
      65
      45
      64
      56
      66
      58
      59
      64
      60
      78
      58
      82
      66
      72
      80
      81
      63
      60
      76
      58
      72
      74
      64
      53
      65
      65
      80
      76
      56
      53
      62
      60
      57
      59
      60
      65
      76
      52
      59
      56
      58
      57
      63
      64
      65
      63
      62
      62
      54
      62
      57
      67
      70
      54
      56
      62
      59
      59
      62
      55
      69
      69
      55
      50
      62
      57
      57
      70
      53
      56
      58
      55
      46
      64
      48
      59
      62
      47
      60
      60
      70
      53
      62
      61
      65
      60
      50
      59
      69
      61
      47
      58
      56
      52
      61
      54
      71
      56
      57
      67
      65
      63
      45
      64
      50
      54
      58
      44
      54
      44
      60
      63
      47
      52
      66
      51
      55
      63
      47
      53
      47
      61
      47
      60
      69
      54
      56
      48
      51
      48
      65
      50
      51
      71
      64
      66
      36
      58
      54
      64
      64
      54
      57
      50
      57
      51
      55
      48
      56
      49
      39
      56
      52
      58
      52
      57
      68
      54
      64
      64
      52
      65
      48
      60
      54
      56
      74
      48
      45
      46
      54
      53
      61
      43
      50
      66
      64
      63
      66
      60
      64
      54
      53
      63
      54
      45
      50
      47
      53
      57
      64
      50
      59
      63
      59
      55
      36
      56
      52
      54
      52
      64
      42
      61
      62
      52
      44
      56
      45
      58
      56
      54
      54
      35
      62
      51
      61
      54
      51
      55
      49
      48
      45
      54
      44
      49
      57
      48
      58
      68
      59
      54
      37
      61
      52
      53
      48
      48
      38
      52
      55
      48
      57
      59
      58
      49
      62
      41
      60
      47
      44
      44
      42
      50
      53
      42
      61
      48
      50
      45
      43
      52
      56
      48
      36
      39
      41
      53
      53
      50
      54
      55
      43
      44
      46
      61
      44
      50
      43
      44
      55
      58
      56
      66
      58
      38
      54
      54
      47
      47
      60
      51
      48
      56
      60
      56
      58
      44
      64
      47
      57
      52
      49
      51
      46
      54
      43
      52
      50
      36
      62
      49
      35
      57
      51
      47
      68
      42
      51
      53
      38
      42
      59
      55
      54
      55
      46
      53
      44
      46
      57
      56
      64
      56
      45
      55
      52
      45
      56
      39
      38
      44
      50
      52
      53
      40
      59
      57
      47
      51
      45
      60
      56
      51
      54
      51
      60
      52
      57
      48
      57
      51
      60
      52
      54
      59
      40
      63
      47
      46
      54
      55
      41
      52
      53
      62
      59
      65
      48
      54
      59
      65
      69
      62
      53
      62
      59
      58
      35
      44
      33
      48
      58
      49
      50
      54
      38
      50
      68
      64
      39
      49
      47
      47
      51
      46
      56
      57
      58
      51
      58
      41
      49
      45
      64
      41
      51
      54
      50
      51
      59
      35
      57
      46
      46
      60
      46
      57
      43
      57
      49
      67
      54
      58
      43
      59
      50
      56
      51
      66
      40
      49
      36
      56
      46
      66
      61
      50
      55
      52
      44
      47
      59
      56
      50
      47
      58
      51
      56
      54
      50
      52
      51
      41
      58
      68
      33
      68
      62
      58
      55
      44
      53
      42
      53
      55
      54
      63
      42
      57
      78
      57
      57
      50
      57
      51
      47
      56
      63
      60
      64
      52
      55
      56
      50
      45
      64
      63
      68
      57
      66
      63
      62
      48
      54
      44
      59
      50
      56
      39
      45
      56
      46
      53
      53
      48
      78
      56
      48
      48
      58
      43
      55
      55
      56
      51
      46
      55
      55
      63
      52
      54
      60
      55
      53
      51
      64
      51
      55
      64
      45
      48
      57
      50
      62
      62
      56
      62
      59
      40
      46
      58
      57
      45
      46
      64
      44
      54
      51
      60
      54
      53
      56
      53
      37
      48
      54
      44
      54
      53
      56
      57
      56
      48
      57
      44
      43
      51
      71
      58
      68
      63
      38
      59
      58
      58
      55
      54
      50
      50
      50
      59
      57
      63
      57
      54
      39
      48
      52
      65
      50
      54
      53
      57
      61
      58
      50
      57
      53
      67
      69
      54
      66
      67
      47
      63
      67
      52
      61
      51
      51
      65
      58
      41
      62
      62
      55
      48
      55
      48
      53
      64
      50
      46
      64
      60
      57
      75
      55
      56
      62
      59
      61
      55
      62
      57
      69
      58
      57
      66
      53
      69
      78
      46
      49
      64
      69
      59
      49
      58
      67
      64
      63
      55
      66
      70
      60
      42
      58
      71
      73
      68
      66
      68
      56
      63
      72
      63
      60
      71
      51
      57
      57
      58
      54
      70
      59
      67
      57
      67
      57
      62
      61
      76
      61
      60
      69
      68
      65
      72
      68
      51
      66
      58
      49
      66
      61
      78
      57
      68
      64
      64
      61
      69
      74
      78
      66
      63
      52
      73
      63
      68
      71
      62
      68
      54
      63
      70
      74
      80
      68
      67
      63
      79
      74
      59
      68
      64
      83
      68
      74
      77
      69
      62
      76
      70
      62
      82
      67
      75
      81
      67
      64
      70
      63
      63
      63
      65
      58
      68
      57
      81
      53
      58
      80
      66
      62
      72
      68
      78
      63
      77
      62
      73
      84
      99
      74
      77
      59
      82
      64
      82
      63
      70
      54
      84
      61
      74
      81
      78
      72
      68
      66
      60
      71
      76
      65
      64
      74
      68
      73
      71
      72
      80
      59
      62
      82
      79
      84
      74
      82
      90
      79
      85
      65
      86
      83
      73
      74
      69
      69
      80
      88
      67
      72
      70
      71
      99
      75
      92
      69
      72
      56
      88
      93
      87
      77
      80
      78
      77
      70
      78
      74
      82
      75
      64
      88
      80
      74
      86
      74
      77
      56
      70
      64
      91
      75
      67
      83
      80
      69
      67
      66
      59
      57
      58
      68
      84
      62
      66
      68
      53
      63
      64
      42
      58
      56
      62
      50
      44
      53
      49
      52
      47
      45
      47
      27
      58
      44
      56
      46
      37
      41
      49
      43
      53
      39
      37
      46
      43
      38
      42
      37
      46
      49
      52
      57
      46
      44
      46
      35
      41
      44
      38
      48
      42
      33
      32
      31
      36
      35
      39
      31
      36
      46
      35
      43
      43
      32
      35
      35
      35
      43
      35
      36
      34
      26
      40
      47
      36
      40
      31
      30
      40
      34
      35
      34
      42
      49
      44
      37
      39
      37
      24
      38
      39
      34
      33
      32
      38
      40
      32
      37
      31
      35
      36
      35
      29
      28
      39
      30
      25
      39
      36
      39
      30
      30
      24
      38
      27
      32
      25
      22
      31
      36
      45
      26
      38
      31
      23
      30
      34
      28
      29
      28
      26
      26
      32
      37
      35
      32
      37
      25
      44
      31
      27
      20
      25
      32
      23
      28
      31
      26
      34
      24
      27
      30
      25
      26
      33
      26
      27
      23
      30
      27
      22
      25
      38
      23
      22
      31
      16
      27
      31
      29
      31
      20
      32
      33
      27
      28
      23
      24
      21
      22
      30
      27
      22
      27
      18
      22
      25
      22
      30
      29
      18
      24
      17
      20
      20
      23
      18
      20
      17
      27
      15
      24
      21
      22
      26
      27
      22
      17
      22
      25
      20
      21
      22
      24
      21
      26
      15
      24
      15
      25
      13
      15
      23
      24
      27
      25
      19
      21
      14
      14
      22
      17
      15
      15
      21
      20
      22
      20
       9
      15
      23
      16
      17
      18
      20
      16
      17
      26
      23
      21
      13
      20
      19
      19
      20
      16
      17
      14
      10
      22
      15
      19
      16
      15
       9
      20
      16
      19
      17
      20
      12
       8
      18
      11
      20
      17
      10
      10
      19
      12
      13
      16
      10
      23
      14
      15
      13
      14
      19
      10
      13
      15
      15
      11
       8
      11
      11
      11
      18
       6
      19
      11
      19
      16
       8
       9
      15
      22
      12
       8
      11
      12
      13
      18
      11
      10
      16
      10
      14
       9
      15
      11
      12
       8
      21
      12
      11
      12
      12
      14
      12
      12
       9
      11
      18
      11
       7
      10
      11
      12
      10
      10
       9
      14
       7
      10
      18
      10
      10
      11
      17
      10
       9
      13
      12
      13
      16
      17
      10
       6
       8
       5
      10
      10
      13
       9
      12
       9
       8
      12
       9
       7
      11
      15
      15
       9
      13
      13
      10
      10
       8
      12
      18
       7
      11
       7
      15
      21
      12
       5
      13
       9
      15
       7
       9
       3
       6
      11
       8
       8
       9
      10
      16
       8
       9
       9
       9
      14
       8
      14
      14
      18
      15
       8
       9
      15
      11
      16
      13
      18
      11
      11
      15
      12
       8
       6
      12
      12
      14
       9
       7
      12
       7
      14
       8
      12
       6
      10
       8
      12
       8
       9
       9
       4
       8
       7
       4
      12
       8
       7
      10
      12
      11
       6
       4
       8
      10
      12
       6
       8
      16
       9
       8
       7
       7
       6
       8
      10
      15
      15
      10
       6
       6
      12
       6
      13
       7
      12
       5
      10
       9
      10
      12
       9
      10
      13
      12
       8
       9
      11
       4
      15
      11
       6
       8
      10
       7
      12
      11
       8
      14
       7
       8
      16
       4
       6
       9
      11
       8
       7
       9
       8
       7
      18
      11
      15
      13
      10
      14
      10
      18
      13
      15
      12
      18
      16
      16
      14
       9
      10
       6
       7
       5
       8
       6
      13
      10
      15
       9
       8
       7
       9
       9
       4
       4
       9
       6
      14
       8
      13
      11
       7
       9
       9
      11
       9
      12
      11
      10
       7
      12
       5
       6
      10
       8
      10
       5
       9
      10
       7
       3
       4
       3
       9
       6
      14
      11
      12
       3
       5
      11
      12
       5
       6
       7
       5
      10
      10
       8
      16
      11
      11
       6
       8
       8
       7
       5
      14
       6
       9
       9
      10
      12
      10
      10
       7
       8
       7
       8
      11
       7
       4
       8
       6
       6
      14
       9
      10
      10
       7
       8
       6
       8
       7
      10
       7
       5
       6
       6
       6
      11
      11
       9
       5
       3
       5
       4
       8
      11
      13
       7
       8
       9
       3
       8
       5
      11
      14
      14
       5
       7
       5
       8
      13
       9
       7
       7
       3
       4
       7
       3
      13
       8
      10
      10
       9
      12
       5
      12
       8
       8
       7
       7
       9
       9
      12
       8
       7
       5
      12
       7
       6
       7
       8
      13
       9
      12
       6
       8
       7
      12
       9
      15
       9
       7
      10
       5
      10
       7
       7
      11
       7
      14
       7
       6
      14
      10
       9
      14
      14
      11
      17
      16
      21
      25
      51
      89
     136
     249
     386
     624
     961
    1422
    1948
    2534
    2962
    3362
    3294
    3193
    2851
    2369
    1732
    1225
     721
     418
     255
     123
      50
      24
      11
       5
       2
       0
       1
       1
       1
       2
       1
       1
       1
       2
       0
       1
       0
       1
       2
       2
       0
       2
       1
       0
       1
       1
       0
       1
       0
       1
       0
       0
       2
       2
       2
       0
       2
       0
       0
       0
       2
       0
       1
       1
       0
       0
       0
       0
       0
       0
       2
       2
       0
       0
       1
       4
       0
       0
       0
       0
       0
       3
       1
       2
       1
       3
       0
       0
       2
       0
       1
       1
       0
       0
       0
       0
       2
       3
       0
       0
       0
       1
       2
       1
       0
       1
       2
       1
       2
       0
       0
       1
       0
       1
       3
       3
       1
       1
       1
       1
       1
       2
       1
       3
       0
       1
       2
       1
       2
       2
       1
       0
       1
       0
       0
       0
       2
       0
       0
       1
       0
       6
       0
       0
       0
       0
       0
       0
       1
       1
       1
       1
       0
       1
       2
       2
       0
       1
       1
       1
       0
       0
       0
       1
       3
       0
       2
       0
       1
       1
       1
       0
       2
       2
       1
       0
       0
       1
       0
       1
       0
       2
       0
       0
       1
       1
       1
       0
       0
       1
       2
       4
       0
       1
       1
       1
       0
       0
       1
       1
       0
       0
       1
       1
       0
       2
       2
       3
       1
       1
       1
       1
       0
       1
       0
       0
       2
       1
       0
       0
       0
       0
       0
       0
       1
       2
       0
       2
       1
       1
       0
       1
       0
       0
       0
       0
       2
       3
       0
       2
       0
       1
       1
       2
       0
       2
       2
       0
       0
       0
       0
       0
       2
       2
       1
       0
       0
       0
       2
       1
       0
       1
       1
       1
       1
       2
       0
       0
       1
       1
       1
       0
       0
       0
       1
       0
       0
       0
       3
       0
       0
       0
       1
       1
       1
       0
       0
       2
       2
       0
       3
       0
       1
       1
       0
       0
       1
       0
       1
       0
       0
       0
       0
       0
       0
       0
       2
       2
       3
       0
       0
       1
       0
       1
       0
       2
       2
       0
       1
       1
       1
       1
       0
       1
       0
       0
       1
       1
       1
       1
       0
       0
       0
       1
       0
       1
       0
       0
       1
       1
       0
       0
       0
       0
       2
       2
       0
       0
       2
       1
       2
       1
       2
       0
       0
       0
       1
       2
       1
       0
       0
       0
       0
       1
       0
       0
       1
       2
       0
       1
       2
       1
       2
       0
       1
       0
       1
       0
       1
       1
       2
       1
       1
       1
       1
       2
       2
       0
       1
       0
       1
       0
       0
       1
       0
       0
       0
       1
       0
       0
       0
       0
       0
       0
       0
       0
       2
       3
       1
       0
       1
       0
       2
       0
       2
       2
       0
       0
       1
       1
       0
       2
       0
       1
       1
       2
       1
       2
       4
       0
       3
       2
       0
       1
       0
       1
       3
       0
       2
       1
       0
       0
       2
       1
       1
       1
       0
       1
       2
       0
       0
       2
       2
       0
       1
       0
       0
       2
       1
       1
       2
       2
       0
       0
       1
       0
       2
       0
       1
       0
       0
       2
       1
       0
       3
       1
       1
       5
       0
       0
       0
       0
       0
       1
       1
       0
       1
       0
       1
       1
       2
       0
       0
       0
       2
       1
       1
       0
       1
       1
       1
       0
       1
       0
       2
       1
       0
       0
       1
       0
       1
       1
       1
       1
       0
       0
       0
       0
       0
       3
       0
       0
       1
       0
       0
       1
       1
       1
       1
       0
       0
       2
       1
       1
       3
       2
       3
       0
       1
       0
       0
       0
       0
       0
       0
       1
       3
       0
       1
       2
       1
       0
       0
       1
       0
       1
       2
       0
       1
       0
       1
       1
       0
       0
       1
       1
       0
       1
       1
       0
       3
       0
       0
       0
       0
       1
       1
       1
       2
       0
       1
       0
       1
       0
       1
       0
       0
       0
       2
       1
       0
       0
       0
       0
       1
       1
       0
       1
       0
       1
       2
       0
       0
       2
       1
       0
       1
       0
       0
       0
       0
       1
       1
       0
       0
       1
       0
       1
       0
       1
       0
       2
       1
       1
       2
       0
       1
       3
       0
       1
       0
       1
       0
       1
       0
       1
       0
       2
       1
       1
       1
       1
       0
       2
       0
       1
       0
       1
       0
       0
       0
       1
       0
       1
       1
       2
       1
       0
       0
       0
       0
       4
       1
       2
       1
       1
       1
       0
       0
       1
       1
       1
       0
       3
       0
       2
       0
       0
       0
       1
       0
       3
       0
       0
       1
       0
       0
       1
       1
       2
       1
       0
       1
       0
       1
       0
       1
       1
       0
       0
       1
       1
       0
       1
       1
       1
       0
       1
       0
       2
       0
       0
       1
       0
       2
       0
       1
       0
       1
       1
       0
       1
       0
       1
       1
       1
       1
       0
       0
       1
       0
       1
       0
       0
       1
       0
       1
       0
       0
       0
       0
       0
       1
       0
       1
       2
       0
       4
       0
       0
       3
       2
       0
       2
       1
       0
       0
       1
       2
       0
       1
       0
       0
       1
       0
       0
       2
       0
       2
       1
       1
       0
       2
       1
       0
       1
       0
       0
       1
       1
       0
       2
       1
       1
       1
       0
       0
       0
       0
       1
       0
       1
       1
       1
       0
       0
       0
       1
       0
       1
       0
       2
       0
       3
       0
       1
       0
       1
       1
       0
       1
       1
       0
       1
       0
       0
       0
       1
       0
       2
       2
       1
       1
       1
       0
       1
       0
       1
       0
       0
       0
       1
       1
       1
       2
       0
       1
       0
       0
       1
       1
       2
       0
       2
       0
       1
       0
       1
       0
       0
       1
       0
       1
       0
       0
       0
       1
       1
       0
       1
       0
       0
       0
       1
       1
       1
       1
       1
       1
       0
       1
       1
       2
       0
       0
       1
       0
       2
       0
       1
       1
       1
       2
       1
       0
       3
       1
       1
       1
       1
       1
       0
       0
       1
       0
       1
       0
       0
       0
       3
       0
       0
       1
       2
       1
       1
       0
       1
       0
       0
       0
       0
       1
       0
       1
       1
       0
       0
       0
       0
       0
       0
       0
       1
       1
       0
       0
       0
       1
       1
       2
       0
       0
       0
       0
       2
       0
       1
       2
       2
       1
       0
       0
       0
       2
       2
       1
       0
       0
       1
       1
       1
       0
       0
       2
       2
       3
       1
       1
       0
       1
       1
       0
       2
       2
       0
       1
       0
       2
       0
       0
       0
       1
       1
       0
       1
       0
       0
       0
       0
       3
       2
       0
       1
       1
       1
       4
       2
       0
       1
       0
       1
       0
       1
       0
       0
       1
       2
       1
       2
       1
       0
       0
       1
       0
       0
       0
       0
       1
       0
       0
       0
       2
       1
       1
       0
       1
       1
       0
       0
       0
       0
       0
       0
       0
       0
       1
       1
       0
       0
       0
       1
       0
       1
       0
       0
       0
       0
       1
       2
       1
       0
       1
       2
       1
       1
       0
       0
       1
       0
       0
       0
       0
       1
       2
       0
       0
       0
       0
       1
       0
       1
       0
       1
       1
       1
       0
       0
       1
       1
       1
       0
       2
       2
       3
       1
       4
       4
       0
       1
       3
       1
       2
       0
       1
       0
       0
       0
       0
       0
       2
       0
       0
       0
       0
       1
       0
       2
       2
       0
       0
       1
       0
       1
       1
       0
       0
       0
       0
       2
       2
       1
       1
       0
       0
       1
       1
       0
       0
       2
       0
       0
       0
       0
       3
       1
       0
       1
       0
       1
       1
       3
       1
       1
       0
       0
       1
       0
       1
       0
       0
       1
       0
       0
       0
       0
       1
       2
       0
       0
       0
       0
       0
       1
       0
       0
       1
       0
       0
       0
       1
       2
       0
       2
       0
       2
       2
       0
       0
       1
       0
       0
       0
       0
       0
       1
       0
       0
       0
       0
       3
       0
       0
       0
       1
       0
       1
       0
       1
       1
       2
       2
       0
       2
       1
       0
       5
       1
       3
       0
       0
       1
       2
       1
       1
       1
       0
       3
       0
       0
       4
       1
       2
       0
       1
       2
       3
       2
       2
       0
       1
       2
       0
       1
       0
       0
       0
       0
       0
       0
       1
       0
       0
       0
       1
       1
       0
       0
       0
       2
       1
       0
       1
       1
       2
       0
       1
       0
       2
       0
       2
       0
       1
       0
       0
       1
       1
       0
       0
       0
       0
       0
       1
       0
       0
       2
       0
       1
       0
       2
       1
       0
       0
       2
       3
       0
       1
       0
       0
       0
       0
       0
       0
       0
       1
       1
       0
       0
       2
       0
       0
       0
       1
       1
       1
       1
       0
       0
       0
       1
       1
       0
       2
       1
       1
       0
       1
       0
       1
       0
       0
       0
       0
       0
       2
       2
       0
       0
       0
       1
       1
       0
       1
       0
       0
       2
       0
       0
       1
       1
       0
       1
       0
       1
       0
       0
       0
       0
       1
       1
       1
       1
       0
       0
       0
       0
       2
       0
       0
       0
       1
       1
       0
       0
       1
       0
       2
       0
       0
       2
       2
       2
       0
       3
       2
       0
       1
       2
       0
       0
       0
       2
       0
       0
       0
       1
       0
       1
       2
       0
       1
       0
       0
       1
       2
       1
       1
       1
       0
       1
       1
       0
       0
       1
       0
       0
       0
       0
       0
       1
       1
       1
       1
       0
       0
       0
       0
       0
       0
       1
       1
       0
       0
       0
       0
       0
       1
       1
       2
       1
       0
       0
       0
       0
       0
       1
       2
       1
       2
       0
       1
       0
       1
       1
       1
       2
       0
       2
       1
       1
       0
       2
       1
       1
       2
       1
       0
       2
       1
       1
       1
       0
       0
       0
       0
       2
       0
       1
       0
       0
       0
       1
       2
       0
       0
       3
       1
       1
       0
       0
       3
       0
       1
       1
       0
       2
       2
       0
       0
       0
       0
       1
       1
       3
       0
       0
       0
       0
       0
       1
       0
       0
       0
       0
       0
       1
       0
       1
       0
       1
       1
       1
       0
       1
       0
       1
       0
       0
       0
       0
       0
       0
       0
       1
       1
       1
       0
       0
       0
       0
       1
       0
       1
       0
       1
       2
       1
       0
       0
       0
       0
       2
       1
       1
       0
       3
       0
       4
       1
       2
       2
       1
       0
       0
       0
       0
       0
       1
       2
       0
       1
       0
       0
       0
       0
       1
       3
       1
       0
       0
       1
       0
       0
       0
       1
       0
       0
       0
       0
       1
       0
       0
       1
       1
       0
       1
       0
       1
       0
       1
       1
       1
       1
       2
       0
       0
       0
       0
       1
       0
       1
       1
       1
       0
       0
       0
       1
       0
       1
       0
       0
       1
       1
       0
       1
       0
       0
       0
       0
       1
       1
       1
       1
       0
       0
       1
       2
       0
       0
       1
       0
       1
       2
       0
       0
       2
       1
       3
       0
       0
       0
       0
       0
       0
       0
       0
       0
       2
       0
       0
       2
       2
       0
       0
       2
       1
       1
       1
       0
       2
       1
       1
       1
       0
       1
       0
       1
       0
       0
       1
       0
       1
       1
       0
       0
       0
       3
       1
       0
       2
       0
       0
       2
       2
       0
       0
       0
       0
       0
       0
       2
       0
       0
       1
       0
       2
       0
       3
       0
       1
       0
       0
       2
       1
       1
       0
       1
       1
       0
       0
       1
       0
       0
       4
       0
       2
       1
       0
       0
       1
       1
       0
       0
       0
       1
       3
       1
       2
       0
       0
       2
       0
       0
       1
       0
       0
       1
       1
       0
       2
       0
       0
       2
       0
       0
       0
       1
       1
       0
       0
       1
       0
       0
       1
       0
       1
       0
       0
       0
       2
       0
       1
       1
       0
       1
       0
       0
       0
       1
       3
       3
       1
       0
       0
       1
       0
       1
       1
       0
       1
       0
       0
       2
       0
       1
       1
       0
       1
       2
       0
       3
       0
       0
       0
       1
       2
       0
       1
       0
       2
       1
       0
       0
       1
       0
       1
       0
       0
       0
       0
       0
       1
       2
       1
       1
       2
       3
       4
       1
       1
       3
       2
       2
       1
       2
       1
       1
       1
       0
       1
       2
       0
       1
       0
       1
       0
       0
       1
       1
       1
       0
       1
       1
       0
       0
       0
       0
       0
       0
       0
       0
       0
       0
       0
       0
       2
       0
       0
       0
       0
       0
       0
       2
       0
       1
       0
       1
       0
       0
       0
       2
       0
       0
       0
       2
       1
       1
       1
       0
       0
       0
       0
       0
       1
       0
       0
       0
       1
       0
       2
       0
       1
       0
       1
       1
       0
       2
       2
       0
       0
       0
       0
       2
       1
       1
       2
       1
       1
       0
       1
       2
       2
       1
       1
       0
       0
       0
       1
       0
       0
       0
       1
       0
       0
       0
       0
       0
       0
       0
       2
       0
       1
       2
       2
       2
       0
       0
       0
       1
       0
       1
       1
       2
       1
       1
       0
       0
       0
       0
       0
       0
       2
       1
       2
       0
       1
       0
       0
       1
       0
       1
       0
       1
       1
       2
       1
       0
       0
       0
       0
       0
       0
       0
       1
       0
       1
       0
       0
       0
       2
       0
       1
       1
       1
       1
       0
       0
       1
       0
       0
       2
       0
       1
       1
       1
       0
       0
       0
       0
       0
       0
       1
       0
       1
       0
       0
       1
       1
       0
       1
       0
       1
       1
       1
       0
       3
       1
       2
       1
       0
       0
       0
       1
       1
       0
       1
       0
       1
       0
       1
       0
       2
       0
       1
       1
       0
       2
       0
       0
       0
       1
       0
       0
       2
       0
       0
       1
       2
       0
       1
       0
       2
       1
       0
       0
       1
       0
       0
       0
       0
       0
       0
       0
       0
       1
       1
       1
       0
       2
       0
       0
       0
       0
       2
       0
       2
       2
       0
       1
       2
       0
       0
       0
       2
       1
       0
       0
       0
       1
       0
       0
       0
       0
       0
       1
       1
       1
       1
       2
       0
       1
       0
       1
       1
       0
       0
       3
       0
       0
       0
       1
       0
       0
       1
       2
       1
       0
       2
       2
       1
       1
       2
       0
       0
       1
       2
       1
       0
       1
       1
       1
       0
       2
       0
       2
       0
       0
       0
       0
       1
       0
       0
       0
       1
       3
       0
       3
       0
       1
       1
       1
       1
       2
       2
       2
       0
       0
       1
       1
       0
       1
       3
       0
       0
       0
       0
       0
       0
       1
       1
       1
       0
       0
       1
       1
       1
       2
       1
       1
       0
       2
       1
       1
       1
       2
       1
       1
       1
       0
       0
       1
       0
       1
       0
       3
       0
       0
       1
       1
       1
       0
       1
       1
       0
       1
       0
       1
       1
       0
       1
       2
       0
       2
       0
       1
       0
       0
       0
       0
       0
       0
       1
       0
       1
       2
       1
       1
       1
       0
       0
       0
       0
       3
       2
       0
       2
       3
       0
       0
       2
       0
       0
       0
       1
       0
       1
       1
       1
       0
       0
       1
       1
       1
       0
       1
       1
       1
       0
       0
       0
       0
       1
       2
       0
       2
       0
       0
       0
       1
       1
       1
       1
       2
       1
       0
       3
       0
       1
       3
       0
       1
       3
       2
       0
       1
       3
       0
       1
       0
       0
       0
       0
       1
       0
       1
       0
       0
       0
       0
       0
       0
       1
       0
       0
       1
       1
       0
       1
       0
       1
       0
       1
       1
       2
       1
       0
       0
       0
       0
       0
       0
       1
       0
       0
       2
       0
       0
       0
       0
       3
       0
       1
       0
       1
       0
       0
       0
       0
       1
       0
       2
       0
       0
       0
       0
       1
       2
       0
       0
       0
       1
       0
       0
       1
       3
       1
       0
       0
       0
       0
       0
       0
       0
       2
       1
       0
       0
       1
       0
       0
       0
       0
       0
       1
       2
       0
       0
       0
       0
       0
       0
       1
       2
       0
       1
       0
       0
       0
       1
       1
       1
       0
       0
       2
       1
       0
       0
       0
       0
       0
       1
       1
       0
       0
       2
       0
       1
       0
       0
       1
       0
       1
       1
       1
       0
       1
       0
       0
       0
       0
       0
       2
       0
       0
       1
       1
       1
       1
       0
       0
       0
       3
       1
       1
       0
       0
       0
       0
       1
       1
       0
       0
       1
       0
       0
       0
       1
       2
       0
       1
       0
       1
       0
       0
       0
       0
       0
       0
       0
       1
       1
       0
       0
       0
       0
       0
       0
       0
       0
       0
       1
       0
       0
       1
       0
       0
       1
       0
       0
       1
       1
       0
       0
       0
       0
       0
       2
       0
       0
       1
       0
       0
       0
       0
       1
       1
       0
       1
       1
       1
       2
       0
       1
       0
       0
       0
       1
       0
       0
       1
       0
       0
       0
       1
       0
       0
       0
       0
       1
       0
       2
       0
       1
       0
       0
       0
       0
       0
       0
       1
       0
       1
       0
       0
       0
       1
       0
       0
       1
       0
       0
       0
       1
       0
       1
       1
       1
       0
       0
       0
       1
       1
       1
       0
       0
       0
       1
       0
       0
       2
       1
       0
       0
       0
       0
       0
       0
       2
       0
       0
       0
       0
       1
       0
       1
       0
       0
       1
       2
       0
       0
       3
       0
       0
       0
       0
       0
       0
       1
       0
       0
       0
       1
       0
       0
       1
       0
       0
       0
       0
       0
       0
       0
       0
       0
       0
       0
       1
       0
       0
       0
       1
       0
       1
       1
       1
       0
       1
       0
       0
       0
       0
       0
       0
       0
       1
       0
       0
       0
       0
       0
       0
       0
       0
       1
       0
       1
       0
       0
       0
       0
       0
       0
       0
       0
       1
       0
       1
       0
       0
       0
       0
       0
       0
       0
       0
       0
       1
       1
       1
       0
       1
       0
       0
       0
       0
       0
       0
       0
       0
       0
       1
       0
       1
       0
       0
       0
       0
       0
       1
       0
       0
       1
       0
       0
       1
       0
       0
       0
       1
       0
       0
       0
       0
       0
       0
       0
       1
       0
       0
       0
       0
       0
       0
       1
       0
       0
       0
       0
       0
       0
       1
       0
       1
       0
       1
       2
       0
       0
       0
       0
       1
       0
       0
       0
       0
       0
       1
       0
       0
       1
       0
       0
       0
       0
       0
       0
       0
       0
       1
       0
       0
       0
       0
       0
       0
       1
       1
       0
       0
       0
       1
       1
       0
       0
       0
       0
       0
       0
       0
       0
       0
       1
       0
       0
       1
       0
       0
       0
       0
       0
       1
       0
       0
       0
       0
       0
       1
       0
       0
       0
       0
       0
       0
       0
       0
       0
       1
       0
       0
       0
       0
       0
       1
       1
       0
       0
       0
       0
       0
       0
       0
       0
       0
       0
       0
       0
       0
       0
       1
       0
       0
       0
       0
       0
       0
       0
       0
       1
       0
       1
       0
       0
       2
       0
       1
       2
       0
       0
       0
       1
       0
       0
       0
       1
       0
       0
       0
       0
       0
       2
       0
       0
       0
       0
       0
       2
       0
       0
       0
       0
       0
       0
       0
       0
       1
       0
       0
       0
       0
       0
       0
       0
       0
       1
       1
       0
       0
       0
       0
       0
       0
       0
       0
       0
       0
       0
       0
       0
       0
       0
       0
       0
       3
       0
       1
       0
       0
       0
       1
       1
       1
       0
       0
       0
       1
       1
       0
       0
       0
       0
       0
       0
       0
       0
       2
       0
       0
       0
       0
       0
       1
       0
       0
       0
       0
       0
       0
       0
       0
       1
       0
       1
       0
       0
       0
       0
       0
       0
       0
       0
       1
       0
       0
       0
       0
       0
       0
       0
       0
       0
       0
       0
       1
       0
       0
       0
       0
       0
       0
       2
       1
       0
       0
       1
       0
       0
       0
       0
       0
       0
       0
       1
       0
       0
       0
       0
       0
       0
       0
       0
       0
       1
       0
       0
       0
       0
       0
       0
       0
       1
       1
       0
       1
       0
       0
       1
       1
       0
       0
       0
       0
       1
       0
       0
       0
       0
       0
       0
       0
       0
       0
       0
       0
       0
       1
       0
       0
       0
       0
       1
       0
       1
       1
       0
       0
       0
       0
       0
       1
       1
       0
       0
       0
       0
       0
       0
       0
       0
       0
       0
       0
       1
       0
       1
       0
       0
       1
       0
       0
       0
       0
       0
       0
       1
       1
       0
       0
       0
       1
       0
       1
       0
       0
       0
       0
       1
       0
       0
       0
       0
       0
       0
       0
       1
       1
       0
       0
       0
       0
       0
       0
       0
       0
       0
       0
       0
       0
       0
       0
       0
       0
       0
       0
       0
       0
       1
       0
       0
       0
       0
       0
       1
       0
       0
       0
       0
       0
       2
       0
       0
       0
       0
       0
       0
       1
       0
       2
       0
       1
       0
       0
       0
       0
       0
       0
       0
       1
       0
       0
       0
       0
       0
       0
       1
       0
       1
       0
       0
       0
       0
       0
       0
       1
       0
       3
       2
       0
       0
       1
       4
       2
       2
       1
       6
       4
       6
       6
       9
      10
      16
      21
      17
      19
      18
      14
      15
       8
      10
      10
       3
       1
       3
       0
       1
       0
       1
       0
       0
       1
       0
       0
       0
       0
       1
       0
       0
       0
       0
       0
       0
       0
       0
       0
       0
       0
       0
       0
       0
       0
       0
       0
       0
       0
       0
       0
       0
       0
       0
       0
       0
       0
       0
       0
       0
       0
       0
       0
       0
       0
       0
       0
       0
       0
       0
       0
       1
       0
       0
       0
       0
       0
       0
       0
       1
       0
       0
       0
       1
       0
       0
       0
       1
       0
       0
       0
       0
       0
       0
       0
       0
       0
       0
       0
       0
       1
       0
       0
       0
       0
       0
       0
       1
       0
       0
       0
       0
       1
       0
       0
       0
       0
       0
       0
       0
       0
       0
       0
       0
       0
       0
       0
       0
       0
       0
       0
       0
       0
       0
       1
       0
       0
       0
       1
       0
       0
       0
       0
       0
       1
       0
       0
       0
       0
       0
       1
       0
       0
       0
       0
       0
       0
       0
       1
       1
       0
       0
       0
       0
       0
       0
       0
       2
       0
       0
       0
       0
       0
       0
       0
       0
       0
       0
       0
       0
       0
       0
       0
       0
       0
       1
       0
       0
       0
       1
       0
       0
       0
       0
       1
       0
       0
       0
       0
       2
       0
       0
       2
       0
       2
       0
       0
       0
       0
       1
       0
       0
       0
       0
       0
       0
       0
       0
       0
       0
       0
       0
       0
       0
       0
       0
       0
       0
       1
       0
       0
       0
       0
       0
       0
       0
       1
       0
       0
       0
       0
       0
       1
       0
       0
       0
       0
       0
       0
       0
       0
       0
       0
       0
       0
       0
       0
       0
       1
       0
       1
       0
       0
       0
       0
       0
       0
       0
       0
       0
       0
       0
       1
       0
       0
       0
       0
       0
       0
       0
       0
       0
       0
       0
       0
       0
       0
       0
       0
       0
       0
       0
       0
       0
       0
       0
       0
       0
       1
       0
       0
       0
       1
       0
       0
       0
       0
       0
       0
       0
       0
       0
       0
       0
       1
       0
       0
       0
       0
       0
       0
       0
       0
       0
       0
       0
       0
       0
       0
       0
       0
       0
       1
       0
       0
       0
       0
       0
       0
       0
       0
       0
       0
       0
       1
       0
       0
       0
       0
       0
       0
       0
       0
       0
       0
       1
       1
       0
       0
       0
       0
       0
       0
       0
       0
       0
       0
       0
       1
       0
       1
       0
       0
       0
       0
       0
       0
       0
       0
       0
       1
       0
       0
       0
       0
       0
       0
       0
       0
       0
       0
       0
       2
       0
       0
       0
       0
       1
       0
       0
       0
       0
       1
       0
       0
       0
       0
       0
       0
       0
       0
       0
       0
       0
       0
       0
       0
       0
       0
       0
       0
       0
       0
       0
       0
       0
       0
       0
       0
       0
       0
       0
       0
       0
       0
       0
       0
       0
       0
       1
       0
       0
       0
       0
       0
       0
       0
       1
       0
       0
       0
       0
       0
       0
       0
       0
       0
       0
       0
       0
       0
       0
       1
       0
       0
       0
       0
       0
       0
       0
       0
       0
       0
       0
       0
       0
       1
       1
       0
       0
       1
       0
       0
       0
       0
       0
       0
       0
       0
       0
       0
       1
       0
       0
       0
       0
       0
       0
       0
       1
       0
       1
       0
       0
       1
       0
       0
       0
       0
       0
       0
       0
       0
       0
       0
       0
       0
       0
       0
       0
       0
       0
       0
       0
       0
       0
       0
       1
       1
       0
       0
       1
       0
       0
       0
       0
       0
       0
       0
       1
       0
       0
       1
       0
       1
       0
       0
       0
       0
       0
       0
       0
       0
       0
       0
       0
       0
       0
       0
       0
       0
       0
       0
       0
       0
       0
       0
       0
       0
       1
       0
       0
       0
       0
       0
       0
       1
       0
       0
       0
       0
       0
       0
       1
       0
       0
       0
       0
       0
       0
       1
       1
       0
       0
       0
       0
       0
       0
       0
       0
       0
       0
       0
       0
       0
       1
       0
       0
       0
       0
       0
       0
       0
       0
       1
       0
       0
       0
       0
       0
       0
       0
       0
       0
       0
       0
       0
       0
       0
       0
       0
       0
       0
       0
       1
       0
       0
       0
       1
       0
       0
       0
       0
       0
       0
       0
       0
       0
       0
       0
       1
       0
       0
       0
       0
       0
       0
       0
       0
       0
       0
       0
       0
       0
       0
       0
       0
       2
       0
       0
       0
       0
       0
       0
       0
       0
       0
       0
       0
       0
       0
       0
       0
       0
       0
       0
       0
       0
       0
       0
       0
       0
       0
       0
       0
       0
       0
       0
       0
       0
       0
       1
       0
       0
       0
       0
       0
       1
       0
       0
       0
       0
       0
       0
       0
       1
       0
       0
       0
       0
       0
       0
       0
       1
       0
       0
       0
       0
       0
       0
       0
       0
       0
       0
       0
       0
       0
       0
       0
       0
       0
       0
       0
       0
       0
       1
       0
       0
       0
       0
       0
       0
       0
       0
       0
       0
       0
       0
       0
       1
       0
       0
       0
       1
       0
       0
       0
       0
       0
       0
       0
       0
       0
       0
       0
       0
       1
       0
       0
       0
       0
       0
       0
       0
       0
       0
       1
       0
       0
       0
       0
       0
       0
       0
       0
       0
       0
       0
       0
       0
       0
       0
       0
       0
       0
       0
       0
       0
       0
       0
       0
       0
       0
       0
       0
       0
       0
       0
       0
       0
       0
       0
       0
       0
       0
       0
       0
       0
       0
       0
       0
       0
       0
       0
       0
       0
       0
       0
       0
       0
       0
       0
       0
       0
       0
       0
       0
       0
       0
       0
       0
       0
       0
       0
       0
       0
       0
       0
       0
       0
       0
       0
       0
       0
       0
       1
       0
       1
       0
       0
       0
       0
       0
       0
       0
       0
       0
       0
       0
       0
       0
       0
       0
       0
       0
       0
       0
       1
       0
       0
       0
       0
       0
       0
       0
       0
       0
       0
       0
       0
       0
       0
       0
       1
       0
       0
       0
       0
       0
       0
       0
       1
       0
       0
       0
       0
       0
       1
       0
       0
       0
       0
       0
       0
       0
       0
       0
       0
       0
       0
       1
       1
       0
       0
       0
       0
       0
       0
       0
       0
       0
       0
       0
       0
       0
       1
       0
       0
       0
       0
       0
       0
       0
       0
       0
       0
       0
       0
       0
       0
       0
       0
       0
       0
       0
       0
       0
       0
       0
       0
       0
       0
       0
       0
       0
       0
       1
       0
       0
       0
       0
       0
       0
       0
       0
       0
       0
       0
       0
       0
       0
       0
       0
       0
       0
       1
       0
       1
       0
       0
       1
       0
       0
       0
       0
       0
       0
       0
       0
       0
       1
       0
       0
       0
       0
       0
       0
       0
       0
       0
       0
       0
       0
       0
       0
       0
       0
       0
       0
       0
       0
       0
       0
       0
       0
       0
       0
       0
       0
       0
       0
       0
       0
       0
       1
       0
       0
       0
       1
       0
       0
       0
       1
       0
       0
       0
       0
       1
       0
       0
       0
       0
       1
       0
       0
       0
       0
       0
       0
       0
       0
       0
       0
       0
       0
       0
       0
       0
       0
       0
       0
       0
       0
       0
       0
       1
       0
       0
       0
       0
       0
       0
       0
       0
       0
       0
       0
       0
       0
       0
       0
       0
       0
       0
       1
       0
       0
       0
       0
       0
       0
       0
       0
       0
       0
       0
       0
       0
       0
       0
       0
       0
       0
       0
       0
       0
       0
       0
       0
       0
       0
       0
       0
       0
       0
       0
       0
       0
       0
       0
       0
       0
       0
       0
       0
       0
       0
       0
       0
       0
       0
       0
       0
       0
       0
       1
       1
       0
       0
       0
       0
       0
       0
       1
       0
       0
       0
       0
       0
       0
       1
       0
       0
       0
       0
       0
       0
       0
       0
       0
       0
       0
       0
       0
       0
       0
       0
       0
       0
       0
       1
       0
       2
       1
       0
       2
       0
       0
       0
       1
       2
       3
       1
       0
       1
       0
       0
       0
       0
       0
       0
       0
       1
       0
       0
       0
       0
       0
       0
       0
       1
       1
       0
       0
       0
       0
       0
       0
       0
       0
       0
       0
       0
       0
       0
       0
       0
       0
       1
       0
       0
       0
       0
       0
       0
       0
       0
       0
       0
       0
       0
       0
       0
       0
       0
       0
       0
       0
       0
       0
       0
       0
       0
       0
       1
       0
       0
       0
       0
       0
       0
       0
       0
       0
       0
       0
       0
       0
       0
       0
       0
       0
       0
       0
       0
       0
       0
       0
       0
       0
       0
       0
       0
       0
       0
       1
       0
       0
       0
       0
       0
       0
       0
       0
       0
       0
       0
       0
       0
       0
       0
       0
       0
       0
       0
       0
       0
       0
       0
       0
       0
       0
       0
       0
       0
       1
       0
       0
       0
       0
       0
       1
       0
       0
       0
       0
       0
       0
       0
       0
       0
       0
       1
       0
       0
       0
       0
       0
       0
       0
       0
       1
       0
       0
       1
       0
       0
       0
       0
       0
       0
       0
       0
       0
       0
       0
       0
       0
       0
       0
       0
       0
       0
       0
       0
       0
       0
       1
       0
       0
       0
       0
       0
       0
       0
       0
       0
       0
       0
       0
       0
       0
       0
       1
       0
       0
       0
       0
       0
       0
       0
       0
       0
       0
       0
       0
       0
       0
       0
       0
       0
       0
       0
       0
       0
       0
       0
       0
       1
       0
       0
       0
       0
       0
       1
       0
       0
       0
       0
       0
       0
       0
       0
       0
       0
       0
       0
       0
       0
       0
       0
       0
       0
       0
       0
       0
       0
       0
       0
       0
       0
       0
       0
       0
       0
       0
       0
       0
       0
       0
       0
       0
       0
       0
       0
       0
       0
       1
       0
       0
       0
       1
       0
       0
       0
       0
       0
       0
       0
       0
       0
       0
       0
       0
       0
       0
       0
       0
       0
       0
       0
       0
       0
       0
       0
       0
       0
       0
       0
       0
       0
       0
       0
       0
       0
       0
       0
       0
       0
       0
       0
       0
       0
       0
       0
       1
       0
       0
       0
       0
       0
       0
       0
       1
       0
       0
       0
       0
       0
       1
       0
       0
       0
       0
       0
       0
       0
       0
       0
       0
       0
       0
       0
       0
       0
       0
       0
       0
       0
       1
       0
       0
       0
       0
       0
       0
       0
       0
       0
       0
       0
       0
       0
       0
       0
       0
       0
       0
       0
       0
       0
       1
       0
       0
       0
       0
       0
       0
       0
       1
       0
       0
       0
       0
       0
       0
       0
       1
       0
       0
       0
       0
       0
       0
       0
       0
       0
       1
       0
       0
       0
       1
       0
       0
       0
       0
       0
       0
       0
       0
       0
       0
       0
       0
       0
       1
       0
       1
       0
       0
       0
       0
       0
       0
       0
       0
       1
       0
       0
       0
       0
       0
       0
       0
       0
       0
       0
       0
       1
       0
       0
       0
       0
       0
       0
       0
       0
       0
       0
       0
       0
       0
       1
       0
       0
       0
       0
       0
       0
       0
       0
       0
       0
       0
       0
       0
       0
       0
       0
       0
       0
       0
       0
       0
       0
       0
       0
       1
       0
       0
       0
       0
       0
       0
       0
       0
       0
       0
       0
       0
       0
       0
       0
       0
       0
       0
       0
       0
       1
       0
       0
       0
       0
       1
       0
       0
       0
       0
       0
       0
       0
       0
       0
       0
       0
       0
       0
       0
       0
       0
       0
       0
       0
       0
       1
       0
       0
       0
       0
       0
       0
       0
       0
       0
       0
       0
       0
       0
       0
       0
       1
       0
       0
       0
       0
       0
       0
       0
       0
       0
       0
       0
       0
       0
       0
       2
       0
       0
       1
       0
       0
       0
       0
       1
       1
       0
       0
       0
       0
       0
       1
       0
       0
       0
       0
       0
       0
       0
       0
       0
       0
       0
       0
       0
       0
       0
       0
       0
       0
       0
       0
       0
       0
       0
       0
       1
       0
       0
       0
       0
       0
       0
       0
       1
       0
       0
       0
       0
       0
       0
       0
       0
       0
       0
       0
       1
       0
       0
       0
       0
       0
       0
       0
       0
       0
       0
       0
       0
       1
       0
       0
       0
       1
       0
       0
       0
       0
       0
       0
       0
       0
       0
       0
       0
       0
       0
       1
       0
       0
       0
       0
       0
       0
       0
       0
       0
       0
       0
       0
       0
       0
       0
       0
       0
       0
       0
       0
       0
       0
       0
       1
       1
       0
       0
       0
       0
       0
       0
       0
       0
       0
       0
       0
       0
       0
       0
       0
       0
       0
       0
       0
       0
       0
       0
       0
       0
       0
       0
       0
       0
       0
       0
       0
       0
       0
       0
       0
       1
       0
       0
       0
       0
       0
       0
       0
       0
       0
       0
       0
       0
       0
       0
       1
       0
       0
       0
       0
       0
       0
       0
       0
       0
       0
       0
       0
       0
       0
       0
       0
       0
       0
       0
       0
       0
       0
       0
       0
       0
       0
       0
       1
       0
       0
       0
       0
       0
       0
       0
       0
       0
       0
       0
       0
       0
       0
       0
       0
       0
       0
       0
       0
       0
       1
       0
       0
       0
       0
       0
       0
       0
       0
       0
       1
       0
       0
       0
       0
       0
       0
       0
       0
       0
       0
       0
       0
       0
       0
       0
       0
       0
       0
       0
       0
       0
       0
       0
       0
       0
       0
       0
       0
       0
       0
       0
       0
       0
       0
       0
       0
       0
       0
       0
       0
       0
       0
       0
       0
       0
       0
       0
       0
       0
       0
       0
       0
       0
       0
       0
       0
       0
       0
       0
       0
       0
       0
       0
       0
       0
       0
       0
       0
       0
       0
       0
       1
       0
       0
       1
       0
       0
       0
       0
       0
       0
       0
       0
       0
       0
       0
       0
       0
       0
       0
       0
       0
       0
       0
       0
       0
       0
       1
       0
       0
       0
       0
       0
       0
       0
       0
       0
       0
       0
       0
       0
       0
       0
       0
       0
       0
       0
       0
       0
       0
       0
       0
       0
       0
       0
       0
       1
       0
       0
       0
       0
       1
       0
       0
       0
       0
       0
       0
       0
       0
       1
       0
       0
       0
       0
       0
       0
       0
       0
       0
       0
       0
       0
       0
       0
       0
       0
       0
       0
       0
       0
       0
       0
       0
       0
       0
       1
       0
       0
       0
       0
       0
       0
       0
       0
       0
       0
       0
       0
       0
       0
       0
       0
       0
       0
       0
       0
       0
       0
       1
       0
       0
       0
       0
       0
       0
       0
       0
       0
       0
       0
       0
       0
       0
       0
       0
       0
       0
       0
       0
       0
       0
       0
       0
       0
       0
       0
       0
       0
       0
       0
       0
       0
       0
       0
       0
       0
       0
       0
       0
       0
       0
       0
       0
       0
       0
       0
       0
       0
       0
       0
       0
       0
       0
       0
       0
       0
       1
       0
       0
       0
       0
       0
       0
       0
       0
       0
       1
       0
       0
       0
       0
       0
       0
       0
       0
       0
       0
       0
       0
       0
       0
       0
       0
       0
       0
       0
       0
       0
       0
       1
       0
       0
       0
       1
       0
       0
       0
       0
       0
       0
       0
       0
       0
       0
       0
       0
       0
       0
       0
       0
       0
       0
       0
       0
       0
       0
       0
       0
       0
       1
       0
       0
       0
       0
       0
       1
       0
       0
       0
       0
       0
       0
       0
       0
       0
       0
       0
       0
       0
       0
       0
       0
       0
       0
       0
       0
       0
       0
       0
       0
       0
       0
       0
       0
       0
       0
       0
       0
       0
       0
       0
       0
       0
       0
       0
       0
       0
       0
       0
       0
       0
       0
       0
       0
       0
       0
       0
       0
       0
       0
       0
       0
       0
       0
       0
       0
       0
       0
       0
       0
       0
       0
       0
       0
       0
       0
       0
       0
       0
       0
       0
       0
       0
       0
       0
       0
       0
       0
       0
       0
       0
       0
       0
       0
       0
       0
       0
       0
       0
       0
       0
       0
       0
       0
       0
       0
       0
       0
       0
       0
       0
       0
       0
       0
       0
       0
       0
       0
       0
       0
       0
       0
       0
       0
       0
       0
       0
       0
       1
       0
       0
       0
       0
       0
       0
       0
       0
       0
       0
       0
       0
       0
       0
       0
       0
       0
       0
       0
       0
       0
       0
       0
       0
       0
       0
       0
       0
       0
       0
       0
       0
       0
       0
       0
       0
       0
       0
       0
       0
       0
       0
       0
       0
       0
       0
       0
       0
       0
       1
       0
$ROI:
11
224 244
765 907
1350 1411
1828 1908
2525 2667
2716 2799
3716 3817
4331 4427
4564 4622
5085 5259
5690 5768
$PRESETS:
Live Time
200
0
$ENER_FIT:
0.053689 0.255148
$MCA_CAL:
3
5.368913E-002 2.551478E-001 -1.853380E-009 keV
$SHAPE_CAL:
3
6.992400E+000 7.812671E-004 -3.508660E-008
