$SPEC_ID:
No sample description was entered.
$SPEC_REM:
DET# 1
DETDESC# GMX20P4 HPGe
AP# Maestro Version 7.01
$DATE_MEA:
11/23/2018 14:55:21
$MEAS_TIM:
200 201
$DATA:
0 8191
       0
       0
       0
       0
       0
       0
       0
       0
       0
       0
       0
       0
       0
       0
       0
       0
       0
       0
       0
       0
       0
       0
       0
       0
       0
       0
       0
       0
       0
       0
       0
       0
       0
       0
       0
       0
       0
       0
       0
       0
       0
       0
       0
       0
       0
       0
       0
       0
       5
      17
      56
      85
      68
      68
      76
      72
      84
      80
      94
      70
      75
      60
      57
      62
      67
      88
     102
      80
      79
      80
      86
      84
      81
      71
      86
      70
      77
      79
     101
      85
      79
      72
      91
     103
      89
      98
     108
      88
     112
      95
     106
     122
     100
     111
     118
     127
     132
      99
     101
      98
     101
      86
     102
     102
      94
     107
      90
     118
     105
     113
     128
     128
     134
     139
     123
     146
     156
     182
     185
     196
     282
     325
     387
     547
     578
     652
     590
     494
     453
     315
     249
     192
     147
     121
     131
     104
     134
     124
     151
     166
     200
     202
     234
     237
     219
     189
     174
     122
     127
     105
      88
      72
      85
      80
      73
      91
      65
      87
      78
      66
      74
      83
      85
      85
      99
      81
      68
      83
      77
      79
      71
      74
      96
      79
      96
      87
      91
      95
      78
      69
      75
     100
      68
      74
      86
      69
      73
      80
      77
      81
      81
      78
      88
      85
      71
      82
      90
      79
      78
      61
      71
      65
      93
      78
      80
      83
      92
      79
      86
      81
      87
      90
      80
      75
      83
      88
      95
      75
      81
      85
      81
      88
      81
      91
      87
      79
      68
      78
      74
      88
      94
      88
      80
      88
      73
      78
      84
      91
      76
      91
      94
      85
     114
     104
      95
      97
      73
      93
      98
      80
      97
      76
      96
      96
      98
      88
      92
      91
      78
      99
      90
      87
     110
      95
      99
     107
      91
      96
      93
     104
      85
     105
      94
     101
      99
      81
      98
     118
     102
      90
      86
     104
      72
     107
      88
      87
     101
      99
     109
      95
     107
      96
      95
     103
     107
      96
     110
      97
      90
     105
      90
     102
      96
     103
     106
     115
     106
     112
      94
     107
      82
      99
     107
      98
      90
      89
     108
     104
      89
     104
     108
      93
     101
      92
     104
      96
      92
     100
      88
     109
     110
      96
      92
     104
     105
     103
      99
     103
     106
      85
     123
      96
     103
     101
      88
      88
      90
      76
     101
      78
     116
     117
     102
      97
     101
     109
     120
      91
      96
      99
      95
     112
     104
     106
      84
      93
      91
     108
      95
     100
      76
      88
     100
      97
      97
      89
      92
     113
      78
      76
      78
      90
     106
     107
      86
      94
     106
     100
     111
     101
     107
      86
     101
      86
     114
     108
     103
      88
      99
     101
      88
      97
     120
     100
      79
     110
      94
     114
      96
     104
      87
      85
      97
     105
     110
      90
     106
      93
     108
      90
      90
      83
      88
      93
      93
     109
      88
      79
     100
      85
      89
     118
      98
      95
      86
      89
      83
      93
     103
      86
     100
      96
      84
     119
     122
      89
      89
      65
      97
     114
      80
      86
      91
      82
     100
      98
     106
      98
      89
      94
      92
     106
      89
      94
      88
      88
      91
     108
      67
      95
     112
     106
      89
     108
      94
      92
     103
      94
     102
      82
      98
     105
      91
     103
      88
     101
     100
      92
      98
      81
      91
     107
      99
      92
     105
      92
      82
      99
      86
     104
      86
      95
     105
      82
     105
      88
      97
      96
      97
     102
     102
      92
     103
      92
      96
      86
      89
     123
      91
     104
      85
     122
      96
      98
      88
      90
      97
      83
      84
      93
      71
      75
      85
     106
     102
      83
      90
      88
      81
     104
      88
      70
      91
      99
      93
      92
      91
      85
      94
      78
     104
      95
      95
      93
      66
      96
      91
      93
      89
      97
      88
      93
     103
      79
      91
      85
      81
      76
      91
     112
      87
      75
     101
      79
      81
      81
     102
      86
      91
      85
     116
      87
      79
      95
      92
      96
      85
      70
      92
      80
      84
     100
      80
      88
      99
      94
      95
      68
      97
      76
      83
      75
      91
      77
      86
      96
      66
      80
      74
      91
      93
      79
      91
      90
      97
      73
      89
      87
      91
      77
      89
      69
      73
      68
      84
      79
      77
      85
      78
      84
      90
      89
      88
      86
      87
      79
      65
      93
      76
      78
      81
      93
      86
      69
      66
      64
      86
      77
      80
      91
      87
      55
      79
      82
      95
      68
      70
      77
      72
      87
      92
      92
      92
      78
      80
      93
      87
      77
      78
      84
      77
      79
      78
      92
      87
      85
      92
      92
      69
      92
      93
      91
      98
      83
      88
      85
      73
      82
      77
      79
      80
     100
      84
      74
      80
      92
      93
      85
      85
      74
      88
      82
      84
      81
      74
      97
      65
      78
      85
      82
      75
      87
      80
      52
      92
      85
      83
     101
     108
     107
     106
      96
     104
     110
     107
     107
      99
     127
     114
     118
     109
     123
     116
      93
     102
      91
      97
     114
      85
      96
     101
      92
      90
      97
      84
      94
      94
      88
      85
      87
      84
     110
     110
      80
      88
     103
     100
     103
      73
      95
      88
      77
      88
      84
      92
      95
      90
      83
      89
      79
      74
      83
      89
      92
      82
      92
      93
     101
      84
     110
      86
      80
      80
     107
      89
      84
      84
      68
      82
      79
      96
      70
      79
      85
      81
      72
      71
      98
      65
      85
      88
      96
      86
      72
      98
      96
      88
      90
      94
      75
      90
     100
      79
      73
      79
      93
      97
      73
      75
      81
      80
      83
      66
      77
      57
      96
      64
      66
      89
      85
      91
      84
      85
      94
      82
      89
      87
      82
      71
      67
      84
      78
      83
      92
      83
      77
      92
      96
      68
      74
     103
      66
     103
      73
      78
      70
      88
      83
     106
      84
      78
      97
      77
      75
      82
      72
      90
      68
      85
      87
      99
      66
      91
      81
      74
      95
      80
      79
      84
      80
      79
      98
      81
      95
      80
      80
      78
      83
      82
      80
     105
      75
      80
      76
      80
      79
      93
      97
      93
      80
      79
      73
      86
      88
      89
      75
      78
      72
      95
      92
      81
     100
      85
      78
      90
      67
      67
      69
      87
      74
      94
     101
      81
      94
      91
      72
      81
      71
      68
      74
      69
      72
      72
      92
      80
      82
      98
      97
      88
      71
      94
      95
      90
      76
      80
      75
      85
     101
      84
      81
      76
      73
      81
      78
      98
      86
      93
      66
      80
      77
      77
      76
      80
      76
      70
      76
      56
      78
      78
      87
      76
      78
      67
      69
      97
      75
      78
      77
      80
      95
      72
      72
      91
      75
      70
      84
      81
      71
      86
      69
      73
      67
      85
      75
      64
      74
      80
      80
      75
      78
      74
      77
      59
      74
      88
      75
      82
      81
      64
      85
      82
      53
      75
      86
      66
      81
      81
      71
      78
      85
      83
      84
      75
      72
      74
      78
      73
      74
      65
      76
      69
      70
      73
      86
      60
      79
      79
      78
      80
      95
      67
      77
      73
      73
      75
      66
      90
      59
      61
      81
      81
      78
      76
      73
      64
      74
      60
      60
      63
      68
      59
      73
      89
      83
      86
      84
      73
      74
      72
      68
      60
      78
      61
      85
      78
      73
      94
      78
      73
      79
      70
      62
      66
      74
      70
      73
      66
      70
      60
      81
      67
      68
      88
      74
      59
      83
      61
      74
      60
      72
      78
      77
      61
      59
      71
      62
      87
      71
      73
      68
      77
      76
      62
      73
      58
      69
      78
      67
      74
      56
      64
      62
      62
      54
      65
      69
      82
      52
      77
      66
      63
      51
      70
      67
      70
      62
      61
      65
      53
      70
      62
      55
      56
      78
      62
      53
      61
      74
      63
      50
      73
      61
      59
      75
      75
      63
      76
      72
      64
      68
      62
      66
      72
      65
      81
      71
      60
      73
      71
      69
      53
      63
      66
      64
      69
      72
      62
      59
      69
      59
      53
      55
      63
      70
      68
      52
      70
      67
      61
      62
      70
      59
      62
      76
      78
      66
      66
      50
      69
      59
      58
      61
      64
      63
      60
      73
      66
      46
      62
      75
      64
      54
      55
      48
      61
      62
      62
      58
      64
      69
      62
      72
      64
      65
      69
      67
      72
      58
      52
      54
      73
      61
      64
      62
      61
      76
      75
      56
      71
      60
      52
      59
      64
      66
      40
      67
      49
      52
      63
      53
      65
      60
      62
      52
      75
      66
      68
      66
      67
      63
      51
      66
      59
      75
      74
      60
      59
      57
      60
      58
      66
      58
      63
      61
      72
      43
      52
      57
      66
      63
      70
      83
      58
      55
      65
      59
      57
      71
      83
      65
      61
      61
      53
      68
      62
      65
      61
      56
      58
      57
      62
      56
      63
      57
      68
      60
      75
      64
      56
      57
      62
      51
      60
      68
      56
      66
      74
      66
      51
      79
      66
      56
      52
      64
      71
      57
      66
      61
      64
      64
      57
      70
      64
      69
      52
      61
      54
      50
      52
      64
      56
      53
      80
      65
      50
      56
      59
      72
      43
      66
      56
      69
      70
      57
      60
      60
      57
      63
      61
      57
      70
      69
      62
      54
      64
      52
      64
      62
      51
      65
      73
      65
      75
      66
      60
      54
      74
      80
      69
      67
      67
      75
      84
      58
      65
      73
      59
      54
      63
      61
      52
      59
      67
      68
      60
      61
      62
      67
      65
      69
      61
      58
      66
      56
      57
      55
      55
      58
      61
      55
      43
      57
      66
      63
      65
      45
      57
      63
      61
      66
      60
      68
      61
      59
      61
      76
      58
      64
      67
      59
      61
      64
      65
      54
      59
      61
      61
      64
      62
      68
      58
      57
      63
      61
      68
      49
      56
      60
      53
      53
      46
      74
      73
      52
      61
      63
      74
      64
      57
      53
      61
      49
      70
      51
      59
      59
      56
      52
      64
      71
      55
      59
      62
      66
      72
      51
      63
      77
      78
      68
      57
      64
      60
      57
      58
      77
      66
      63
      62
      54
      69
      66
      60
      74
      59
      59
      66
      64
      70
      66
      62
      65
      65
      74
      58
      64
      69
      58
      64
      69
      68
      77
      60
      58
      59
      60
      63
      63
      59
      73
      63
      71
      72
      63
      78
      63
      71
      52
      58
      72
      63
      67
      52
      84
      65
      71
      66
      62
      64
      73
      75
      62
      77
      61
      68
      66
      59
      67
      80
      72
      72
      73
      57
      58
      65
      73
      67
      56
      72
      58
      80
      64
      59
      66
      60
      63
      60
      58
      67
      64
      67
      58
      82
      56
      61
      52
      52
      57
      63
      61
      84
      53
      56
      53
      65
      86
      73
      70
      67
      55
      67
      56
      56
      62
      52
      68
      72
      67
      57
      67
      65
      73
      69
      73
      80
      71
      63
      60
      70
      82
      91
      68
      67
      73
      79
      64
      76
      59
      77
      66
      75
      76
      79
      55
      59
      72
      71
      58
      62
      67
      67
      56
      66
      64
      74
      81
      76
      61
      73
      80
      83
      61
      75
      73
      68
      79
      66
      57
      58
      67
      77
      73
      66
      82
      73
      86
      77
      85
      66
      90
      77
      67
      64
      69
      98
      69
      69
      82
      88
      64
      62
      81
      62
      63
      76
      49
      71
      83
      64
      67
      71
      72
      81
      77
      73
      69
      85
      62
      66
      86
      64
      73
      82
     100
      61
      68
      70
      71
      87
      64
      63
      86
      65
      65
      80
      78
      80
      68
      72
      77
      61
      73
      71
      72
      61
      76
      80
      77
      69
      77
      67
      92
      67
      96
      82
      72
      79
      94
      82
      72
     102
      71
      82
      92
      80
      67
      85
      84
      90
      73
      88
     101
      89
      86
      76
      77
     100
      70
      75
      93
      86
      76
      88
      92
      98
      52
      87
      62
      78
      92
      90
      87
     104
      89
      74
      81
      86
      81
      94
      84
      83
      94
      69
      89
      82
      86
      78
      97
      95
      86
      92
      72
      88
     104
      91
      86
     108
      83
      70
      86
      89
      99
      77
     106
     101
      89
      96
      89
     100
      89
      97
      99
      92
      78
      83
     112
      94
     104
      92
     103
     116
      93
      93
      99
      95
      73
     105
      88
     102
     105
      99
      96
      87
      77
      74
      85
      84
     103
      87
      86
      92
      83
      84
      66
      95
      93
      78
      94
      86
     109
     101
      87
      80
      96
      72
      86
     111
      92
      92
      85
      98
      92
     102
      77
      86
     108
      77
      86
      81
      74
      85
      81
      83
      80
      98
      79
      75
      70
      84
      69
      77
      69
      73
      70
      60
      68
      71
      67
      72
      74
      72
      67
      56
      57
      53
      65
      65
      62
      53
      49
      51
      53
      39
      55
      47
      53
      51
      62
      51
      60
      63
      46
      66
      41
      48
      53
      53
      47
      46
      39
      55
      49
      36
      40
      46
      38
      50
      52
      45
      57
      59
      37
      38
      40
      37
      52
      52
      41
      47
      48
      44
      58
      47
      47
      52
      45
      38
      37
      44
      34
      40
      34
      47
      39
      45
      49
      41
      50
      34
      44
      39
      43
      45
      44
      34
      40
      64
      53
      46
      36
      53
      36
      24
      32
      38
      31
      42
      47
      35
      38
      41
      37
      21
      35
      42
      44
      39
      40
      47
      32
      35
      40
      41
      42
      43
      43
      45
      39
      32
      47
      34
      29
      49
      31
      51
      35
      37
      41
      26
      33
      35
      47
      40
      36
      30
      38
      46
      35
      27
      21
      40
      40
      24
      34
      23
      35
      25
      41
      37
      41
      32
      29
      29
      35
      30
      27
      34
      35
      31
      23
      34
      38
      35
      27
      34
      34
      23
      40
      27
      39
      24
      24
      29
      29
      49
      27
      27
      31
      24
      42
      35
      26
      23
      33
      37
      37
      37
      23
      28
      32
      27
      24
      29
      34
      31
      23
      16
      26
      30
      24
      31
      25
      20
      30
      32
      34
      31
      37
      16
      34
      29
      28
      15
      29
      30
      18
      29
      28
      21
      18
      26
      24
      23
      24
      31
      24
      27
      37
      23
      32
      31
      22
      22
      25
      27
      28
      21
      23
      24
      19
      13
      21
      19
      24
      28
      24
      18
      22
      19
      17
      15
      21
      20
      18
      29
      18
      33
      24
      27
      21
      16
      18
      20
      23
      14
      10
      19
      15
      22
      18
      21
      21
      16
      19
      17
      16
      18
      24
      20
      15
      14
      16
      19
      22
      24
      19
      10
      16
      15
      21
      14
      10
      15
      16
      16
      17
      24
      21
      23
      21
      10
      18
      29
      10
      16
      15
      14
       8
      11
      21
      12
      13
      14
      19
      19
      10
      13
      22
      18
      13
      15
      16
      19
      13
      13
      13
      15
      12
      11
      19
      15
      11
      15
      16
      19
      19
      17
      15
      17
      14
      13
      11
      16
      15
       8
       7
       8
       8
      15
      12
      10
      15
      12
      11
      15
       9
      13
       8
      11
      12
      10
      11
      12
      16
      11
      12
      15
      14
      15
      14
       9
      13
      17
      16
      12
      11
      12
       9
      12
       8
       5
       8
      12
      12
      10
      10
      17
      16
      12
       9
      10
       8
      14
       8
      14
      14
      10
       6
      15
       3
      15
      10
      11
       6
       8
       5
      11
      11
      12
      16
      11
      14
      11
      20
      19
      10
      19
       9
      11
       8
      16
      11
      13
      12
      17
      11
       9
       7
       7
       5
       6
      11
      12
      16
      15
      12
      10
      20
       9
      16
       9
      10
      10
      11
      13
       7
      13
       9
       9
      11
      11
      12
       8
       7
       7
       8
      11
       8
       9
       8
       3
       9
      15
       5
       7
      14
       9
       4
       5
      14
      11
       8
       9
      11
      12
      10
      10
       7
      14
       8
       7
      15
       4
       7
       5
       9
       9
       8
      12
       8
       8
      10
       9
      13
      13
      13
       9
      11
       9
       9
      16
       6
       6
      10
      13
      13
       9
       7
      12
       7
      18
      12
       5
      17
      10
      18
      25
      16
      23
      22
      10
      17
      12
      17
      11
       5
       8
       9
       7
      12
       6
       8
       9
      14
      11
       5
       8
       7
       6
      14
       8
      12
       3
      10
       6
       9
      11
      13
      12
       7
      11
      10
      12
       7
      12
       7
      10
       7
       4
      10
       7
      12
       5
      10
       8
      11
      13
       7
       8
      10
       7
       9
      12
       9
       7
      13
       5
       7
      18
       9
       6
       5
       6
       8
       5
      20
       7
       3
       9
       7
       9
       8
       7
       7
       3
      11
       5
       3
       5
      10
       5
       4
       8
      10
       7
      13
      11
       7
       6
      10
       8
      11
      10
       7
       8
       7
       9
       8
       9
      10
       6
       9
       5
       6
       9
       4
       9
       5
       7
       4
       8
       7
       8
       9
       8
      11
      11
       8
       8
       6
       8
       8
      11
      11
       7
       9
       9
      12
      10
      13
       9
      12
       7
       6
      11
       8
       6
       6
       6
       8
      11
      12
       7
       9
      10
      15
      14
      10
      16
      11
      11
      11
       6
       7
       3
       6
       9
       8
      13
       7
      11
      16
      11
       7
      12
       9
       6
       4
      10
      13
      11
       7
       9
      11
      12
       5
      19
      10
      12
       8
      11
      14
      14
      17
       9
      12
      14
      23
      11
      26
      24
      58
      88
     144
     247
     428
     758
    1158
    1764
    2482
    3229
    3827
    4235
    4225
    4139
    3503
    2822
    2097
    1412
     898
     519
     260
     144
      63
      18
      12
       8
       3
       1
       1
       2
       1
       3
       3
       0
       2
       0
       1
       1
       0
       0
       1
       0
       0
       1
       1
       1
       1
       0
       4
       2
       0
       0
       5
       1
       0
       1
       1
       0
       1
       1
       1
       0
       1
       1
       0
       2
       1
       0
       2
       1
       1
       1
       0
       1
       0
       3
       2
       2
       1
       0
       2
       0
       0
       3
       1
       3
       1
       2
       1
       1
       1
       1
       1
       1
       0
       2
       0
       2
       0
       0
       0
       0
       0
       0
       2
       0
       0
       1
       1
       1
       1
       3
       0
       1
       0
       0
       0
       0
       1
       0
       0
       0
       1
       1
       2
       0
       0
       1
       1
       5
       1
       1
       0
       3
       0
       1
       0
       1
       1
       2
       2
       0
       1
       2
       1
       0
       2
       0
       0
       1
       0
       2
       0
       0
       2
       2
       0
       3
       2
       0
       1
       2
       0
       1
       1
       1
       1
       0
       1
       2
       2
       0
       1
       1
       0
       2
       1
       1
       0
       1
       0
       1
       1
       2
       1
       0
       1
       1
       3
       1
       0
       0
       1
       1
       0
       1
       0
       1
       0
       1
       1
       0
       0
       0
       0
       1
       1
       0
       0
       1
       1
       3
       0
       0
       0
       1
       0
       1
       1
       1
       1
       0
       1
       1
       2
       0
       3
       0
       1
       0
       0
       1
       1
       3
       0
       1
       1
       0
       4
       0
       1
       0
       0
       1
       1
       0
       1
       1
       2
       1
       0
       0
       0
       1
       1
       0
       3
       1
       0
       2
       0
       2
       0
       3
       0
       2
       1
       2
       2
       0
       0
       0
       0
       0
       3
       3
       0
       1
       1
       1
       0
       2
       2
       1
       1
       0
       2
       1
       2
       1
       2
       1
       1
       1
       2
       2
       1
       2
       1
       0
       1
       0
       0
       0
       1
       0
       0
       0
       1
       0
       0
       0
       1
       1
       0
       0
       2
       0
       0
       1
       1
       1
       1
       0
       0
       0
       2
       1
       2
       1
       0
       0
       1
       1
       2
       1
       0
       1
       1
       0
       1
       1
       0
       1
       0
       0
       0
       0
       0
       2
       1
       1
       0
       1
       1
       1
       1
       1
       0
       2
       1
       3
       0
       1
       0
       2
       1
       0
       0
       0
       1
       1
       0
       1
       1
       1
       2
       1
       2
       1
       1
       0
       1
       1
       1
       0
       3
       0
       3
       0
       0
       1
       1
       0
       1
       1
       1
       0
       2
       0
       0
       1
       1
       1
       2
       0
       0
       1
       0
       1
       0
       0
       0
       0
       0
       1
       0
       1
       2
       1
       1
       0
       2
       0
       0
       1
       3
       2
       2
       3
       0
       1
       2
       2
       2
       1
       0
       0
       0
       3
       1
       0
       1
       2
       0
       0
       0
       0
       1
       0
       1
       1
       1
       1
       2
       1
       1
       2
       1
       1
       1
       0
       1
       0
       2
       0
       1
       1
       0
       0
       0
       0
       1
       1
       1
       0
       1
       2
       3
       3
       0
       1
       2
       4
       0
       2
       0
       1
       0
       0
       2
       0
       0
       1
       2
       2
       0
       0
       2
       0
       0
       0
       1
       0
       0
       0
       0
       1
       0
       0
       0
       0
       1
       0
       0
       2
       1
       0
       1
       3
       1
       1
       1
       0
       0
       0
       2
       0
       1
       3
       2
       2
       2
       1
       2
       2
       2
       1
       0
       0
       0
       2
       0
       2
       2
       0
       0
       0
       0
       0
       0
       0
       0
       1
       1
       1
       2
       1
       2
       2
       0
       3
       1
       2
       0
       1
       1
       1
       2
       1
       2
       0
       0
       1
       0
       2
       1
       0
       0
       3
       1
       2
       0
       1
       2
       0
       0
       1
       0
       1
       1
       1
       0
       2
       0
       0
       1
       1
       2
       0
       2
       2
       0
       0
       1
       1
       0
       0
       2
       1
       2
       0
       1
       0
       1
       0
       1
       1
       0
       0
       0
       0
       0
       0
       0
       0
       0
       0
       0
       1
       1
       1
       3
       2
       2
       1
       0
       0
       0
       2
       1
       0
       1
       0
       0
       1
       0
       2
       2
       0
       0
       0
       0
       1
       0
       1
       0
       0
       1
       0
       0
       3
       0
       2
       2
       1
       2
       0
       1
       0
       5
       0
       1
       1
       0
       0
       1
       0
       0
       0
       0
       0
       0
       0
       4
       1
       0
       0
       1
       0
       1
       1
       1
       1
       3
       0
       1
       0
       0
       1
       1
       0
       2
       0
       0
       1
       0
       1
       1
       2
       1
       0
       1
       1
       2
       2
       0
       0
       4
       3
       0
       3
       0
       0
       2
       1
       1
       0
       2
       0
       0
       1
       1
       0
       1
       2
       2
       1
       1
       0
       0
       1
       0
       0
       0
       1
       0
       2
       0
       1
       1
       1
       0
       2
       0
       0
       0
       1
       1
       1
       1
       3
       0
       0
       2
       0
       0
       1
       3
       1
       4
       1
       1
       1
       1
       0
       0
       0
       0
       0
       0
       1
       1
       0
       1
       1
       3
       1
       2
       0
       0
       2
       2
       0
       0
       2
       2
       2
       3
       1
       1
       0
       1
       1
       1
       0
       2
       2
       0
       0
       0
       1
       1
       0
       0
       1
       1
       1
       2
       0
       0
       1
       1
       1
       2
       0
       0
       0
       1
       0
       0
       0
       0
       1
       1
       0
       0
       0
       0
       1
       0
       2
       1
       1
       0
       0
       0
       3
       1
       0
       1
       0
       0
       1
       3
       2
       1
       1
       0
       2
       1
       0
       0
       1
       1
       0
       1
       0
       2
       0
       1
       2
       3
       1
       0
       0
       0
       1
       2
       0
       2
       0
       1
       1
       0
       1
       0
       1
       2
       2
       1
       0
       0
       2
       0
       1
       4
       0
       0
       1
       0
       0
       0
       1
       2
       1
       0
       2
       2
       1
       1
       0
       2
       1
       1
       1
       1
       0
       0
       0
       1
       0
       0
       3
       0
       0
       0
       0
       0
       4
       1
       0
       0
       0
       2
       1
       1
       3
       0
       1
       0
       2
       0
       1
       0
       0
       0
       0
       1
       0
       0
       0
       0
       1
       0
       1
       0
       1
       1
       0
       2
       1
       2
       1
       1
       0
       0
       0
       0
       1
       1
       1
       0
       2
       0
       1
       0
       1
       2
       0
       0
       1
       0
       1
       1
       1
       2
       3
       4
       3
       3
       0
       7
       2
       2
       2
       0
       1
       1
       0
       0
       0
       0
       1
       1
       0
       0
       0
       0
       1
       0
       0
       1
       0
       0
       1
       1
       0
       2
       2
       0
       1
       1
       3
       0
       2
       1
       1
       0
       1
       1
       1
       0
       2
       0
       1
       0
       0
       0
       1
       0
       0
       1
       0
       0
       0
       0
       1
       0
       0
       0
       1
       0
       0
       0
       0
       1
       0
       0
       0
       1
       0
       2
       0
       0
       1
       1
       0
       0
       2
       1
       3
       2
       1
       0
       3
       1
       0
       0
       0
       1
       2
       0
       0
       0
       0
       1
       0
       1
       2
       0
       0
       0
       0
       0
       0
       1
       0
       1
       1
       0
       1
       0
       0
       0
       0
       0
       0
       0
       1
       1
       1
       1
       0
       1
       2
       1
       0
       0
       0
       0
       0
       1
       2
       1
       0
       0
       3
       2
       2
       0
       0
       0
       1
       0
       0
       2
       1
       2
       1
       0
       1
       3
       0
       1
       0
       1
       0
       0
       2
       1
       1
       1
       1
       0
       1
       0
       1
       0
       0
       0
       0
       0
       0
       0
       0
       0
       1
       0
       1
       1
       0
       0
       0
       1
       0
       0
       0
       0
       0
       1
       0
       0
       0
       1
       0
       0
       1
       0
       1
       0
       3
       1
       1
       1
       1
       2
       0
       1
       0
       1
       3
       1
       4
       0
       0
       2
       0
       0
       3
       3
       0
       1
       1
       2
       3
       1
       1
       2
       2
       3
       1
       0
       1
       1
       0
       0
       2
       0
       0
       1
       1
       0
       1
       0
       0
       1
       0
       0
       1
       0
       2
       0
       2
       0
       0
       0
       0
       0
       1
       0
       1
       2
       0
       0
       1
       0
       1
       0
       1
       1
       0
       0
       1
       1
       0
       0
       0
       0
       0
       0
       0
       0
       0
       2
       0
       1
       0
       1
       0
       0
       1
       0
       0
       2
       1
       2
       0
       2
       0
       2
       0
       0
       0
       0
       0
       0
       0
       0
       0
       3
       1
       0
       0
       0
       0
       1
       1
       1
       1
       0
       0
       1
       1
       3
       0
       0
       1
       0
       1
       0
       0
       2
       1
       0
       0
       0
       0
       1
       1
       1
       1
       0
       0
       0
       0
       1
       1
       0
       0
       0
       1
       0
       0
       2
       0
       0
       0
       1
       0
       0
       0
       2
       0
       1
       0
       2
       0
       1
       1
       0
       0
       0
       1
       1
       4
       0
       0
       0
       0
       0
       1
       0
       0
       0
       0
       0
       0
       0
       1
       1
       1
       1
       0
       0
       0
       0
       0
       1
       1
       0
       1
       1
       2
       2
       0
       0
       0
       0
       1
       1
       1
       0
       2
       1
       0
       0
       0
       1
       0
       2
       1
       1
       0
       2
       0
       0
       0
       1
       0
       1
       1
       2
       0
       1
       0
       1
       1
       1
       0
       1
       0
       0
       0
       1
       2
       0
       1
       0
       1
       0
       1
       0
       1
       2
       0
       1
       0
       0
       0
       4
       1
       0
       1
       2
       1
       2
       0
       0
       1
       0
       2
       1
       0
       0
       2
       1
       3
       1
       0
       0
       0
       0
       0
       1
       0
       1
       0
       0
       1
       1
       0
       1
       0
       0
       0
       0
       0
       1
       0
       1
       0
       4
       1
       0
       1
       0
       0
       1
       1
       0
       1
       0
       0
       1
       1
       0
       0
       1
       0
       0
       0
       0
       0
       0
       0
       0
       2
       0
       2
       0
       1
       0
       0
       0
       1
       0
       1
       0
       0
       2
       0
       0
       0
       0
       0
       0
       3
       0
       0
       3
       0
       1
       0
       0
       1
       0
       1
       3
       1
       0
       0
       1
       1
       0
       0
       0
       1
       0
       0
       1
       0
       1
       0
       0
       0
       0
       1
       1
       1
       0
       1
       0
       1
       0
       0
       0
       1
       0
       0
       0
       2
       0
       0
       1
       2
       1
       1
       1
       0
       0
       2
       0
       0
       0
       0
       0
       1
       0
       0
       0
       1
       0
       0
       0
       0
       1
       0
       0
       0
       0
       0
       0
       0
       0
       1
       2
       1
       0
       2
       0
       1
       2
       0
       1
       2
       2
       2
       0
       0
       0
       1
       0
       3
       0
       1
       0
       0
       1
       0
       1
       3
       0
       0
       0
       0
       1
       1
       0
       1
       1
       0
       0
       0
       1
       0
       0
       1
       0
       0
       0
       2
       0
       0
       0
       0
       0
       0
       0
       0
       2
       0
       2
       0
       0
       0
       1
       0
       0
       0
       0
       0
       0
       0
       0
       0
       0
       1
       0
       0
       1
       2
       0
       0
       0
       2
       0
       0
       0
       2
       0
       0
       0
       1
       0
       1
       1
       1
       0
       1
       1
       0
       0
       0
       0
       1
       0
       0
       1
       0
       0
       1
       1
       1
       1
       0
       0
       0
       1
       0
       3
       1
       0
       0
       1
       0
       0
       0
       1
       0
       2
       3
       0
       2
       0
       0
       0
       1
       1
       1
       1
       0
       1
       0
       1
       1
       0
       0
       2
       2
       0
       1
       1
       0
       0
       1
       0
       3
       0
       1
       1
       2
       1
       0
       1
       1
       2
       0
       1
       2
       0
       0
       1
       1
       0
       0
       1
       1
       0
       0
       0
       0
       0
       0
       2
       0
       2
       1
       1
       0
       0
       1
       1
       3
       3
       1
       4
       3
       1
       3
       3
       2
       3
       3
       0
       1
       0
       0
       0
       2
       0
       2
       0
       0
       1
       0
       0
       0
       0
       1
       0
       0
       0
       0
       0
       0
       0
       2
       0
       0
       1
       0
       0
       2
       0
       0
       1
       0
       0
       0
       1
       1
       2
       0
       2
       0
       0
       1
       0
       1
       0
       0
       2
       0
       1
       0
       0
       1
       0
       0
       1
       0
       0
       1
       1
       0
       0
       0
       4
       1
       0
       1
       0
       0
       0
       1
       1
       0
       0
       0
       0
       0
       0
       0
       1
       3
       1
       0
       1
       0
       0
       2
       1
       0
       1
       1
       1
       0
       1
       0
       0
       0
       1
       0
       2
       0
       1
       0
       1
       0
       1
       1
       1
       1
       1
       0
       0
       0
       0
       1
       1
       1
       2
       0
       1
       0
       1
       1
       0
       0
       0
       0
       0
       0
       0
       1
       1
       1
       0
       0
       1
       2
       1
       0
       1
       0
       2
       3
       1
       1
       0
       1
       1
       1
       1
       0
       2
       1
       1
       1
       0
       1
       1
       1
       1
       0
       0
       1
       2
       1
       0
       1
       2
       1
       1
       1
       0
       0
       0
       1
       0
       1
       2
       0
       0
       0
       0
       0
       2
       1
       2
       1
       1
       1
       3
       0
       0
       0
       0
       2
       1
       0
       0
       2
       1
       1
       0
       1
       1
       0
       1
       0
       3
       1
       0
       1
       0
       1
       0
       0
       2
       0
       1
       1
       1
       1
       0
       1
       0
       0
       0
       0
       1
       0
       2
       0
       1
       1
       0
       2
       0
       1
       1
       1
       0
       0
       0
       1
       2
       0
       1
       0
       0
       1
       1
       0
       0
       1
       1
       1
       1
       0
       1
       1
       1
       0
       1
       0
       0
       0
       0
       1
       0
       0
       2
       0
       0
       0
       2
       0
       2
       0
       1
       0
       1
       0
       0
       0
       0
       3
       0
       0
       0
       0
       1
       0
       0
       0
       0
       0
       2
       2
       2
       0
       1
       0
       0
       0
       0
       0
       0
       0
       0
       0
       0
       1
       2
       1
       0
       1
       0
       1
       0
       0
       1
       0
       1
       0
       1
       0
       1
       0
       1
       0
       2
       0
       0
       0
       1
       1
       2
       0
       0
       1
       0
       0
       0
       1
       0
       1
       3
       0
       0
       0
       0
       1
       2
       0
       1
       1
       1
       0
       1
       1
       2
       1
       1
       0
       0
       0
       4
       0
       2
       3
       0
       0
       0
       1
       0
       0
       0
       3
       1
       1
       1
       1
       1
       1
       2
       0
       4
       1
       1
       1
       0
       0
       2
       0
       1
       0
       1
       2
       1
       2
       0
       0
       1
       0
       0
       0
       0
       0
       2
       1
       0
       0
       1
       1
       1
       0
       0
       0
       0
       0
       0
       0
       1
       2
       1
       1
       5
       1
       1
       0
       0
       1
       0
       0
       0
       0
       0
       0
       0
       2
       2
       0
       0
       0
       0
       0
       0
       0
       1
       0
       0
       0
       0
       0
       0
       1
       2
       0
       4
       3
       0
       1
       0
       1
       2
       0
       0
       0
       0
       0
       1
       0
       1
       1
       0
       0
       1
       0
       2
       0
       1
       2
       0
       1
       2
       1
       1
       0
       0
       0
       0
       0
       0
       0
       0
       1
       0
       1
       2
       0
       1
       1
       0
       0
       1
       0
       0
       1
       0
       0
       0
       1
       1
       1
       1
       0
       0
       2
       1
       1
       0
       0
       1
       0
       0
       0
       0
       0
       0
       0
       0
       0
       0
       0
       0
       0
       0
       0
       2
       0
       0
       0
       1
       0
       0
       0
       0
       0
       2
       1
       0
       0
       0
       0
       0
       2
       0
       0
       1
       0
       0
       1
       0
       1
       1
       3
       2
       0
       1
       0
       0
       0
       0
       1
       0
       1
       0
       0
       0
       0
       0
       0
       1
       1
       1
       1
       0
       2
       0
       1
       1
       0
       0
       0
       0
       0
       0
       1
       0
       1
       0
       0
       0
       0
       2
       0
       0
       1
       2
       0
       0
       0
       0
       0
       1
       2
       1
       0
       1
       1
       0
       0
       1
       0
       2
       1
       0
       1
       0
       0
       1
       1
       0
       0
       2
       1
       1
       1
       0
       0
       0
       0
       0
       1
       0
       0
       3
       0
       2
       0
       1
       1
       2
       1
       0
       0
       1
       1
       1
       0
       0
       0
       1
       0
       0
       0
       0
       0
       0
       0
       0
       0
       1
       1
       0
       0
       1
       1
       0
       1
       0
       0
       0
       1
       1
       0
       0
       0
       0
       1
       1
       0
       0
       0
       0
       0
       0
       0
       0
       0
       0
       0
       0
       0
       1
       0
       0
       0
       0
       1
       0
       0
       1
       1
       0
       0
       0
       0
       0
       0
       0
       0
       0
       1
       0
       0
       0
       0
       0
       0
       2
       1
       0
       1
       0
       1
       0
       0
       2
       0
       0
       1
       0
       0
       0
       0
       1
       1
       0
       1
       0
       0
       0
       2
       0
       2
       0
       1
       1
       0
       0
       1
       0
       1
       0
       0
       0
       0
       0
       0
       0
       0
       0
       0
       0
       0
       0
       0
       0
       0
       0
       0
       0
       0
       0
       0
       1
       0
       0
       0
       0
       0
       2
       1
       0
       0
       0
       0
       0
       0
       1
       0
       0
       0
       0
       0
       0
       0
       0
       0
       0
       0
       0
       0
       1
       0
       0
       0
       0
       1
       0
       0
       0
       0
       1
       1
       1
       0
       0
       0
       1
       0
       1
       0
       0
       0
       0
       1
       0
       0
       1
       1
       0
       0
       0
       0
       0
       0
       0
       1
       0
       0
       0
       0
       0
       0
       1
       1
       0
       0
       0
       0
       0
       0
       0
       0
       0
       0
       0
       0
       2
       0
       1
       0
       0
       1
       0
       1
       2
       0
       0
       2
       0
       1
       0
       0
       2
       2
       0
       0
       0
       0
       0
       0
       0
       0
       0
       0
       0
       0
       0
       1
       0
       1
       1
       0
       0
       0
       0
       0
       0
       0
       1
       0
       1
       0
       1
       2
       0
       1
       0
       0
       2
       0
       1
       0
       0
       0
       0
       1
       1
       0
       0
       0
       0
       1
       0
       0
       0
       0
       0
       0
       2
       0
       1
       0
       0
       0
       0
       1
       2
       0
       0
       1
       0
       0
       1
       0
       0
       1
       0
       0
       0
       0
       0
       0
       0
       1
       0
       0
       0
       0
       0
       0
       0
       0
       0
       0
       0
       0
       0
       0
       1
       0
       0
       0
       0
       1
       0
       0
       0
       1
       0
       1
       0
       0
       0
       1
       0
       0
       0
       0
       0
       2
       0
       0
       0
       2
       0
       2
       0
       0
       0
       0
       2
       0
       0
       0
       0
       0
       0
       0
       0
       0
       0
       0
       0
       0
       0
       0
       0
       0
       0
       0
       0
       0
       0
       0
       2
       1
       0
       0
       0
       1
       0
       0
       0
       0
       0
       0
       0
       0
       0
       0
       0
       1
       0
       0
       0
       0
       0
       0
       0
       0
       0
       0
       1
       0
       0
       0
       0
       1
       1
       0
       0
       1
       0
       0
       1
       0
       0
       0
       0
       1
       1
       0
       0
       0
       0
       0
       0
       0
       0
       2
       0
       0
       1
       0
       0
       0
       1
       1
       0
       1
       1
       0
       0
       1
       0
       0
       0
       0
       0
       0
       0
       0
       1
       1
       1
       0
       0
       1
       0
       0
       1
       0
       0
       0
       0
       0
       1
       0
       1
       0
       0
       0
       0
       0
       0
       0
       0
       0
       2
       0
       0
       0
       0
       0
       0
       0
       0
       1
       1
       0
       0
       0
       1
       0
       0
       0
       1
       1
       0
       0
       0
       0
       0
       0
       0
       0
       0
       0
       0
       1
       0
       0
       2
       0
       0
       0
       0
       0
       0
       0
       0
       1
       0
       1
       1
       0
       0
       0
       0
       0
       0
       0
       0
       1
       0
       0
       0
       0
       0
       0
       0
       0
       0
       1
       0
       0
       1
       0
       0
       0
       1
       0
       0
       1
       0
       0
       2
       0
       0
       1
       0
       0
       0
       0
       0
       0
       0
       2
       0
       0
       0
       0
       0
       1
       0
       1
       1
       0
       0
       0
       0
       0
       0
       0
       0
       0
       1
       0
       0
       0
       1
       0
       0
       0
       0
       1
       1
       0
       0
       0
       0
       0
       0
       2
       0
       1
       0
       0
       1
       0
       0
       1
       1
       1
       0
       0
       0
       0
       1
       0
       0
       1
       0
       0
       0
       0
       0
       0
       0
       0
       0
       0
       0
       0
       0
       0
       0
       0
       0
       0
       0
       1
       0
       0
       0
       0
       0
       0
       0
       0
       1
       0
       2
       0
       0
       1
       2
       4
       4
       1
       5
      11
      14
       7
      14
      15
      15
      11
      19
      14
      11
      14
       7
       6
       3
       1
       1
       0
       0
       0
       0
       0
       0
       0
       0
       1
       0
       0
       0
       0
       0
       0
       0
       0
       0
       0
       0
       0
       0
       0
       0
       0
       0
       0
       0
       0
       0
       0
       1
       0
       0
       0
       0
       0
       0
       0
       0
       0
       0
       0
       0
       0
       0
       0
       0
       0
       0
       0
       1
       0
       0
       0
       0
       0
       0
       0
       0
       0
       0
       1
       0
       0
       0
       0
       0
       0
       1
       0
       1
       0
       0
       0
       0
       0
       0
       0
       1
       0
       0
       0
       0
       0
       0
       0
       0
       0
       0
       0
       1
       0
       0
       1
       0
       0
       0
       0
       0
       0
       0
       0
       0
       0
       0
       0
       0
       0
       0
       0
       0
       0
       0
       0
       0
       0
       0
       0
       0
       0
       0
       0
       0
       0
       0
       0
       0
       0
       0
       0
       0
       1
       0
       1
       0
       0
       0
       0
       0
       0
       0
       0
       0
       0
       1
       1
       0
       1
       1
       0
       0
       0
       0
       0
       0
       0
       0
       0
       1
       0
       0
       0
       0
       0
       0
       0
       0
       0
       1
       0
       0
       1
       0
       0
       0
       0
       1
       0
       0
       0
       0
       0
       1
       0
       0
       0
       0
       0
       1
       1
       0
       0
       0
       0
       0
       0
       0
       0
       0
       1
       0
       1
       0
       1
       0
       0
       1
       0
       0
       0
       0
       0
       0
       0
       0
       0
       0
       1
       0
       0
       0
       0
       0
       0
       0
       0
       0
       1
       0
       0
       0
       0
       0
       0
       0
       0
       1
       0
       0
       0
       0
       0
       0
       0
       0
       0
       0
       0
       0
       0
       0
       0
       0
       0
       0
       0
       0
       1
       0
       0
       0
       0
       0
       1
       0
       0
       0
       0
       0
       0
       0
       0
       0
       0
       0
       0
       0
       0
       1
       0
       0
       0
       0
       0
       0
       0
       0
       0
       1
       0
       0
       0
       0
       0
       0
       1
       0
       1
       0
       0
       0
       0
       0
       0
       0
       0
       0
       0
       0
       0
       0
       0
       0
       0
       0
       0
       0
       0
       0
       0
       0
       0
       0
       0
       0
       0
       0
       0
       0
       0
       0
       0
       0
       0
       0
       0
       0
       0
       0
       0
       0
       0
       0
       0
       0
       0
       0
       0
       0
       0
       0
       0
       0
       0
       0
       0
       0
       0
       1
       0
       0
       0
       1
       0
       0
       0
       0
       1
       0
       0
       0
       0
       0
       0
       0
       0
       0
       0
       0
       0
       0
       0
       0
       0
       0
       0
       1
       0
       0
       0
       0
       0
       0
       0
       0
       0
       0
       0
       0
       0
       0
       0
       0
       0
       0
       0
       0
       0
       0
       0
       0
       0
       0
       0
       0
       2
       0
       0
       0
       0
       0
       0
       0
       0
       0
       0
       0
       0
       0
       0
       0
       0
       0
       0
       0
       0
       0
       0
       0
       0
       0
       1
       0
       0
       0
       0
       0
       0
       0
       0
       1
       0
       0
       1
       0
       0
       0
       1
       0
       0
       0
       0
       0
       0
       0
       0
       0
       0
       0
       1
       0
       0
       0
       1
       0
       0
       0
       1
       0
       0
       0
       0
       0
       0
       0
       0
       0
       0
       0
       0
       1
       1
       0
       1
       0
       1
       0
       0
       0
       0
       0
       0
       0
       0
       0
       0
       1
       0
       1
       0
       0
       0
       0
       0
       0
       0
       0
       0
       0
       0
       0
       0
       1
       0
       1
       0
       0
       0
       0
       0
       0
       0
       0
       0
       0
       0
       1
       0
       0
       0
       0
       0
       0
       0
       0
       0
       0
       0
       0
       0
       1
       0
       0
       1
       0
       0
       1
       0
       0
       0
       0
       0
       0
       0
       0
       0
       1
       0
       0
       1
       0
       0
       0
       0
       0
       0
       0
       0
       0
       0
       0
       0
       1
       0
       0
       0
       0
       0
       0
       0
       0
       0
       0
       0
       1
       0
       1
       0
       0
       0
       0
       0
       0
       0
       1
       0
       0
       0
       0
       0
       1
       0
       0
       0
       0
       0
       0
       0
       0
       0
       0
       1
       0
       0
       0
       0
       1
       0
       0
       0
       1
       0
       0
       0
       1
       0
       0
       0
       0
       0
       0
       0
       0
       0
       0
       1
       0
       1
       0
       0
       0
       0
       0
       0
       0
       0
       0
       0
       1
       0
       0
       0
       0
       0
       0
       0
       0
       0
       0
       0
       0
       0
       0
       1
       0
       0
       0
       0
       0
       1
       0
       0
       0
       0
       0
       0
       0
       0
       0
       0
       0
       0
       0
       0
       0
       0
       0
       0
       0
       0
       0
       0
       0
       0
       0
       0
       0
       0
       0
       0
       0
       0
       1
       0
       0
       0
       0
       0
       0
       0
       0
       0
       0
       0
       0
       0
       0
       0
       0
       0
       1
       0
       0
       0
       0
       0
       0
       0
       0
       1
       0
       0
       0
       0
       0
       0
       0
       0
       0
       0
       0
       0
       0
       0
       0
       0
       0
       0
       0
       0
       0
       0
       0
       0
       0
       0
       0
       0
       0
       0
       0
       0
       0
       1
       0
       0
       1
       0
       0
       0
       0
       0
       0
       0
       0
       0
       0
       0
       1
       0
       0
       0
       0
       0
       0
       0
       0
       0
       0
       0
       0
       1
       0
       0
       0
       0
       0
       0
       0
       0
       0
       0
       0
       0
       0
       0
       0
       0
       0
       0
       0
       0
       0
       0
       0
       0
       0
       0
       0
       0
       0
       0
       0
       0
       0
       0
       0
       1
       0
       0
       0
       0
       0
       0
       0
       0
       0
       1
       0
       0
       0
       0
       0
       0
       0
       0
       0
       0
       1
       0
       0
       1
       0
       0
       0
       0
       0
       0
       0
       0
       0
       0
       0
       0
       0
       0
       0
       1
       0
       0
       0
       0
       0
       0
       0
       0
       0
       1
       0
       0
       0
       0
       0
       0
       0
       0
       1
       0
       0
       0
       0
       0
       0
       0
       0
       0
       0
       0
       0
       0
       0
       0
       0
       0
       0
       0
       0
       0
       0
       0
       1
       0
       0
       0
       0
       0
       0
       0
       0
       0
       0
       0
       0
       0
       0
       0
       0
       0
       0
       0
       0
       0
       0
       0
       0
       1
       0
       0
       0
       0
       0
       0
       0
       0
       0
       0
       0
       0
       1
       0
       0
       0
       0
       0
       0
       0
       0
       0
       0
       0
       0
       0
       0
       0
       0
       0
       0
       0
       0
       0
       0
       0
       0
       0
       0
       0
       0
       0
       0
       0
       0
       0
       0
       0
       0
       0
       0
       0
       0
       0
       0
       0
       0
       0
       0
       0
       0
       0
       0
       0
       0
       0
       0
       0
       0
       0
       0
       0
       0
       0
       0
       0
       0
       0
       0
       0
       0
       0
       1
       0
       0
       0
       1
       0
       0
       0
       0
       0
       1
       1
       0
       1
       0
       0
       0
       1
       0
       0
       0
       0
       0
       1
       0
       0
       0
       0
       0
       0
       0
       0
       1
       0
       0
       1
       0
       0
       0
       0
       0
       0
       0
       0
       0
       0
       0
       0
       0
       0
       0
       0
       0
       0
       1
       1
       0
       0
       0
       0
       0
       0
       0
       0
       0
       0
       0
       0
       0
       0
       0
       0
       0
       0
       0
       0
       1
       0
       1
       0
       0
       0
       0
       0
       1
       0
       0
       0
       0
       0
       0
       0
       0
       0
       0
       0
       0
       0
       0
       0
       0
       0
       0
       0
       0
       0
       0
       0
       0
       0
       0
       0
       0
       0
       0
       0
       0
       0
       0
       0
       0
       0
       0
       0
       0
       0
       0
       0
       0
       0
       1
       0
       0
       0
       0
       0
       0
       0
       0
       0
       0
       0
       1
       1
       0
       0
       1
       2
       0
       1
       1
       2
       2
       0
       2
       0
       1
       1
       1
       0
       0
       1
       0
       0
       0
       1
       0
       0
       0
       0
       0
       0
       0
       0
       0
       0
       0
       0
       0
       0
       0
       0
       0
       0
       0
       0
       0
       0
       0
       0
       0
       0
       0
       0
       0
       0
       0
       0
       0
       0
       0
       1
       0
       0
       0
       0
       0
       0
       0
       0
       0
       0
       0
       0
       0
       0
       0
       0
       0
       0
       0
       0
       0
       0
       0
       0
       0
       2
       0
       0
       0
       0
       0
       0
       0
       1
       0
       0
       0
       1
       0
       1
       0
       0
       0
       0
       0
       0
       0
       1
       0
       0
       0
       1
       0
       0
       0
       0
       0
       0
       0
       0
       0
       2
       0
       0
       0
       0
       0
       0
       1
       0
       0
       0
       0
       0
       0
       0
       0
       0
       0
       0
       0
       0
       0
       0
       0
       0
       0
       0
       0
       0
       0
       0
       0
       0
       0
       0
       0
       0
       0
       0
       0
       0
       0
       1
       0
       0
       0
       0
       0
       0
       0
       0
       0
       0
       1
       0
       0
       0
       0
       0
       0
       0
       0
       0
       0
       0
       0
       0
       0
       0
       0
       0
       0
       0
       0
       0
       0
       1
       0
       0
       0
       0
       0
       0
       0
       0
       0
       0
       0
       0
       0
       0
       0
       0
       0
       0
       0
       0
       0
       0
       0
       0
       0
       0
       0
       0
       0
       0
       0
       0
       0
       0
       0
       0
       0
       0
       0
       0
       0
       0
       0
       0
       0
       0
       0
       0
       0
       0
       0
       0
       0
       0
       0
       0
       0
       0
       0
       0
       0
       0
       0
       0
       1
       0
       0
       0
       0
       0
       0
       0
       0
       0
       0
       0
       0
       0
       0
       0
       0
       0
       0
       0
       1
       0
       1
       0
       0
       0
       0
       0
       0
       0
       1
       0
       0
       0
       0
       0
       0
       0
       0
       0
       0
       0
       0
       0
       0
       0
       0
       0
       0
       0
       0
       0
       0
       0
       0
       0
       0
       0
       0
       0
       0
       0
       1
       1
       0
       0
       0
       0
       0
       0
       1
       0
       0
       0
       0
       0
       0
       0
       0
       1
       0
       0
       0
       0
       0
       0
       0
       0
       1
       1
       0
       1
       0
       0
       0
       0
       0
       0
       0
       0
       0
       0
       0
       0
       0
       0
       1
       0
       0
       0
       0
       0
       1
       0
       0
       0
       0
       0
       0
       0
       1
       0
       0
       0
       0
       0
       0
       0
       0
       0
       0
       0
       0
       0
       0
       0
       0
       0
       0
       0
       0
       0
       0
       0
       1
       0
       1
       0
       0
       0
       0
       0
       0
       0
       0
       0
       0
       0
       1
       0
       0
       0
       0
       0
       0
       0
       0
       0
       0
       0
       0
       0
       0
       0
       0
       0
       0
       0
       0
       0
       0
       0
       0
       0
       0
       0
       0
       0
       0
       1
       0
       0
       0
       0
       0
       1
       0
       0
       0
       0
       0
       0
       0
       0
       0
       0
       0
       0
       0
       0
       0
       0
       0
       0
       0
       0
       0
       0
       0
       0
       0
       0
       0
       0
       0
       0
       0
       0
       0
       0
       0
       0
       0
       0
       0
       0
       0
       1
       1
       0
       0
       1
       0
       0
       0
       0
       0
       0
       0
       0
       0
       0
       0
       0
       0
       0
       0
       0
       1
       0
       0
       1
       0
       0
       0
       0
       0
       0
       1
       0
       0
       0
       0
       0
       0
       0
       0
       0
       0
       0
       0
       1
       0
       0
       0
       0
       0
       0
       0
       0
       0
       0
       0
       0
       0
       0
       0
       0
       0
       0
       0
       0
       0
       0
       0
       0
       0
       0
       0
       0
       0
       0
       0
       0
       0
       0
       0
       0
       0
       0
       0
       0
       0
       0
       0
       0
       0
       0
       0
       0
       0
       0
       0
       0
       0
       0
       0
       1
       0
       1
       0
       0
       0
       0
       0
       0
       0
       0
       0
       0
       0
       0
       0
       0
       0
       0
       0
       0
       0
       0
       0
       0
       0
       0
       0
       0
       0
       0
       0
       0
       0
       0
       1
       1
       0
       0
       0
       1
       1
       0
       0
       1
       0
       0
       0
       0
       0
       0
       0
       0
       0
       0
       0
       0
       0
       0
       0
       0
       0
       0
       0
       0
       0
       0
       0
       0
       0
       0
       1
       0
       1
       0
       0
       0
       0
       0
       0
       0
       1
       0
       0
       0
       0
       0
       0
       0
       0
       1
       0
       0
       0
       0
       1
       0
       0
       0
       0
       0
       0
       0
       0
       0
       0
       0
       0
       0
       0
       0
       0
       0
       0
       0
       0
       1
       0
       1
       0
       0
       0
       0
       0
       0
       0
       0
       0
       0
       0
       0
       0
       0
       0
       1
       0
       0
       0
       0
       0
       0
       0
       0
       0
       0
       0
       0
       0
       0
       0
       0
       0
       0
       0
       0
       0
       1
       0
       0
       0
       0
       0
       0
       0
       0
       0
       0
       0
       0
       0
       0
       0
       0
       0
       0
       0
       0
       0
       0
       0
       0
       0
       0
       0
       0
       0
       0
       0
       0
       0
       0
       0
       0
       0
       0
       0
       0
       0
       0
       0
       0
       0
       0
       0
       0
       0
       0
       0
       0
       0
       0
       0
       0
       1
       1
       0
       0
       0
       0
       0
       0
       1
       0
       0
       0
       0
       0
       0
       0
       0
       0
       0
       0
       0
       0
       0
       0
       0
       0
       0
       0
       0
       1
       0
       0
       0
       0
       0
       0
       0
       0
       0
       0
       0
       0
       0
       0
       0
       0
       0
       0
       1
       0
       0
       0
       0
       0
       0
       0
       0
       0
       1
       0
       0
       0
       0
       0
       0
       0
       0
       0
       0
       0
       0
       0
       0
       0
       0
       0
       0
       0
       0
       0
       0
       0
       0
       0
       0
       0
       0
       0
       0
       0
       0
       0
       0
       0
       0
       0
       0
       0
       0
       0
       0
       0
       0
       0
       0
       0
       0
       0
       0
       0
       0
       0
       0
       0
       0
       0
       0
       0
       0
       0
       0
       0
       0
       0
       0
       0
       0
       0
       0
       0
       0
       0
       0
       0
       0
       0
       0
       0
       0
       0
       0
       0
       0
       0
       0
       0
       0
       0
       0
       0
       0
       0
       0
       0
       0
       0
       0
       0
       0
       0
       0
       0
       0
       0
       0
       0
       0
       0
       0
       0
       0
       0
       1
       0
       0
       0
       0
       0
       0
       0
       0
       0
       0
       0
       0
       0
       0
       0
       1
       0
       0
       0
       0
       0
       0
       0
       0
       0
       0
       0
       0
       0
       0
       0
       0
       0
       0
       0
       0
       0
       0
       0
       0
       0
       0
       0
       0
       0
       0
       0
       0
       0
       0
       0
       0
       0
       0
       0
       0
       0
       0
       0
       0
       0
       0
       0
       0
       0
       0
       0
       0
       0
       0
       0
       0
       0
       0
       0
       0
       0
       0
       0
       1
       0
       0
       0
       0
       0
       0
       0
       0
       0
       0
       0
       0
       0
       0
       0
       0
       0
       0
       0
       0
       0
       0
       0
       0
       0
       0
       0
       0
       0
       1
       0
       0
       0
       0
       0
       0
       0
       0
       0
       0
       0
       1
       0
       0
       0
       0
       0
       0
       0
       0
       0
       0
       0
       0
       0
       0
       0
       0
       0
       0
       0
       0
       0
       0
       0
       0
       0
       0
       0
       0
       0
       0
       0
       1
       0
       0
       0
       0
       0
       0
       0
       0
       0
       0
       0
       0
       0
       0
       0
       0
       0
       0
       0
       0
       0
       0
       0
       0
       0
       0
       0
       0
       0
       0
       0
       0
       0
       1
       0
       0
       0
       0
       0
       0
       0
       0
       0
       0
       0
       0
       0
       0
       0
       0
       0
       0
       1
       0
       0
       0
       0
       0
       0
       0
       0
       0
       0
       0
       0
       0
       0
       0
       0
       0
       0
       0
       0
       1
       0
       0
       0
       0
       0
       0
       0
       0
       0
       0
       0
       0
       0
       0
       0
       0
       0
       0
       0
       0
       1
       0
       0
       0
       0
       0
       0
       0
       0
       0
       0
       1
       0
       0
       0
       0
       0
       0
       0
       0
       0
       0
       0
       0
       0
       0
       0
       0
       0
       0
       0
       1
       0
       0
       0
       0
       0
       0
       0
       0
       0
       0
       0
       0
       0
       0
       0
       1
       0
       0
       0
       0
$ROI:
11
224 244
765 907
1350 1411
1828 1908
2525 2667
2716 2799
3716 3817
4331 4427
4564 4622
5085 5259
5690 5768
$PRESETS:
Live Time
200
0
$ENER_FIT:
0.053689 0.255148
$MCA_CAL:
3
5.368913E-002 2.551478E-001 -1.853380E-009 keV
$SHAPE_CAL:
3
6.992400E+000 7.812671E-004 -3.508660E-008
