$SPEC_ID:
No sample description was entered.
$SPEC_REM:
DET# 1
DETDESC# GMX20P4 HPGe
AP# Maestro Version 7.01
$DATE_MEA:
11/23/2018 16:12:22
$MEAS_TIM:
200 201
$DATA:
0 8191
       0
       0
       0
       0
       0
       0
       0
       0
       0
       0
       0
       0
       0
       0
       0
       0
       0
       0
       0
       0
       0
       0
       0
       0
       0
       0
       0
       0
       0
       0
       0
       0
       0
       0
       0
       0
       0
       0
       0
       0
       0
       0
       0
       0
       0
       0
       0
       0
       2
      13
      38
      49
      42
      50
      68
      55
      59
      69
      54
      46
      64
      57
      53
      58
      64
      50
      64
      59
      41
      50
      70
      76
      70
      54
      70
      63
      60
      70
      56
      69
      68
      75
      80
      76
      83
     100
      78
      55
      77
      76
      63
      75
      81
      69
      59
      80
      75
      79
      62
      74
      79
      73
      73
      69
      65
      94
      78
      81
      93
     106
      90
     108
     126
     136
     130
     162
     164
     193
     197
     252
     296
     397
     500
     541
     656
     689
     660
     527
     429
     346
     223
     179
     113
     117
     100
     105
     123
     110
     136
     153
     150
     189
     238
     179
     187
     158
     150
     113
      92
      87
      71
      48
      51
      55
      49
      43
      59
      63
      53
      54
      48
      67
      44
      55
      64
      69
      55
      60
      61
      69
      62
      53
      57
      63
      69
      64
      50
      42
      52
      59
      43
      70
      54
      65
      58
      51
      68
      61
      58
      58
      66
      59
      53
      53
      60
      66
      62
      58
      57
      61
      72
      67
      67
      60
      58
      58
      56
      64
      60
      59
      54
      63
      49
      62
      76
      61
      71
      54
      68
      72
      45
      65
      63
      54
      65
      66
      67
      73
      61
      75
      67
      67
      78
      78
      69
      56
      65
      60
      70
      66
      72
      75
      82
      74
      62
      83
      69
      75
      52
      83
      70
      75
      79
      63
      71
      72
      83
      66
      62
      63
      84
      76
      71
      75
      66
      68
      83
      73
      53
      63
      94
      76
      91
      72
      79
      69
      91
      76
      74
      68
      74
      76
      79
      62
      67
      77
      69
      62
      82
      85
      77
      79
      84
      66
      69
      58
      75
      84
      70
      80
      73
      70
      74
      70
      88
      80
      75
      82
      80
      76
      68
      99
      75
      78
      76
      92
      77
      76
      83
      71
      87
      79
      79
      78
      83
      80
      81
      96
      71
      77
      82
      83
      69
      72
      85
      67
      89
      68
      76
      86
      80
      68
      59
      70
      73
      71
      67
      63
      85
      64
      76
      72
      91
      74
      89
      78
      81
      87
      78
      62
      75
      83
      75
     101
      81
      90
      60
      82
      75
      70
      86
      63
      70
      78
      82
      62
      57
      79
      85
      71
      79
      84
      80
      79
      74
      70
      70
      76
      72
      84
      63
      69
      65
      72
      79
      69
      80
      69
      63
      83
      64
      59
      70
      76
      66
      66
      76
      83
      80
      79
      81
      59
      62
      75
      84
      75
      72
      78
      81
      68
      71
      75
      65
      89
      68
      98
      80
      87
      62
      71
      83
      77
      73
      76
      81
      67
      70
      59
      60
      69
      72
      70
      61
      80
      74
      92
      62
      74
      75
      60
      58
      70
      85
      73
      76
      77
      75
      89
      86
      58
      61
      73
      70
      77
      83
      79
      71
      60
      80
      74
      76
      82
      71
      68
      81
      65
      82
      65
      58
      72
      79
      80
      56
      63
      69
      67
      74
      59
      62
      67
      68
      74
      62
      85
      74
      75
      77
      63
      65
      63
      65
      73
      73
      73
      70
      82
      62
      73
      76
      66
      71
      70
      64
      66
      68
      68
      79
      66
      69
      64
      65
      64
      57
      76
      56
      71
      56
      72
      80
      74
      63
      79
      82
      79
      59
      60
      75
      63
      64
      68
      54
      83
      65
      67
      82
      68
      90
      64
      74
      57
      71
      62
      56
      60
      58
      53
      70
      72
      64
      63
      67
      60
      67
      61
      64
      61
      68
      75
      65
      76
      58
      61
      56
      72
      63
      70
      63
      60
      58
      78
      70
      54
      73
      63
      62
      53
      67
      57
      50
      58
      70
      56
      54
      66
      73
      59
      67
      69
      56
      66
      68
      49
      76
      59
      61
      54
      54
      51
      57
      62
      64
      78
      53
      54
      68
      54
      52
      51
      68
      61
      66
      72
      65
      56
      53
      52
      64
      50
      51
      63
      56
      67
      57
      61
      56
      59
      72
      59
      55
      62
      61
      65
      57
      60
      53
      45
      59
      72
      70
      53
      45
      66
      57
      56
      54
      68
      72
      59
      58
      60
      55
      69
      59
      55
      51
      71
      65
      57
      53
      56
      48
      63
      46
      55
      52
      60
      51
      50
      61
      56
      69
      59
      52
      59
      48
      49
      49
      71
      62
      66
      64
      62
      64
      72
      66
      61
      65
      69
      56
      61
      50
      59
      54
      55
      56
      62
      71
      67
      42
      61
      69
      63
      63
      79
      71
      83
      64
      57
      66
      71
      50
      68
      64
      70
      56
      71
      79
      77
      70
      74
      81
      83
      92
      76
      68
      98
      65
      69
      78
      87
      78
      81
      81
      73
      81
      63
      67
      59
      56
      54
      75
      59
      72
      74
      57
      59
      65
      69
      60
      58
      80
      82
      58
      62
      53
      73
      55
      72
      56
      61
      67
      82
      59
      54
      75
      57
      62
      68
      65
      51
      65
      57
      56
      59
      68
      53
      64
      55
      48
      75
      63
      65
      68
      66
      53
      59
      56
      56
      61
      55
      68
      52
      65
      60
      58
      36
      54
      52
      61
      60
      47
      69
      64
      51
      66
      63
      79
      52
      54
      59
      53
      49
      66
      57
      50
      50
      61
      68
      54
      64
      54
      49
      61
      48
      53
      47
      49
      56
      45
      55
      53
      64
      62
      54
      75
      59
      58
      49
      66
      59
      40
      59
      56
      72
      56
      47
      45
      46
      56
      61
      54
      49
      58
      66
      66
      50
      63
      34
      57
      68
      54
      57
      52
      58
      55
      62
      47
      54
      60
      66
      57
      61
      52
      53
      60
      55
      61
      46
      42
      69
      67
      63
      56
      63
      50
      62
      46
      56
      49
      62
      58
      49
      39
      55
      49
      70
      64
      72
      53
      53
      56
      61
      54
      56
      70
      63
      56
      66
      59
      38
      50
      52
      61
      58
      65
      42
      58
      62
      62
      77
      67
      53
      51
      55
      46
      65
      68
      63
      43
      61
      58
      51
      48
      47
      67
      55
      68
      58
      43
      56
      63
      52
      63
      55
      43
      68
      57
      51
      50
      45
      46
      40
      48
      45
      68
      51
      55
      44
      51
      48
      55
      54
      42
      58
      49
      41
      56
      48
      57
      61
      39
      50
      54
      65
      43
      53
      53
      58
      55
      45
      59
      55
      47
      58
      53
      56
      50
      65
      60
      49
      47
      46
      56
      52
      54
      52
      39
      54
      60
      44
      72
      54
      53
      55
      55
      58
      44
      42
      44
      50
      52
      52
      50
      50
      59
      49
      53
      44
      47
      61
      48
      53
      60
      55
      49
      49
      46
      67
      52
      58
      38
      57
      45
      42
      59
      40
      50
      52
      46
      42
      50
      51
      67
      51
      41
      38
      50
      54
      49
      53
      57
      40
      51
      54
      45
      54
      57
      53
      44
      51
      51
      55
      55
      41
      34
      55
      50
      46
      61
      37
      46
      45
      42
      48
      40
      45
      42
      41
      57
      51
      49
      49
      47
      41
      52
      48
      59
      46
      36
      56
      50
      46
      62
      42
      42
      35
      48
      44
      50
      50
      50
      53
      44
      52
      46
      44
      54
      47
      55
      43
      40
      44
      56
      43
      58
      42
      40
      48
      38
      59
      56
      45
      53
      42
      38
      45
      46
      36
      37
      41
      38
      35
      49
      49
      59
      51
      57
      44
      44
      45
      33
      39
      42
      49
      50
      36
      52
      46
      50
      47
      48
      42
      35
      52
      40
      35
      48
      48
      43
      38
      53
      51
      45
      39
      40
      47
      39
      40
      35
      47
      49
      39
      43
      48
      43
      34
      37
      39
      53
      65
      51
      44
      35
      43
      48
      45
      53
      55
      54
      34
      37
      47
      44
      40
      43
      46
      49
      41
      60
      46
      30
      56
      37
      45
      43
      36
      50
      43
      37
      49
      37
      44
      38
      40
      43
      41
      35
      46
      37
      32
      40
      48
      34
      47
      52
      35
      40
      49
      48
      34
      64
      36
      53
      48
      50
      46
      48
      59
      43
      41
      35
      44
      53
      34
      38
      33
      48
      49
      43
      48
      47
      36
      44
      48
      39
      37
      49
      43
      41
      49
      44
      51
      37
      47
      46
      32
      41
      45
      49
      34
      37
      37
      45
      29
      42
      51
      39
      36
      42
      52
      45
      32
      32
      41
      44
      41
      38
      39
      53
      35
      37
      51
      40
      54
      48
      36
      48
      28
      41
      48
      39
      33
      37
      36
      42
      41
      41
      37
      43
      43
      36
      41
      53
      38
      37
      41
      43
      36
      40
      44
      50
      37
      44
      38
      44
      43
      38
      42
      44
      48
      51
      40
      47
      43
      40
      29
      33
      43
      42
      37
      46
      47
      44
      39
      42
      42
      50
      32
      41
      35
      39
      40
      44
      35
      45
      39
      36
      58
      51
      39
      32
      55
      45
      39
      42
      37
      48
      51
      43
      43
      31
      46
      32
      42
      45
      43
      38
      45
      42
      44
      51
      46
      40
      46
      32
      43
      40
      58
      49
      38
      40
      36
      41
      38
      33
      45
      45
      44
      32
      33
      50
      37
      35
      48
      30
      48
      46
      44
      40
      36
      45
      36
      32
      35
      40
      39
      42
      47
      43
      43
      36
      36
      49
      32
      52
      44
      38
      43
      44
      44
      43
      34
      37
      36
      44
      41
      52
      53
      56
      41
      44
      37
      47
      51
      36
      36
      42
      39
      36
      46
      41
      55
      55
      43
      33
      41
      51
      47
      38
      42
      47
      35
      49
      60
      49
      35
      43
      45
      54
      38
      55
      42
      48
      38
      49
      41
      43
      41
      45
      45
      40
      32
      45
      43
      42
      51
      52
      49
      62
      44
      45
      44
      51
      44
      50
      43
      52
      37
      51
      44
      37
      47
      38
      53
      27
      41
      39
      51
      54
      54
      51
      41
      44
      40
      53
      55
      39
      52
      42
      54
      46
      48
      39
      48
      49
      45
      49
      37
      51
      41
      49
      61
      43
      42
      53
      51
      42
      38
      55
      53
      54
      46
      45
      38
      46
      51
      53
      38
      52
      42
      49
      52
      45
      48
      44
      44
      54
      50
      49
      58
      39
      35
      52
      51
      47
      57
      42
      56
      40
      43
      51
      66
      38
      34
      40
      44
      39
      36
      48
      45
      43
      53
      48
      51
      58
      56
      47
      47
      32
      46
      51
      45
      46
      46
      45
      54
      55
      42
      42
      64
      43
      50
      41
      53
      53
      37
      64
      47
      46
      60
      50
      64
      40
      46
      61
      54
      56
      44
      53
      56
      49
      46
      49
      40
      51
      52
      36
      44
      51
      41
      64
      51
      47
      62
      67
      46
      46
      47
      48
      48
      57
      57
      49
      42
      50
      51
      48
      46
      52
      62
      47
      55
      50
      56
      45
      51
      44
      54
      57
      50
      46
      39
      50
      46
      49
      43
      51
      52
      48
      46
      54
      44
      60
      54
      59
      57
      44
      51
      47
      36
      46
      53
      46
      50
      53
      61
      54
      50
      46
      52
      59
      59
      61
      48
      45
      33
      59
      36
      57
      44
      64
      58
      71
      48
      45
      49
      58
      55
      42
      56
      55
      62
      51
      54
      63
      57
      60
      55
      50
      53
      46
      52
      51
      52
      59
      52
      47
      70
      47
      44
      57
      58
      52
      51
      59
      37
      44
      60
      55
      57
      58
      52
      57
      48
      58
      55
      56
      61
      49
      56
      50
      58
      61
      66
      62
      56
      46
      50
      62
      52
      56
      58
      52
      58
      57
      55
      48
      49
      61
      49
      60
      56
      62
      50
      67
      58
      51
      60
      55
      58
      66
      70
      49
      65
      56
      58
      67
      63
      67
      50
      51
      52
      59
      57
      62
      60
      59
      71
      56
      58
      53
      48
      62
      66
      66
      70
      52
      58
      54
      46
      68
      52
      66
      57
      56
      62
      68
      62
      65
      56
      52
      66
      54
      56
      54
      47
      77
      49
      67
      67
      58
      64
      68
      49
      55
      57
      58
      48
      68
      52
      53
      86
      48
      55
      55
      51
      50
      54
      56
      52
      58
      46
      48
      42
      53
      45
      41
      49
      55
      63
      62
      43
      38
      49
      28
      39
      30
      35
      40
      43
      38
      54
      49
      38
      38
      35
      40
      47
      38
      49
      34
      39
      34
      32
      36
      25
      41
      29
      43
      28
      29
      36
      31
      26
      34
      26
      32
      34
      30
      26
      25
      48
      28
      25
      32
      25
      27
      27
      45
      25
      34
      31
      25
      32
      32
      37
      20
      25
      32
      29
      33
      27
      26
      26
      31
      29
      27
      27
      29
      37
      29
      35
      25
      24
      35
      26
      26
      26
      34
      22
      18
      28
      26
      23
      27
      29
      28
      29
      23
      24
      20
      32
      29
      19
      23
      36
      24
      23
      25
      24
      24
      22
      24
      19
      34
      20
      22
      30
      22
      29
      27
      32
      17
      26
      25
      27
      24
      30
      17
      33
      17
      21
      33
      25
      20
      20
      21
      31
      25
      25
      18
      29
      25
      23
      33
      30
      30
      22
      25
      24
      14
      21
      17
      27
      21
      15
      22
      15
      34
      15
      28
      21
      21
      24
      28
      24
      22
      16
      20
      13
      18
      19
      17
      25
      27
      17
      21
      14
      20
      19
      21
      20
      22
      18
      16
      23
      22
      19
      16
      14
      18
      12
      27
      16
      20
      11
      21
      20
      23
      19
      21
      13
      17
      16
      23
      24
      16
      21
      18
      16
      17
      17
      13
      14
      17
      12
      19
      17
      20
      16
      20
      21
      24
      26
      12
      18
      16
      25
      13
      15
      13
      16
      15
      21
      14
      26
       5
      15
      12
      13
      16
      17
      15
      13
      16
      16
      23
      14
      14
      16
      10
      21
       8
      17
      17
      15
      12
      14
      15
      16
       9
       9
      14
      12
      10
      14
      10
      11
      15
      10
       9
      18
      12
       9
      15
      20
       8
      15
      18
      16
      10
      10
      17
      15
      12
      17
       9
       6
      17
      15
       9
       7
      10
       7
      13
      18
      10
       8
      17
      13
      14
      13
      15
       6
      10
      13
      16
      11
       7
      14
       9
       9
      18
       7
      20
       6
       8
       9
      14
       8
       7
      17
       8
       8
       8
      11
      14
      10
       5
       7
       6
       9
      12
      12
      12
       6
       6
       9
       8
      15
      10
      12
       6
      11
      16
      11
      13
       8
      11
       8
      10
      10
       4
       4
      12
      10
      14
       8
       6
      13
       7
       8
       7
      12
       5
       6
       8
       8
       9
       9
       9
       9
       6
       7
       7
       6
       6
       8
      13
       9
       6
       4
      13
       6
       7
       8
      10
       5
       7
       5
      11
       9
       8
       8
       9
      12
      11
      10
      12
      10
       7
       5
       6
       7
       7
      10
      10
      10
       9
       6
       8
       9
       4
       8
      11
       6
       5
       9
      10
       9
       6
       8
      12
       5
      10
       8
      10
       8
       8
      11
       5
       4
      10
       5
       4
      12
       9
       3
       4
       7
       8
      10
      10
       3
       4
       5
       2
       4
       3
       2
       6
       8
       3
       9
       8
      10
       5
       3
      11
       6
       7
       4
       7
       4
       7
       4
       6
      10
       6
       3
       5
       6
       7
       8
       7
       6
       5
       6
       9
       7
       6
       5
       8
       4
       8
      11
       7
       5
       6
       2
       6
       7
       3
       4
       4
       9
       7
       9
       7
       4
       6
      10
       3
       9
       7
       5
       7
       9
       7
       6
       6
       9
       6
       4
       7
       7
       8
       6
       8
       3
       4
       4
       8
      12
       9
      10
      12
      13
      14
      15
      19
       9
      12
       8
      12
      11
       3
       4
      11
       8
       6
      11
      11
       5
      10
       6
       6
      11
       9
       8
       8
       3
       3
       9
       7
       8
       7
       6
       3
       6
       4
       6
       4
       4
       6
       6
       5
       3
       3
       2
       5
       5
       9
       3
       5
       7
       3
       4
       5
       8
       6
       5
       9
       4
       9
       8
       6
       8
       4
       3
       8
       5
       7
       6
       2
       4
       5
       6
       3
       7
       7
       3
      11
       7
       2
       6
       8
       4
       6
       4
       5
      10
       3
       4
       4
       7
       7
       4
       4
       5
       5
       1
       4
       6
       5
       6
       9
       6
       4
      11
       5
       6
       7
       2
       4
       4
       4
       8
       1
       8
       8
       5
      11
       6
       9
       4
       3
       5
       9
       5
       8
       7
       6
       3
       2
       3
       5
       8
       9
       2
       5
       3
       1
      10
       5
       6
       6
       6
       4
       4
       6
       5
       7
       6
       5
       4
       3
       5
       3
       7
       5
       5
       6
       6
       8
      11
       8
      10
       5
       6
       5
       3
       7
       8
       5
       4
       5
       6
       1
       6
      10
       3
       4
       3
       1
       6
      13
       5
       3
       4
       9
       9
       6
       7
       5
       9
       8
      12
      22
      37
      35
      50
      87
     128
     247
     370
     572
     787
    1179
    1602
    1926
    2315
    2499
    2507
    2383
    2091
    1770
    1339
     866
     558
     355
     185
      98
      46
      19
       8
       7
       2
       3
       0
       2
       2
       1
       1
       2
       1
       1
       1
       0
       0
       1
       1
       1
       0
       5
       3
       1
       0
       0
       1
       1
       0
       0
       2
       2
       0
       1
       1
       1
       0
       1
       0
       0
       6
       1
       2
       1
       2
       0
       0
       0
       1
       0
       1
       0
       0
       1
       1
       0
       1
       1
       2
       2
       0
       0
       1
       0
       1
       3
       4
       2
       2
       1
       1
       0
       0
       4
       1
       1
       1
       0
       2
       2
       0
       1
       1
       0
       0
       2
       0
       1
       2
       0
       2
       0
       1
       0
       1
       1
       2
       3
       2
       1
       1
       0
       0
       1
       2
       1
       1
       0
       2
       1
       2
       1
       0
       2
       2
       1
       1
       1
       0
       1
       2
       2
       1
       2
       0
       2
       2
       0
       1
       1
       0
       0
       0
       2
       0
       1
       1
       2
       0
       1
       1
       0
       1
       1
       0
       0
       1
       0
       0
       1
       2
       1
       0
       1
       0
       1
       2
       1
       0
       1
       1
       1
       0
       2
       1
       0
       0
       2
       1
       0
       1
       0
       0
       2
       0
       0
       0
       2
       0
       1
       0
       1
       1
       0
       0
       0
       2
       1
       0
       0
       2
       1
       1
       2
       1
       3
       0
       1
       0
       1
       1
       1
       2
       0
       3
       1
       2
       1
       0
       2
       0
       1
       1
       1
       3
       2
       4
       2
       0
       0
       1
       0
       0
       1
       1
       2
       1
       2
       1
       1
       0
       2
       0
       0
       0
       2
       2
       0
       1
       0
       1
       1
       1
       0
       0
       2
       2
       4
       0
       1
       3
       1
       3
       0
       2
       3
       1
       1
       0
       0
       0
       1
       2
       1
       1
       0
       1
       0
       1
       0
       0
       0
       0
       0
       1
       1
       0
       0
       0
       1
       0
       1
       0
       0
       0
       0
       0
       1
       1
       0
       0
       1
       1
       1
       0
       0
       1
       1
       1
       0
       0
       2
       1
       1
       0
       0
       1
       1
       3
       0
       2
       1
       0
       2
       0
       1
       1
       1
       0
       2
       1
       0
       0
       1
       1
       3
       0
       1
       1
       1
       0
       0
       2
       1
       1
       0
       1
       0
       3
       3
       0
       0
       0
       0
       0
       1
       1
       1
       0
       0
       0
       1
       1
       4
       0
       1
       0
       1
       0
       2
       1
       0
       1
       0
       0
       1
       0
       2
       1
       0
       1
       1
       2
       1
       1
       1
       1
       1
       0
       1
       0
       0
       1
       1
       0
       1
       1
       2
       1
       1
       1
       0
       2
       0
       1
       0
       0
       0
       1
       0
       1
       0
       1
       2
       2
       2
       0
       1
       2
       1
       1
       1
       2
       2
       0
       1
       0
       0
       0
       0
       1
       4
       0
       1
       3
       3
       1
       0
       1
       1
       0
       1
       0
       0
       0
       0
       1
       0
       1
       0
       2
       1
       0
       1
       1
       1
       0
       1
       1
       1
       0
       0
       0
       1
       0
       0
       3
       0
       0
       0
       0
       1
       1
       0
       1
       0
       0
       0
       3
       1
       2
       3
       2
       0
       1
       3
       1
       1
       1
       0
       1
       0
       1
       1
       2
       0
       0
       2
       2
       0
       1
       0
       2
       0
       0
       2
       3
       0
       0
       0
       1
       1
       0
       1
       1
       0
       1
       0
       1
       1
       2
       1
       0
       1
       1
       0
       1
       0
       1
       1
       0
       4
       0
       1
       1
       0
       1
       0
       1
       1
       1
       1
       2
       1
       0
       1
       1
       0
       0
       0
       0
       1
       0
       2
       0
       2
       0
       0
       1
       2
       1
       1
       1
       1
       1
       0
       0
       0
       2
       0
       0
       0
       2
       0
       0
       1
       0
       1
       1
       1
       1
       2
       0
       0
       0
       0
       0
       0
       0
       0
       1
       0
       1
       0
       2
       4
       1
       3
       0
       0
       0
       2
       1
       2
       2
       0
       0
       1
       1
       1
       0
       1
       0
       1
       1
       0
       2
       1
       2
       1
       1
       0
       1
       1
       1
       1
       2
       0
       1
       1
       0
       2
       1
       2
       1
       0
       0
       1
       1
       1
       1
       1
       3
       1
       0
       1
       0
       4
       1
       0
       1
       1
       0
       0
       1
       0
       0
       2
       1
       0
       1
       0
       0
       0
       0
       2
       1
       1
       1
       2
       1
       0
       1
       0
       1
       0
       0
       0
       0
       2
       2
       2
       1
       1
       0
       1
       0
       0
       0
       0
       1
       0
       0
       2
       1
       1
       0
       0
       0
       2
       1
       1
       1
       1
       0
       0
       1
       0
       0
       1
       0
       0
       2
       1
       1
       0
       2
       0
       0
       0
       0
       1
       2
       0
       2
       0
       1
       0
       0
       2
       0
       0
       0
       0
       0
       2
       1
       1
       2
       1
       0
       0
       1
       0
       1
       1
       0
       0
       0
       0
       0
       0
       0
       1
       1
       1
       1
       2
       1
       2
       0
       0
       0
       0
       1
       1
       1
       0
       2
       0
       0
       0
       1
       1
       0
       0
       0
       0
       3
       1
       0
       2
       2
       1
       1
       3
       3
       1
       1
       0
       2
       0
       0
       1
       0
       0
       1
       1
       2
       0
       0
       0
       1
       0
       0
       0
       0
       1
       1
       3
       1
       0
       2
       0
       0
       1
       1
       1
       1
       1
       0
       2
       1
       0
       1
       0
       1
       0
       2
       0
       1
       0
       0
       1
       1
       1
       1
       0
       0
       0
       1
       1
       0
       1
       1
       0
       1
       2
       0
       0
       1
       1
       0
       1
       1
       1
       0
       0
       0
       1
       1
       2
       0
       0
       0
       1
       1
       0
       1
       0
       1
       0
       0
       1
       3
       0
       1
       3
       0
       2
       1
       0
       0
       3
       0
       1
       0
       0
       0
       1
       0
       0
       0
       0
       0
       1
       0
       1
       0
       1
       2
       0
       0
       2
       1
       3
       2
       0
       0
       1
       2
       0
       1
       0
       0
       0
       0
       2
       1
       3
       2
       0
       0
       0
       1
       0
       1
       0
       2
       2
       1
       1
       0
       1
       2
       1
       1
       1
       1
       0
       1
       1
       0
       0
       1
       0
       0
       2
       1
       1
       0
       0
       2
       0
       0
       0
       0
       0
       0
       0
       0
       1
       1
       2
       0
       1
       0
       0
       0
       4
       0
       1
       2
       1
       3
       1
       1
       0
       2
       2
       0
       4
       1
       1
       0
       2
       0
       2
       0
       1
       0
       0
       0
       0
       1
       0
       1
       0
       1
       0
       0
       1
       1
       1
       0
       1
       0
       0
       0
       2
       2
       2
       0
       0
       0
       2
       1
       0
       1
       1
       0
       1
       1
       1
       0
       1
       0
       2
       0
       0
       1
       0
       3
       0
       1
       0
       1
       0
       0
       1
       0
       0
       0
       1
       0
       0
       1
       1
       0
       3
       0
       0
       0
       0
       1
       1
       3
       0
       1
       3
       0
       1
       0
       0
       1
       0
       0
       1
       0
       2
       2
       0
       1
       0
       2
       0
       1
       0
       0
       0
       2
       0
       2
       1
       0
       0
       0
       0
       0
       0
       0
       0
       0
       0
       1
       0
       0
       1
       1
       0
       1
       0
       1
       0
       1
       2
       0
       0
       0
       0
       2
       0
       1
       1
       0
       1
       1
       0
       3
       1
       1
       0
       1
       0
       0
       0
       0
       1
       0
       2
       3
       3
       0
       1
       1
       0
       0
       0
       0
       1
       1
       0
       0
       0
       2
       0
       0
       1
       1
       1
       0
       0
       0
       0
       1
       0
       1
       1
       0
       1
       0
       2
       0
       1
       1
       0
       1
       0
       2
       0
       0
       0
       0
       2
       0
       1
       0
       1
       2
       2
       0
       0
       2
       1
       3
       0
       0
       0
       2
       0
       1
       1
       1
       2
       0
       1
       1
       2
       0
       0
       1
       1
       0
       0
       0
       4
       2
       2
       0
       0
       0
       1
       1
       0
       0
       0
       1
       0
       1
       0
       0
       0
       0
       1
       4
       0
       0
       0
       0
       1
       1
       0
       1
       0
       0
       0
       0
       0
       0
       1
       2
       0
       2
       1
       2
       1
       1
       0
       0
       0
       1
       1
       1
       1
       1
       1
       1
       1
       0
       2
       0
       1
       0
       0
       1
       2
       1
       0
       0
       2
       0
       1
       0
       1
       1
       0
       1
       0
       3
       2
       0
       0
       1
       1
       1
       1
       1
       1
       0
       0
       0
       0
       0
       1
       0
       0
       0
       0
       1
       0
       0
       1
       0
       3
       0
       2
       0
       1
       0
       0
       0
       0
       1
       0
       0
       1
       0
       1
       1
       0
       0
       1
       0
       2
       0
       0
       0
       3
       2
       1
       0
       1
       1
       3
       1
       0
       0
       0
       1
       2
       0
       0
       0
       2
       0
       0
       1
       0
       0
       1
       0
       1
       2
       0
       1
       1
       2
       0
       0
       1
       0
       0
       0
       2
       3
       0
       0
       1
       0
       1
       0
       0
       1
       0
       0
       0
       1
       0
       0
       0
       0
       2
       2
       0
       0
       2
       0
       1
       0
       0
       0
       0
       0
       0
       1
       0
       1
       2
       0
       0
       1
       0
       0
       0
       0
       1
       0
       1
       2
       2
       0
       1
       0
       0
       0
       0
       0
       1
       1
       0
       0
       1
       1
       1
       1
       0
       1
       1
       1
       2
       0
       0
       0
       1
       0
       0
       0
       0
       1
       0
       0
       0
       0
       1
       2
       2
       1
       0
       0
       0
       0
       0
       0
       0
       0
       1
       0
       2
       0
       0
       0
       2
       0
       0
       0
       2
       1
       1
       0
       0
       0
       0
       1
       0
       0
       0
       1
       0
       1
       2
       1
       2
       0
       2
       2
       0
       0
       0
       0
       0
       0
       1
       0
       0
       0
       0
       1
       0
       1
       0
       0
       0
       0
       0
       1
       2
       2
       0
       0
       1
       0
       0
       1
       0
       0
       0
       0
       1
       0
       0
       0
       0
       2
       0
       0
       1
       0
       1
       3
       1
       1
       0
       1
       1
       0
       1
       0
       0
       0
       1
       0
       0
       0
       0
       0
       0
       2
       0
       0
       1
       0
       0
       0
       1
       0
       1
       0
       1
       0
       2
       0
       0
       2
       2
       0
       0
       0
       0
       3
       1
       1
       0
       0
       0
       3
       0
       1
       0
       1
       1
       1
       0
       0
       0
       0
       0
       1
       1
       1
       0
       0
       0
       0
       1
       3
       0
       1
       0
       0
       1
       1
       1
       1
       0
       0
       0
       0
       1
       1
       0
       0
       0
       0
       0
       0
       0
       1
       2
       0
       1
       2
       1
       1
       1
       0
       1
       0
       1
       2
       0
       0
       0
       0
       0
       1
       1
       1
       1
       0
       1
       0
       0
       0
       3
       0
       1
       1
       0
       1
       0
       0
       0
       0
       0
       1
       0
       0
       0
       1
       0
       0
       0
       0
       1
       0
       0
       2
       0
       0
       0
       0
       0
       1
       0
       0
       1
       0
       1
       0
       0
       0
       0
       0
       2
       0
       0
       1
       1
       0
       0
       1
       0
       0
       0
       0
       1
       1
       0
       1
       0
       1
       0
       0
       1
       1
       0
       0
       0
       1
       1
       1
       1
       0
       0
       3
       1
       0
       1
       0
       1
       1
       0
       0
       0
       0
       0
       0
       0
       0
       1
       1
       0
       1
       0
       0
       0
       0
       0
       0
       0
       0
       0
       0
       2
       0
       0
       0
       0
       0
       0
       0
       3
       1
       0
       1
       0
       1
       1
       1
       0
       0
       3
       0
       0
       1
       0
       1
       0
       1
       0
       0
       0
       0
       1
       0
       1
       0
       0
       2
       0
       0
       0
       0
       1
       1
       0
       1
       0
       0
       1
       1
       1
       0
       0
       1
       2
       2
       0
       2
       2
       3
       1
       4
       1
       0
       1
       0
       0
       1
       0
       1
       0
       1
       1
       2
       0
       1
       2
       0
       1
       1
       2
       1
       0
       1
       0
       0
       1
       0
       0
       1
       0
       0
       0
       1
       1
       1
       0
       0
       1
       0
       1
       0
       1
       0
       0
       0
       0
       0
       1
       0
       0
       0
       1
       0
       0
       2
       0
       0
       1
       1
       0
       1
       2
       2
       1
       0
       1
       0
       1
       1
       0
       0
       0
       0
       1
       1
       0
       0
       1
       0
       1
       0
       1
       1
       0
       0
       1
       0
       2
       0
       0
       0
       0
       0
       0
       0
       1
       0
       0
       0
       1
       0
       1
       1
       0
       0
       0
       0
       2
       0
       0
       1
       1
       0
       0
       0
       0
       1
       2
       0
       1
       1
       0
       0
       1
       0
       0
       1
       2
       0
       0
       0
       1
       0
       0
       0
       1
       0
       0
       0
       0
       0
       0
       2
       0
       2
       1
       0
       0
       0
       0
       0
       1
       1
       0
       0
       0
       1
       0
       0
       2
       1
       0
       1
       0
       1
       0
       0
       2
       0
       0
       0
       0
       1
       1
       0
       2
       1
       2
       1
       0
       1
       2
       0
       1
       0
       1
       1
       0
       1
       0
       0
       0
       1
       2
       0
       1
       1
       0
       0
       0
       1
       0
       0
       0
       1
       1
       2
       0
       0
       1
       0
       1
       1
       0
       0
       0
       0
       1
       0
       0
       0
       0
       1
       0
       0
       0
       0
       0
       1
       0
       1
       0
       0
       0
       1
       0
       0
       0
       0
       0
       2
       0
       0
       0
       0
       1
       0
       2
       0
       0
       0
       1
       0
       3
       1
       0
       0
       0
       2
       0
       0
       0
       0
       0
       4
       0
       1
       0
       0
       1
       0
       0
       0
       0
       0
       1
       1
       0
       1
       0
       0
       0
       0
       5
       1
       0
       0
       0
       0
       0
       2
       1
       0
       0
       0
       0
       2
       0
       1
       0
       1
       0
       1
       0
       2
       1
       0
       1
       2
       1
       0
       2
       0
       0
       0
       1
       1
       1
       1
       1
       1
       0
       0
       1
       0
       2
       0
       0
       0
       2
       0
       0
       0
       0
       0
       1
       1
       1
       1
       1
       1
       0
       0
       2
       0
       2
       1
       0
       0
       2
       0
       1
       3
       1
       1
       0
       0
       0
       0
       1
       0
       3
       0
       1
       1
       0
       0
       1
       0
       0
       1
       0
       1
       1
       0
       1
       0
       0
       2
       1
       0
       0
       0
       0
       0
       0
       0
       0
       0
       0
       0
       4
       1
       0
       1
       0
       2
       2
       0
       0
       0
       2
       0
       0
       0
       1
       1
       0
       0
       2
       0
       0
       1
       1
       2
       0
       2
       1
       1
       0
       0
       1
       1
       2
       1
       1
       0
       1
       3
       0
       1
       0
       1
       1
       3
       2
       1
       1
       2
       0
       2
       0
       1
       1
       0
       1
       1
       2
       0
       0
       0
       0
       0
       1
       1
       2
       0
       3
       1
       1
       0
       2
       1
       1
       1
       0
       1
       0
       2
       3
       2
       0
       0
       0
       2
       0
       0
       0
       0
       0
       0
       0
       0
       0
       0
       0
       0
       1
       1
       1
       0
       0
       0
       1
       0
       0
       1
       1
       0
       2
       0
       0
       0
       0
       0
       2
       0
       0
       0
       0
       0
       0
       0
       0
       0
       0
       0
       1
       1
       0
       2
       0
       0
       3
       0
       0
       1
       1
       0
       0
       0
       0
       1
       1
       3
       0
       3
       0
       1
       1
       1
       1
       0
       1
       0
       0
       0
       0
       1
       0
       1
       0
       0
       0
       1
       1
       2
       0
       0
       0
       0
       1
       1
       0
       0
       1
       0
       0
       0
       0
       0
       0
       3
       0
       2
       3
       0
       0
       1
       0
       0
       2
       0
       0
       0
       2
       1
       0
       0
       0
       0
       0
       0
       1
       0
       1
       0
       0
       0
       3
       0
       0
       0
       1
       0
       0
       0
       1
       0
       1
       0
       0
       0
       0
       0
       0
       3
       0
       0
       0
       0
       0
       0
       0
       0
       1
       1
       0
       0
       1
       0
       1
       0
       0
       0
       0
       0
       0
       1
       0
       1
       1
       0
       0
       0
       1
       0
       0
       0
       0
       1
       0
       1
       0
       0
       0
       1
       0
       1
       0
       0
       0
       0
       1
       0
       0
       2
       0
       0
       0
       0
       0
       0
       0
       1
       0
       1
       0
       1
       0
       0
       0
       0
       2
       0
       0
       0
       0
       0
       0
       0
       0
       0
       1
       0
       1
       1
       0
       0
       1
       0
       0
       0
       2
       1
       0
       0
       0
       0
       0
       0
       0
       1
       1
       2
       0
       0
       0
       1
       0
       0
       0
       0
       0
       0
       0
       1
       1
       1
       0
       1
       0
       1
       0
       0
       0
       0
       0
       0
       1
       0
       0
       1
       0
       0
       1
       0
       0
       0
       0
       1
       0
       0
       0
       0
       0
       1
       0
       1
       0
       1
       0
       1
       0
       1
       0
       1
       0
       0
       0
       0
       1
       0
       1
       1
       0
       0
       0
       0
       1
       0
       0
       0
       0
       0
       0
       0
       0
       0
       0
       0
       0
       0
       1
       1
       0
       0
       0
       0
       1
       1
       0
       0
       0
       0
       0
       0
       1
       1
       0
       0
       0
       1
       0
       1
       0
       0
       0
       0
       0
       1
       0
       1
       0
       0
       0
       0
       0
       0
       0
       0
       1
       0
       0
       0
       0
       0
       0
       1
       0
       0
       0
       0
       0
       1
       1
       0
       0
       0
       0
       0
       1
       0
       0
       0
       0
       0
       0
       0
       0
       0
       0
       0
       1
       0
       0
       0
       0
       0
       0
       0
       1
       2
       0
       0
       0
       0
       0
       0
       0
       0
       0
       0
       0
       0
       1
       1
       0
       0
       0
       1
       0
       0
       1
       0
       0
       0
       0
       0
       0
       0
       1
       1
       0
       0
       0
       0
       0
       0
       0
       1
       0
       0
       0
       0
       0
       0
       0
       0
       1
       0
       1
       0
       1
       0
       0
       0
       0
       0
       0
       0
       0
       0
       0
       0
       0
       0
       0
       0
       0
       0
       0
       0
       0
       0
       0
       1
       0
       0
       0
       0
       0
       0
       0
       0
       0
       0
       0
       0
       0
       0
       1
       1
       0
       0
       0
       1
       0
       1
       1
       0
       0
       0
       1
       0
       0
       0
       0
       1
       0
       0
       0
       0
       0
       0
       0
       0
       0
       0
       0
       0
       0
       0
       0
       1
       0
       1
       0
       2
       1
       1
       0
       1
       1
       0
       0
       1
       1
       0
       1
       0
       0
       0
       0
       0
       0
       1
       0
       0
       0
       0
       1
       0
       1
       1
       1
       0
       0
       0
       0
       0
       2
       1
       0
       0
       0
       0
       2
       0
       0
       0
       0
       0
       0
       0
       0
       0
       0
       1
       0
       0
       1
       0
       1
       0
       0
       1
       0
       0
       0
       0
       0
       0
       0
       1
       0
       1
       0
       0
       0
       0
       0
       0
       0
       0
       0
       1
       0
       0
       0
       0
       0
       0
       0
       1
       0
       0
       0
       0
       0
       1
       0
       1
       1
       0
       0
       0
       0
       0
       2
       0
       1
       1
       0
       1
       2
       1
       0
       0
       0
       0
       0
       0
       0
       0
       1
       1
       1
       0
       0
       1
       0
       0
       0
       0
       0
       0
       0
       0
       0
       0
       0
       0
       0
       0
       0
       0
       0
       0
       0
       0
       0
       0
       0
       0
       0
       0
       0
       0
       0
       0
       0
       0
       0
       0
       0
       1
       0
       0
       0
       0
       0
       0
       0
       1
       0
       0
       0
       0
       0
       0
       0
       0
       0
       0
       0
       0
       0
       1
       1
       0
       0
       0
       0
       0
       0
       0
       0
       0
       0
       0
       0
       0
       0
       0
       0
       1
       0
       0
       0
       0
       0
       0
       1
       0
       0
       1
       0
       0
       0
       1
       0
       0
       2
       0
       1
       0
       0
       1
       0
       0
       0
       1
       1
       0
       0
       1
       0
       0
       0
       0
       1
       0
       0
       0
       0
       0
       0
       0
       0
       0
       0
       0
       0
       0
       0
       0
       0
       1
       0
       0
       0
       1
       0
       0
       0
       0
       1
       1
       0
       0
       0
       0
       1
       0
       0
       0
       0
       0
       0
       0
       1
       1
       0
       1
       0
       0
       0
       0
       0
       0
       0
       0
       0
       0
       0
       0
       0
       0
       0
       0
       0
       0
       0
       0
       0
       0
       0
       0
       1
       0
       2
       0
       0
       0
       0
       0
       0
       0
       0
       0
       1
       0
       0
       0
       0
       0
       3
       0
       0
       2
       4
       5
       1
       5
       5
       8
       8
      16
      15
      18
      14
      16
       9
      13
       8
       6
       2
       2
       2
       1
       2
       0
       1
       1
       2
       0
       0
       0
       1
       0
       0
       0
       0
       0
       0
       0
       0
       0
       0
       0
       1
       0
       0
       0
       0
       0
       0
       0
       0
       0
       0
       1
       0
       0
       0
       0
       0
       0
       0
       0
       0
       0
       0
       0
       0
       0
       0
       0
       0
       1
       0
       0
       0
       0
       0
       0
       0
       1
       0
       0
       0
       0
       0
       0
       0
       0
       0
       0
       0
       0
       0
       0
       0
       0
       0
       1
       0
       0
       1
       0
       0
       0
       1
       0
       0
       0
       1
       0
       0
       0
       0
       0
       0
       1
       0
       0
       0
       0
       0
       0
       0
       0
       0
       1
       0
       0
       1
       0
       0
       0
       0
       0
       0
       0
       0
       0
       1
       0
       0
       0
       1
       0
       1
       0
       0
       0
       0
       0
       0
       0
       0
       0
       0
       0
       0
       0
       0
       0
       0
       0
       1
       0
       0
       0
       0
       0
       0
       1
       0
       1
       0
       0
       0
       1
       0
       0
       0
       0
       0
       1
       0
       0
       1
       0
       0
       0
       0
       0
       0
       0
       0
       1
       0
       0
       0
       0
       0
       0
       0
       1
       0
       0
       0
       1
       0
       0
       0
       1
       1
       0
       0
       0
       1
       0
       0
       0
       0
       0
       0
       0
       0
       0
       0
       0
       0
       0
       1
       0
       0
       0
       1
       0
       0
       0
       0
       1
       0
       0
       0
       1
       0
       0
       0
       0
       1
       0
       0
       0
       0
       0
       0
       0
       0
       1
       0
       0
       0
       1
       0
       0
       0
       0
       0
       0
       0
       0
       0
       0
       1
       0
       0
       0
       0
       0
       0
       0
       0
       0
       0
       1
       0
       0
       0
       0
       0
       0
       0
       0
       0
       1
       0
       0
       0
       0
       0
       0
       0
       0
       1
       0
       0
       0
       0
       0
       0
       0
       0
       0
       0
       0
       0
       0
       0
       0
       0
       1
       0
       0
       1
       2
       1
       0
       0
       0
       0
       2
       1
       0
       0
       0
       0
       0
       0
       0
       0
       0
       0
       0
       0
       0
       0
       0
       0
       0
       0
       0
       1
       0
       0
       0
       0
       0
       0
       0
       0
       0
       0
       0
       0
       0
       1
       0
       1
       1
       0
       0
       1
       0
       0
       0
       0
       0
       0
       0
       0
       1
       0
       0
       0
       0
       0
       0
       0
       0
       0
       0
       0
       0
       0
       0
       0
       0
       0
       0
       0
       1
       0
       0
       0
       0
       1
       0
       1
       0
       0
       0
       0
       0
       0
       0
       0
       1
       0
       0
       0
       0
       0
       0
       0
       0
       0
       0
       0
       0
       0
       0
       0
       0
       0
       0
       1
       0
       0
       0
       0
       0
       1
       0
       0
       0
       0
       0
       0
       0
       0
       0
       0
       0
       0
       0
       0
       0
       0
       0
       0
       1
       0
       0
       0
       0
       0
       0
       0
       0
       1
       0
       0
       0
       0
       1
       0
       1
       1
       0
       0
       0
       0
       0
       0
       1
       0
       0
       0
       1
       0
       0
       0
       0
       0
       0
       0
       0
       0
       0
       0
       0
       0
       0
       0
       0
       0
       0
       0
       0
       0
       0
       0
       1
       1
       1
       0
       0
       0
       0
       0
       0
       0
       0
       1
       0
       0
       0
       0
       0
       1
       0
       2
       0
       0
       0
       0
       0
       0
       0
       1
       0
       0
       1
       0
       1
       0
       0
       0
       0
       1
       0
       0
       0
       0
       0
       1
       0
       0
       0
       0
       0
       0
       0
       0
       1
       0
       1
       0
       0
       0
       0
       0
       0
       0
       0
       0
       0
       0
       0
       0
       0
       0
       0
       0
       0
       0
       0
       0
       0
       0
       0
       0
       0
       0
       0
       0
       0
       0
       0
       0
       0
       0
       0
       0
       0
       0
       0
       0
       0
       0
       0
       0
       0
       0
       0
       0
       0
       0
       0
       0
       0
       0
       0
       0
       0
       2
       0
       0
       0
       0
       0
       1
       0
       0
       1
       0
       1
       1
       0
       0
       0
       0
       1
       0
       0
       0
       0
       0
       2
       1
       0
       0
       0
       0
       0
       0
       0
       0
       0
       0
       0
       0
       0
       0
       0
       0
       0
       0
       0
       0
       0
       0
       0
       0
       0
       0
       0
       0
       0
       0
       0
       0
       0
       0
       0
       0
       0
       0
       0
       0
       1
       0
       0
       0
       0
       0
       0
       0
       0
       0
       0
       0
       0
       1
       0
       0
       1
       0
       0
       0
       0
       0
       0
       0
       0
       1
       0
       0
       0
       0
       0
       0
       0
       0
       0
       0
       0
       1
       0
       0
       0
       0
       0
       0
       0
       0
       1
       0
       0
       0
       0
       0
       0
       0
       0
       0
       0
       0
       0
       0
       0
       0
       0
       0
       1
       0
       0
       0
       0
       0
       0
       1
       0
       0
       0
       0
       0
       0
       0
       0
       0
       0
       0
       0
       0
       0
       0
       0
       0
       0
       0
       0
       0
       0
       0
       0
       0
       0
       1
       0
       1
       0
       0
       0
       0
       0
       0
       0
       0
       0
       1
       1
       0
       0
       0
       1
       0
       0
       0
       0
       0
       0
       0
       0
       0
       0
       1
       0
       0
       0
       0
       1
       0
       0
       0
       0
       0
       0
       0
       0
       0
       0
       0
       0
       1
       0
       0
       0
       0
       0
       0
       0
       0
       1
       0
       0
       0
       0
       0
       0
       0
       0
       0
       0
       0
       1
       0
       0
       0
       0
       0
       0
       0
       0
       0
       0
       0
       0
       0
       0
       0
       0
       0
       0
       0
       0
       0
       0
       0
       0
       0
       0
       0
       0
       0
       0
       0
       0
       0
       0
       0
       0
       0
       0
       0
       0
       0
       0
       0
       0
       0
       0
       0
       0
       0
       0
       0
       0
       0
       0
       0
       0
       0
       0
       0
       0
       0
       0
       0
       0
       0
       0
       0
       0
       0
       0
       0
       1
       0
       0
       0
       0
       1
       0
       0
       0
       0
       0
       0
       0
       0
       0
       0
       0
       0
       0
       0
       0
       1
       0
       0
       0
       0
       0
       0
       0
       0
       0
       0
       0
       0
       1
       0
       0
       0
       0
       0
       0
       0
       0
       0
       0
       0
       1
       0
       0
       0
       1
       0
       0
       0
       0
       0
       0
       0
       0
       0
       0
       0
       0
       0
       0
       0
       0
       0
       0
       0
       0
       0
       0
       0
       0
       0
       0
       0
       0
       0
       0
       0
       0
       0
       0
       0
       0
       0
       0
       0
       0
       0
       0
       0
       0
       0
       0
       0
       0
       0
       0
       0
       0
       0
       0
       0
       0
       0
       0
       0
       0
       0
       0
       0
       0
       0
       0
       0
       0
       0
       0
       0
       0
       0
       0
       0
       0
       0
       0
       0
       0
       0
       0
       0
       0
       0
       1
       0
       0
       0
       0
       0
       0
       0
       0
       1
       0
       0
       0
       0
       0
       0
       0
       0
       0
       0
       1
       0
       0
       0
       0
       0
       0
       0
       0
       0
       0
       0
       0
       0
       0
       0
       0
       0
       0
       0
       0
       0
       0
       0
       0
       0
       0
       1
       2
       0
       0
       0
       0
       0
       0
       0
       0
       0
       0
       0
       0
       0
       0
       0
       0
       0
       1
       0
       0
       0
       0
       0
       0
       0
       0
       0
       0
       1
       0
       0
       0
       0
       0
       0
       0
       0
       0
       0
       0
       0
       0
       0
       0
       0
       0
       0
       1
       0
       0
       0
       0
       0
       0
       0
       1
       0
       0
       0
       0
       0
       0
       0
       0
       0
       0
       0
       0
       0
       0
       0
       0
       0
       0
       0
       0
       0
       0
       0
       0
       0
       0
       0
       1
       0
       1
       0
       0
       0
       0
       0
       1
       3
       2
       2
       1
       1
       0
       2
       1
       0
       1
       0
       0
       0
       0
       0
       0
       0
       0
       0
       0
       1
       0
       0
       0
       0
       0
       0
       0
       0
       0
       0
       0
       0
       0
       0
       0
       0
       0
       0
       0
       0
       0
       0
       0
       2
       0
       0
       0
       0
       0
       0
       0
       0
       0
       1
       0
       0
       0
       0
       0
       0
       0
       1
       0
       0
       0
       0
       0
       0
       0
       0
       0
       0
       0
       0
       0
       0
       0
       0
       0
       0
       0
       0
       0
       0
       0
       0
       0
       0
       0
       0
       0
       0
       0
       0
       0
       0
       0
       0
       1
       0
       0
       0
       0
       0
       0
       0
       0
       0
       0
       0
       0
       0
       0
       0
       0
       0
       1
       0
       0
       0
       0
       0
       0
       0
       0
       0
       0
       0
       0
       0
       0
       0
       0
       0
       0
       0
       0
       0
       0
       0
       0
       0
       0
       0
       0
       0
       0
       0
       0
       0
       0
       0
       0
       0
       0
       0
       0
       0
       0
       1
       0
       0
       0
       0
       0
       0
       0
       0
       0
       0
       0
       0
       0
       0
       0
       0
       0
       0
       0
       0
       0
       0
       0
       1
       0
       0
       0
       0
       0
       0
       0
       0
       0
       0
       0
       0
       0
       0
       0
       1
       1
       0
       0
       0
       0
       0
       0
       0
       0
       0
       0
       0
       0
       0
       0
       0
       1
       0
       1
       0
       0
       0
       0
       0
       0
       0
       0
       0
       0
       0
       0
       0
       0
       0
       0
       0
       1
       0
       0
       0
       0
       0
       0
       0
       0
       0
       0
       0
       0
       0
       0
       1
       0
       0
       0
       0
       0
       0
       0
       1
       0
       0
       0
       0
       0
       0
       0
       0
       0
       0
       0
       1
       0
       0
       1
       0
       0
       0
       0
       0
       0
       0
       0
       0
       1
       0
       0
       0
       0
       0
       0
       0
       0
       0
       0
       0
       0
       0
       0
       0
       0
       0
       0
       1
       0
       0
       0
       0
       0
       0
       0
       0
       0
       0
       0
       0
       0
       0
       0
       0
       0
       0
       0
       0
       0
       0
       2
       1
       0
       0
       0
       0
       0
       0
       0
       0
       0
       0
       0
       1
       0
       0
       0
       0
       0
       0
       0
       0
       0
       0
       0
       0
       0
       0
       0
       0
       0
       0
       0
       0
       0
       0
       0
       0
       0
       0
       0
       0
       0
       0
       0
       0
       0
       0
       0
       0
       0
       0
       0
       0
       0
       0
       0
       0
       0
       0
       0
       0
       0
       0
       0
       0
       0
       0
       0
       0
       0
       0
       0
       0
       0
       0
       0
       0
       0
       0
       0
       0
       0
       0
       0
       0
       0
       0
       0
       0
       0
       0
       0
       0
       0
       1
       0
       0
       0
       0
       1
       0
       0
       0
       1
       0
       0
       0
       0
       0
       0
       0
       0
       0
       0
       0
       0
       0
       0
       0
       0
       0
       0
       0
       1
       0
       1
       0
       0
       0
       0
       0
       0
       0
       0
       0
       0
       0
       0
       0
       0
       0
       0
       0
       0
       0
       0
       0
       0
       0
       0
       0
       0
       0
       0
       0
       0
       0
       0
       0
       0
       0
       0
       0
       1
       0
       0
       1
       0
       0
       0
       0
       0
       0
       1
       1
       0
       1
       0
       0
       0
       0
       0
       0
       0
       0
       0
       0
       0
       0
       0
       0
       0
       0
       0
       0
       0
       0
       0
       0
       0
       1
       0
       0
       0
       0
       0
       0
       0
       0
       0
       0
       1
       0
       1
       0
       0
       0
       0
       0
       0
       0
       0
       0
       0
       0
       1
       0
       0
       0
       0
       0
       0
       0
       0
       0
       0
       0
       0
       0
       0
       0
       0
       0
       0
       0
       0
       0
       0
       0
       0
       0
       0
       0
       0
       0
       0
       0
       0
       0
       0
       0
       1
       0
       0
       0
       0
       0
       0
       0
       0
       0
       0
       0
       0
       0
       0
       0
       0
       0
       0
       0
       0
       0
       0
       0
       0
       0
       0
       0
       0
       0
       0
       0
       0
       0
       0
       0
       0
       0
       0
       0
       0
       0
       0
       0
       0
       0
       0
       0
       0
       0
       0
       0
       0
       0
       0
       0
       0
       0
       0
       0
       0
       0
       0
       0
       0
       0
       0
       0
       0
       0
       0
       0
       0
       0
       0
       0
       0
       0
       0
       0
       0
       1
       0
       0
       0
       0
       0
       0
       0
       0
       0
       1
       0
       0
       0
       0
       0
       0
       0
       0
       0
       0
       0
       0
       0
       0
       0
       0
       0
       0
       0
       0
       0
       0
       0
       0
       0
       0
       0
       0
       0
       0
       0
       0
       0
       0
       0
       0
       0
       0
       0
       0
       0
       1
       0
       0
       0
       0
       0
       0
       0
       0
       0
       0
       0
       0
       0
       0
       0
       1
       1
       0
       0
       0
       0
       0
       0
       0
       0
       0
       0
       0
       0
       0
       0
       0
       0
       0
       0
       0
       0
       0
       0
       0
       0
       0
       0
       0
       0
       0
       0
       0
       0
       0
       0
       0
       0
       0
       0
       0
       0
       0
       0
       0
       0
       0
       0
       0
       0
       0
       0
       0
       0
       0
       0
       0
       0
       0
       0
       1
       0
       0
       0
       0
       0
       0
       0
       0
       0
       0
       0
       0
       0
       0
       0
       0
       0
       0
       0
       0
       0
       0
       0
       0
       0
       0
       0
       0
       0
       0
       0
       0
       0
       1
       0
       0
       0
       0
       0
       0
       0
       0
       0
       0
       0
       0
       0
       0
       0
       1
       0
       0
       0
       0
       1
       0
       0
       0
       0
       0
       0
       0
       0
       0
       0
       0
       0
       0
       0
       0
       0
       0
       0
       0
       0
       0
       0
       0
       0
       1
       0
       0
       0
       0
       0
       0
       0
       0
       0
       0
       0
       0
       0
       0
       0
       0
       1
       0
       0
       0
       0
       0
       0
       0
       0
       0
       0
       0
       0
       0
       0
       0
       0
       0
       0
       0
       0
       0
       0
       0
       0
       0
       0
       0
       0
       0
       0
       0
       0
       0
       0
       0
       0
       0
       0
       0
       0
       0
       0
       0
       0
       0
       0
       1
       0
       0
       0
       0
       0
       0
       0
       0
       0
       0
       0
       0
       0
       0
       0
       0
       0
       0
       0
       0
       0
       0
       0
       0
       0
       0
       0
       0
       0
       1
       0
       0
       0
       0
       0
       0
       0
       0
       1
       0
       0
       0
       0
       0
       0
       0
       0
       0
       0
       0
       0
       0
       0
       0
       0
       0
       0
       0
       0
       1
       0
       1
       0
       0
       0
       0
       0
       0
       0
       0
       0
       0
       0
       0
       0
       0
       0
       0
       0
       0
       0
       1
       0
       0
       0
       0
       0
       0
       1
       0
       0
       0
       0
       0
       0
       0
       0
       0
       0
       0
       0
       1
       0
       0
       0
       0
       0
       0
       0
       0
       0
       0
       0
       0
       0
       0
       0
       0
       0
       0
       0
       2
       0
       0
       0
       0
       0
       0
       0
       0
       1
       0
       0
       0
       0
       0
       0
       0
       0
       0
       0
       0
       0
       0
       0
       0
       0
       0
       0
       0
       0
       1
       0
       0
       0
       0
       0
       0
       0
       0
       0
       0
       0
       0
       0
       0
       0
       0
       0
       0
       0
       0
       0
       0
       1
       0
       0
       0
       0
       0
       1
       0
       0
       0
       0
       0
       0
       0
       0
       0
       0
       0
       1
       0
       0
       0
       0
       0
       0
       0
       0
       0
       0
       0
       0
       0
       0
       0
       0
       0
       0
       0
       0
       0
       0
       0
       0
       0
       0
       0
       0
       0
       0
       0
       0
       0
       0
       0
       0
       0
       0
       0
       0
       0
       0
       0
       0
       0
       0
       0
       0
       0
       0
       0
       0
       0
       0
       0
       0
       0
       0
       0
       0
       0
       0
       0
       0
       0
       0
       0
       0
       1
       0
       0
       0
       0
       1
       0
       0
       0
       0
       0
       0
       0
       0
       0
       0
       0
       0
       0
       1
       0
       0
       0
       0
       0
       0
       0
       0
       0
       0
       1
       1
       0
       0
       0
       0
       0
       0
       0
       1
       0
       0
       0
       0
       1
       1
       0
       0
       0
       0
       0
       0
       0
       0
       1
       0
       0
       0
       0
       0
       0
       0
       0
       0
       0
       0
       0
       0
       0
       0
       0
       0
       1
$ROI:
11
224 244
765 907
1350 1411
1828 1908
2525 2667
2716 2799
3716 3817
4331 4427
4564 4622
5085 5259
5690 5768
$PRESETS:
Live Time
200
0
$ENER_FIT:
0.053689 0.255148
$MCA_CAL:
3
5.368913E-002 2.551478E-001 -1.853380E-009 keV
$SHAPE_CAL:
3
6.992400E+000 7.812671E-004 -3.508660E-008
