$SPEC_ID:
No sample description was entered.
$SPEC_REM:
DET# 1
DETDESC# GMX20P4 HPGe
AP# Maestro Version 7.01
$DATE_MEA:
11/23/2018 16:29:29
$MEAS_TIM:
200 201
$DATA:
0 8191
       0
       0
       0
       0
       0
       0
       0
       0
       0
       0
       0
       0
       0
       0
       0
       0
       0
       0
       0
       0
       0
       0
       0
       0
       0
       0
       0
       0
       0
       0
       0
       0
       0
       0
       0
       0
       0
       0
       0
       0
       0
       0
       0
       0
       0
       0
       0
       0
       4
      38
     110
     132
     128
     134
     121
     135
     142
     124
     138
     116
     149
     125
     140
     127
     131
     136
     153
     142
     113
     147
     133
     127
     149
     150
     132
     122
     121
     136
     149
     152
     150
     123
     157
     146
     149
     147
     176
     168
     157
     136
     135
     136
     134
     151
     141
     105
     122
     143
     110
     136
     125
     103
     147
     153
     138
     142
     139
     132
     132
     154
     156
     151
     163
     169
     221
     231
     235
     241
     260
     293
     386
     479
     610
     703
     775
     839
     763
     666
     558
     451
     304
     253
     204
     150
     139
     139
     150
     157
     184
     195
     237
     291
     257
     274
     260
     249
     215
     160
     151
     128
     114
     103
      94
      92
      95
      82
      92
      86
      93
      97
      81
     104
     110
      89
      82
      85
      95
      89
      87
     100
      79
      91
      80
     101
     100
     100
      87
      80
      90
      94
     113
      96
      94
      91
     105
      90
     103
      89
      90
      98
     100
     100
      92
     109
      87
     116
     102
     107
     104
      86
      86
     102
      96
     100
     107
     103
     115
      83
      96
      94
     101
     101
     107
      96
      98
     111
     119
      98
     102
      91
      97
      90
     102
     102
      84
      94
     105
     112
      95
     103
      97
     102
      92
     116
     113
      93
     111
      85
     104
     119
     123
     108
     103
      87
     123
     105
     125
     104
     102
      94
     121
     111
     118
     120
     105
     101
      99
     103
      93
     124
     112
      91
     107
     116
     107
      97
     127
      93
      94
     125
      87
      98
     114
     122
      89
     110
     107
      94
     115
     114
     107
      94
      97
      99
      98
     102
     114
     108
     115
     118
     111
     104
     105
     119
     108
      90
     101
     104
     107
      96
     132
     111
     116
     106
     138
     107
     122
     123
     117
     116
     110
     103
     101
     125
     100
     106
      92
     111
     117
     126
     105
     106
     111
     103
     117
      90
     114
     111
     119
      92
     104
      80
     118
     121
     124
     115
     117
     116
     104
     110
     127
     103
     119
     103
     119
      97
     110
     128
     107
     110
     100
     108
     106
     114
     123
     119
     110
     118
      84
     112
     100
      82
      94
     106
     123
     119
     113
     105
     115
     101
     106
     115
     106
     114
     104
     111
     111
     104
      97
     101
     103
     103
     107
     107
     129
      95
     106
     106
     101
     113
     104
     104
     127
     103
     113
     133
     115
     118
     103
     100
     120
      99
     122
     105
      92
     108
     125
      97
     120
     111
     136
     122
     108
     118
     101
     108
     114
     101
      87
     110
     102
      99
     119
     109
     107
     116
     112
      95
     118
      96
      99
      84
     108
     119
      81
     112
     118
     120
     117
     118
     126
     110
     123
      95
     113
     123
     108
     107
      97
     104
     117
     111
     111
      95
      95
     119
     106
     115
     114
     116
     102
      90
     114
     122
     101
     117
     115
     107
     108
      94
     113
     115
      94
     115
     118
     113
     102
     105
     127
     104
     103
     105
      97
     114
     107
     123
      96
     110
     116
     110
     103
     100
     119
     103
     101
     117
     108
     123
     121
     119
     105
     132
     108
     121
     112
     118
      96
     114
     108
     109
     106
     112
     109
     112
     113
     110
     103
     117
     102
      87
      99
     102
     126
     122
     106
     114
      98
     101
     116
     113
      92
     111
     103
     114
      96
     105
     113
     108
     101
     105
     128
     118
     111
     101
      92
      97
     109
      93
     110
     119
     103
      90
      91
      94
     110
      93
     100
     110
     115
     121
      86
     104
     104
      96
      96
     101
     105
     104
      90
      93
     116
     131
     110
     105
      97
      95
     103
      85
      94
      82
     117
     101
     100
     104
     101
     104
     109
     113
     118
      93
      87
     104
     101
     116
     105
      92
     107
     101
      96
      84
      87
      93
     111
      80
     107
     101
     111
      97
      97
      98
     103
      90
      88
     102
      98
     110
     106
     103
     106
      90
      97
      84
     102
      85
     104
     102
     100
     116
      92
      99
      92
      88
     116
      94
     100
      97
      85
      82
      99
     113
     102
      92
      89
      99
      89
      80
      94
      99
     107
      93
     101
      94
      95
      97
     108
     108
      84
      77
      97
      81
     100
      95
      93
      94
     102
      97
      87
      93
     102
      91
      81
      84
     104
      83
      97
     115
     102
      99
      86
      97
      78
      88
      94
      99
      98
      90
      94
     110
     108
      97
      82
      86
      87
      91
      78
     102
     101
     105
      88
      83
      87
      88
      98
     107
      78
      82
     110
     104
      78
      97
      92
      90
     102
      88
      94
     107
      98
     117
     120
     120
     105
     115
      97
     113
     127
     106
     112
     101
     121
     129
     118
     119
     133
     126
      99
     103
     127
     114
     124
     127
     117
     116
      99
      97
     124
     106
      78
     134
      88
      96
      98
     102
      97
     121
     118
     100
      69
     108
      80
     108
     107
      96
      97
     112
     117
      91
     115
     108
     143
      98
     106
     106
     112
      91
     101
     116
     102
      91
     112
      87
      89
      94
      87
     110
      95
      85
      92
      97
     102
     107
     118
      98
      96
      85
     105
     108
      96
      97
      86
     103
      87
      98
      92
     107
      87
      92
      89
     115
      99
      89
     104
     109
      75
     119
     102
     107
     106
     101
      99
      91
     119
     104
      86
     108
     101
     129
     101
      91
      98
      87
      84
      97
     113
      93
     107
     113
      89
      96
      95
      94
     112
      89
     103
     112
     102
      94
      88
     116
      95
     107
     103
      88
      91
      92
     113
      80
     104
     101
      90
      94
      86
     105
     104
      88
     107
     102
     103
     107
     100
     106
      94
     104
     110
      88
     106
      95
     100
      74
      97
      71
      89
     100
     112
      94
      93
      86
      94
      68
      93
      96
      85
     101
      85
      93
     104
      94
      96
      97
     104
      96
      97
      95
     105
     107
      89
     103
      96
     104
     107
      98
     107
     102
      83
      87
      99
      97
     104
      86
      81
      92
      88
     103
      96
     106
     100
      85
      92
      98
      92
     104
      96
      90
     101
     101
      98
     110
     103
      99
     102
      80
      95
      94
     103
     100
      86
     100
      98
      93
      84
      76
     115
     112
      91
      91
      95
      95
     105
      94
      94
     101
      95
      95
      86
      90
      78
      92
      96
      81
      84
     104
      95
      75
      83
      92
     105
      81
     106
      96
     100
     100
      93
      88
      96
     119
      78
      87
     100
      99
      90
      87
     105
      92
     102
     102
      93
      99
      98
      89
      99
      91
     100
     106
      77
     100
      82
      99
      97
     116
      88
      66
      87
     100
     105
      97
      90
      89
      80
      88
      91
      92
      92
      85
      81
      91
      97
      72
      95
      84
      80
      95
      87
      84
      75
      89
      96
      89
      98
     105
      82
      90
      90
      79
      87
      75
      94
      90
      92
      88
      75
      82
      95
      90
      81
      95
      97
      76
      69
      98
      81
     101
      90
      99
      79
      87
      87
      73
      80
      92
      92
      97
      80
      81
      81
      73
      90
      87
      80
      72
      87
      77
      70
      91
      78
      79
      89
      80
      89
      85
      89
      97
      95
      79
      81
      70
      70
      83
      77
      82
      82
      80
      82
      80
      86
      95
      96
      88
      89
      80
      78
      85
      64
     102
      92
      77
      90
      75
      83
      85
      75
      65
      72
      83
      74
      70
      74
      84
      73
     100
      96
      78
      79
      85
      89
      74
      90
      85
      68
      83
      79
      86
      76
      72
      94
      90
      79
      85
      77
      84
      85
      78
      74
      95
      74
      78
      73
      75
      89
      90
      74
      74
      82
      91
      69
      86
      73
      75
      84
      81
      89
      64
      81
      74
      80
      95
      91
      75
      71
      73
      83
      80
      77
      83
      85
      73
      71
      88
      79
      97
      75
      77
      72
      76
      81
      67
      82
      65
      66
      62
      72
      83
      77
      86
      94
      66
      63
      72
      96
      81
      63
      82
      69
      88
      71
      72
      68
      95
      87
      81
      65
      81
      77
      89
      73
      78
      78
      69
      85
      90
      73
      89
      75
      79
      79
      75
      73
      83
      78
      79
      73
      78
      99
      71
      69
      71
      84
      77
      75
      81
      88
      64
      82
      83
      78
      71
      90
      74
      64
      92
      68
      78
      75
      93
      73
      74
      71
      73
      79
      67
      92
      81
      73
      78
      74
      77
      65
      77
      75
      73
      85
      80
      69
      71
      70
      82
      63
      76
      68
      74
      72
      67
      65
      85
      77
      82
      67
      81
      62
      68
      69
      80
      71
      75
      82
      73
      66
      71
      80
      82
      85
      75
      70
      85
      72
      74
      60
      81
      73
      70
      75
      70
      72
      65
      84
      87
      75
      62
      71
      52
      82
      87
      74
      69
      64
      60
      71
      74
      69
      75
      59
      69
      77
      68
      59
      63
      69
      71
      68
      63
      95
      81
      72
      68
      57
      69
      68
      76
      68
      66
      75
      91
      74
      82
      67
      77
      74
      82
      92
      75
      79
      61
      74
      67
      72
      72
      82
      78
      82
      79
      70
      82
      78
      78
      73
      68
      76
      80
      67
      67
      71
      80
      75
      79
      68
      61
      77
      80
      66
      62
      80
      69
      63
      80
      53
      66
      73
      74
      70
      68
      66
      77
      62
      54
      83
      73
      73
      66
      82
      68
      81
      68
      71
      78
      76
      63
      87
      67
      64
      86
      67
      62
      74
      76
      76
      81
      77
      72
      72
      59
      78
      62
      81
      74
      70
      75
      71
      69
      73
      79
      61
      67
      73
      83
      68
      62
      68
      78
      77
      94
      73
      60
      74
      65
      80
      72
      87
      74
      92
      69
      88
      71
      75
      72
      73
      64
      79
      85
      82
      73
      81
      65
      74
      63
      64
      73
      81
      72
      84
      69
      67
      77
      80
      66
      91
      83
      74
      77
      78
      79
      83
      75
      81
      83
      52
      61
      76
      74
      94
      79
      77
      72
      60
      90
      64
      93
      89
      66
      75
      76
      71
      67
      84
      82
      74
      94
      75
      80
      73
      83
      73
      84
      65
      69
      63
      85
      87
      82
      63
      87
      71
      63
      86
      70
      88
      77
      84
      94
      77
      84
      67
      84
      69
      76
      93
      81
      80
      69
      88
      67
      85
      83
      91
      66
      90
      72
      91
      82
      71
      90
      84
      83
      68
      83
      63
      72
      72
      76
      78
      70
      88
      97
      78
      78
      68
      80
      89
      70
      79
      76
      75
      79
      76
      83
      87
      62
      78
      84
      84
      77
      63
      61
      78
      83
      82
      76
      84
      75
      95
      91
      85
      79
      86
      79
      69
      81
      87
      81
      71
      70
      81
      80
      75
      82
      95
      73
     101
      87
      89
      86
      81
      78
      93
      94
      73
      84
      78
      91
      81
      78
      90
      88
      88
      89
      83
      91
      87
      87
      91
      90
      90
      93
      87
      86
      77
      74
      79
      86
      84
      84
      75
      91
      81
      91
      78
      76
      92
      90
      99
      87
     108
     111
      90
      82
      74
      89
      82
      93
      98
      96
      97
      99
      96
      86
     103
      88
      82
      86
      83
      80
      72
      88
     103
      81
     105
      69
      70
      90
      83
      92
      97
      87
      90
      92
      76
      92
      84
      83
      77
      92
      96
      92
      77
      97
      76
      69
      72
      86
      76
      82
      90
      82
      73
      98
      83
     100
     108
      80
     107
      90
      85
     103
      95
      93
      91
     103
      85
      81
     109
      97
      92
      94
     102
      96
      85
      86
      93
      89
      89
      95
     107
      92
     103
      83
      94
     100
      81
      90
     102
      89
      91
      89
      90
      90
     106
      94
     102
      98
     105
     105
      78
      86
      90
     104
     127
     103
     102
      94
     102
      90
      96
     103
      84
     111
     102
      94
     103
     115
     100
     105
     101
      80
     105
     113
      98
     102
     105
     109
      97
      96
     110
     109
      82
      98
     106
      98
     100
     113
     106
      94
     110
     111
     106
     104
     104
      98
     119
      99
     107
     111
      99
     110
     106
      93
     103
     102
      90
     101
      96
     103
     106
     109
     102
     131
      98
     108
      98
     116
      99
     104
     130
      89
      93
     114
      98
      94
     103
     122
      80
     115
      97
      96
     109
      90
      80
      89
      92
     116
     101
     109
      99
     109
      95
     107
      82
      99
      71
      76
     103
      96
      91
      88
      79
      81
      85
      77
      87
      72
      73
      93
      72
      80
      76
      69
      63
      59
      72
      63
      70
      64
      52
      71
      68
      72
      67
      63
      71
      59
      61
      58
      58
      51
      58
      59
      54
      63
      61
      50
      52
      47
      58
      68
      52
      53
      60
      50
      48
      49
      55
      44
      58
      52
      46
      55
      47
      51
      54
      57
      51
      59
      60
      48
      45
      51
      57
      61
      58
      57
      54
      48
      59
      40
      54
      50
      48
      54
      57
      51
      58
      50
      53
      43
      40
      53
      41
      57
      44
      35
      46
      55
      52
      50
      49
      43
      55
      50
      44
      43
      57
      42
      51
      57
      41
      51
      40
      52
      65
      45
      41
      31
      35
      44
      40
      45
      39
      44
      34
      43
      52
      41
      46
      43
      43
      41
      40
      51
      30
      54
      40
      39
      54
      48
      44
      55
      38
      41
      46
      42
      45
      41
      35
      41
      39
      51
      40
      31
      37
      38
      39
      45
      39
      49
      45
      44
      26
      37
      39
      31
      35
      23
      36
      37
      30
      42
      28
      41
      37
      36
      39
      37
      35
      41
      29
      34
      29
      33
      35
      44
      50
      40
      36
      27
      44
      30
      32
      40
      28
      33
      35
      35
      37
      24
      28
      35
      32
      32
      39
      37
      22
      40
      30
      33
      31
      38
      26
      45
      36
      27
      30
      24
      26
      30
      28
      38
      37
      30
      32
      37
      32
      18
      21
      32
      34
      32
      36
      38
      33
      36
      29
      33
      21
      26
      28
      31
      27
      22
      28
      23
      27
      25
      35
      29
      30
      28
      19
      18
      19
      27
      28
      31
      29
      25
      23
      28
      25
      30
      21
      31
      23
      30
      31
      15
      16
      23
      13
      27
      21
      20
      13
      22
      21
      17
      24
      27
      20
      22
      13
      31
      17
      17
      27
      18
      29
      24
      11
      19
      21
      20
      17
      30
      16
      13
      16
      17
      23
      15
      22
      19
      25
      15
      13
      13
      26
      16
      16
      27
      18
      20
      25
      21
      33
      20
      18
      15
      19
      17
      13
      16
      21
      13
      14
      16
      21
      19
      18
      15
      15
      16
      14
      10
      13
      12
      22
      18
      20
      21
      15
      14
      19
      16
      16
      12
      21
      13
      12
      16
      14
      10
      13
      11
      12
      12
      12
      21
      11
      13
      15
      17
       9
      14
      13
      12
      13
      21
       8
      10
      12
      13
       8
      11
      16
      13
      11
       9
      20
      15
      16
      17
      14
      14
      14
      22
      12
      12
      10
      13
       8
      13
      10
      13
       8
      19
      11
      11
      18
      16
      16
      14
      10
       7
      10
       6
      18
       8
       8
      14
       9
      17
      10
      20
      12
      13
      15
      16
      16
      14
      16
      12
      18
      12
      15
      11
      10
      18
      10
      13
      14
      16
      17
       4
      10
      17
      13
      14
      17
      16
       6
      21
      11
       7
       8
      18
      13
      15
       6
      18
      13
      16
      14
      12
      14
      13
      17
      11
       7
      12
      12
      14
       9
      11
      16
       5
       9
      13
      10
      12
      14
      14
      12
      12
      14
      21
       9
      11
      11
      11
      11
      11
      11
      12
      14
      11
      16
      12
       9
      18
      10
      16
       9
      10
       9
       9
      13
       8
      12
      10
       8
       6
      18
      13
      13
      11
      17
      12
      15
      10
       7
      14
      10
      18
       7
      12
      12
      12
      17
      10
      15
      22
      23
      20
      20
      21
      22
      11
      11
      16
      15
      15
      10
      14
       4
       7
      11
      10
      14
      11
      10
      12
       9
      14
      10
       8
       8
      13
       7
       9
       7
      16
      13
       9
      15
      14
       8
      10
      11
      10
      10
      12
       8
      11
      13
       9
      12
       5
       9
       8
      10
      10
      10
      14
      13
       9
       8
      14
      11
      13
       7
       8
       4
      16
      13
      10
      11
      10
      18
      14
       8
       8
       9
       9
       9
      11
      11
      13
       8
       9
      14
      11
       7
      10
      11
       3
      14
      11
       9
      10
       9
      11
      15
       6
       8
      10
       8
       9
      13
      10
      12
      13
       7
       6
      18
       9
      10
      12
      16
       8
      13
       6
      10
      10
      13
       8
      11
       7
      11
       9
      10
       9
      10
       9
      14
       6
       8
      11
       9
      13
      11
      14
      11
      13
       9
      10
      12
       8
       6
      12
       8
       8
      11
       6
       8
       8
      10
      14
      14
      16
      17
      16
      15
      14
      16
       8
      10
      11
      11
      13
      13
      15
       9
      18
      11
      16
      11
      16
      16
      11
       9
      16
      11
      10
      19
       8
      13
      15
      13
      16
       9
      10
      16
      11
      11
      20
       7
      16
      16
      13
      14
      18
      17
      21
      27
      29
      43
      74
     128
     201
     330
     582
     856
    1435
    2011
    2697
    3518
    4263
    4709
    4719
    4488
    4095
    3292
    2386
    1767
    1103
     685
     358
     178
      94
      27
      22
       9
       3
       2
       3
       1
       1
       0
       1
       1
       0
       0
       1
       0
       0
       2
       1
       0
       1
       2
       1
       1
       0
       0
       1
       0
       2
       2
       2
       0
       2
       0
       0
       0
       0
       1
       1
       3
       1
       0
       3
       2
       4
       2
       2
       0
       4
       0
       2
       1
       1
       1
       1
       0
       2
       0
       1
       2
       1
       0
       1
       1
       1
       1
       2
       2
       2
       1
       1
       1
       1
       2
       3
       0
       1
       0
       0
       0
       1
       1
       1
       1
       1
       0
       3
       0
       0
       0
       0
       2
       1
       1
       0
       0
       0
       4
       0
       1
       0
       1
       2
       2
       0
       0
       2
       3
       2
       2
       1
       1
       1
       2
       0
       0
       1
       2
       1
       2
       2
       0
       4
       1
       1
       1
       1
       0
       1
       1
       1
       2
       1
       0
       3
       0
       1
       1
       2
       1
       1
       0
       2
       1
       0
       1
       0
       0
       1
       0
       2
       1
       1
       1
       1
       1
       0
       2
       1
       0
       1
       3
       0
       0
       1
       0
       0
       0
       0
       0
       2
       0
       2
       3
       0
       0
       1
       0
       1
       3
       1
       0
       1
       1
       0
       0
       1
       1
       0
       1
       1
       1
       1
       0
       2
       1
       1
       1
       1
       0
       0
       1
       0
       3
       0
       0
       0
       1
       1
       0
       4
       2
       1
       3
       1
       1
       2
       0
       3
       1
       0
       0
       0
       0
       2
       0
       2
       1
       0
       2
       0
       0
       0
       1
       2
       0
       0
       2
       0
       1
       2
       2
       3
       0
       4
       0
       1
       1
       3
       0
       0
       4
       0
       1
       1
       1
       1
       0
       1
       0
       0
       2
       0
       1
       0
       1
       1
       0
       0
       0
       0
       1
       2
       0
       0
       0
       1
       1
       2
       0
       0
       1
       1
       2
       0
       0
       4
       2
       0
       1
       2
       1
       1
       3
       1
       0
       1
       1
       4
       1
       1
       0
       0
       2
       2
       1
       3
       0
       1
       0
       0
       0
       0
       1
       0
       3
       2
       3
       1
       2
       0
       0
       2
       0
       0
       1
       1
       1
       2
       1
       1
       1
       1
       0
       1
       1
       2
       2
       2
       0
       0
       0
       0
       0
       1
       1
       1
       1
       1
       0
       2
       0
       0
       1
       3
       3
       1
       3
       2
       0
       0
       1
       1
       0
       0
       2
       0
       3
       0
       0
       0
       1
       3
       0
       2
       2
       0
       0
       0
       0
       2
       1
       1
       1
       0
       1
       0
       0
       0
       2
       3
       0
       1
       1
       1
       0
       0
       0
       1
       0
       1
       0
       1
       0
       2
       0
       1
       0
       3
       2
       5
       2
       0
       0
       2
       0
       0
       3
       1
       1
       0
       1
       2
       1
       0
       1
       2
       2
       3
       1
       0
       0
       2
       2
       0
       0
       0
       1
       0
       1
       0
       0
       0
       0
       2
       0
       0
       1
       2
       0
       0
       2
       0
       2
       0
       0
       2
       1
       2
       1
       1
       0
       0
       0
       2
       0
       1
       1
       0
       2
       4
       0
       0
       0
       1
       0
       1
       1
       0
       1
       0
       1
       1
       1
       2
       0
       2
       0
       1
       0
       3
       0
       2
       0
       0
       1
       0
       0
       1
       1
       1
       1
       1
       0
       0
       1
       1
       0
       1
       0
       1
       2
       0
       1
       1
       2
       0
       0
       1
       2
       0
       1
       0
       0
       3
       1
       0
       1
       2
       0
       2
       2
       0
       1
       1
       1
       1
       0
       0
       2
       1
       1
       2
       0
       1
       0
       0
       1
       0
       1
       1
       1
       0
       2
       2
       0
       3
       0
       0
       0
       1
       0
       1
       1
       0
       0
       0
       2
       1
       0
       2
       0
       1
       2
       0
       2
       0
       0
       0
       1
       1
       0
       1
       1
       1
       0
       0
       0
       0
       0
       2
       1
       0
       0
       0
       0
       2
       0
       0
       0
       2
       0
       4
       1
       0
       0
       1
       1
       0
       1
       1
       1
       0
       1
       0
       1
       0
       0
       1
       0
       1
       0
       1
       1
       0
       0
       1
       0
       0
       1
       2
       0
       1
       0
       0
       1
       1
       1
       0
       1
       1
       0
       2
       1
       0
       1
       2
       0
       1
       2
       1
       1
       1
       0
       1
       0
       0
       0
       0
       1
       1
       2
       3
       3
       1
       1
       0
       1
       2
       0
       2
       1
       0
       5
       0
       1
       1
       0
       0
       0
       2
       1
       2
       1
       0
       0
       0
       0
       0
       0
       0
       1
       1
       0
       0
       0
       0
       0
       0
       1
       1
       1
       2
       1
       1
       0
       1
       0
       1
       0
       2
       0
       1
       1
       0
       0
       0
       2
       0
       4
       0
       1
       0
       1
       1
       1
       0
       0
       2
       0
       0
       0
       0
       1
       1
       0
       3
       3
       0
       0
       0
       0
       1
       2
       0
       2
       1
       0
       2
       0
       1
       1
       0
       0
       0
       0
       1
       2
       2
       0
       1
       1
       1
       0
       0
       2
       0
       2
       2
       2
       0
       0
       1
       1
       2
       1
       0
       0
       0
       0
       0
       1
       0
       2
       1
       1
       1
       3
       0
       0
       0
       0
       1
       2
       0
       1
       1
       1
       0
       1
       0
       1
       0
       0
       2
       0
       2
       1
       0
       0
       1
       0
       2
       0
       0
       1
       0
       1
       0
       1
       1
       0
       0
       0
       0
       0
       0
       0
       0
       0
       2
       2
       0
       1
       0
       0
       1
       0
       1
       0
       1
       0
       0
       3
       1
       0
       1
       0
       0
       0
       0
       0
       1
       0
       1
       0
       0
       0
       2
       1
       0
       0
       2
       1
       0
       0
       1
       1
       1
       0
       0
       2
       1
       0
       2
       0
       1
       0
       0
       2
       0
       0
       2
       1
       0
       1
       0
       0
       1
       1
       0
       0
       1
       1
       0
       2
       1
       0
       0
       1
       2
       0
       0
       1
       0
       1
       1
       1
       2
       0
       0
       0
       1
       0
       0
       1
       0
       1
       2
       0
       1
       2
       1
       2
       0
       1
       0
       2
       1
       0
       0
       0
       2
       0
       0
       0
       0
       0
       0
       2
       0
       0
       0
       2
       1
       2
       0
       0
       1
       1
       0
       1
       2
       0
       2
       2
       0
       0
       0
       0
       1
       0
       0
       1
       2
       2
       3
       4
       0
       1
       2
       1
       3
       4
       1
       1
       1
       1
       2
       0
       1
       4
       0
       0
       1
       3
       0
       1
       1
       0
       1
       0
       1
       0
       0
       1
       0
       1
       0
       2
       1
       0
       0
       0
       1
       0
       0
       0
       0
       0
       1
       2
       0
       1
       0
       1
       1
       0
       0
       0
       0
       1
       0
       1
       0
       2
       0
       1
       0
       0
       0
       2
       1
       1
       1
       0
       0
       2
       0
       1
       1
       1
       0
       0
       0
       0
       0
       0
       0
       0
       0
       2
       2
       0
       1
       1
       1
       1
       0
       0
       0
       1
       0
       0
       1
       2
       1
       0
       1
       0
       0
       1
       1
       1
       0
       0
       1
       0
       1
       0
       1
       0
       0
       1
       0
       0
       0
       2
       0
       0
       0
       1
       2
       0
       2
       2
       0
       0
       0
       1
       0
       0
       1
       2
       1
       0
       0
       1
       3
       0
       0
       1
       1
       1
       2
       2
       2
       0
       1
       0
       0
       3
       0
       1
       1
       1
       2
       4
       0
       1
       0
       0
       0
       0
       1
       0
       0
       0
       0
       0
       0
       1
       0
       1
       0
       3
       1
       0
       0
       1
       0
       0
       0
       0
       1
       0
       0
       1
       1
       1
       1
       0
       0
       0
       0
       0
       0
       0
       1
       0
       1
       3
       1
       1
       0
       0
       0
       1
       3
       0
       0
       1
       1
       0
       0
       0
       1
       1
       3
       2
       2
       0
       4
       2
       2
       2
       0
       0
       0
       3
       1
       1
       0
       2
       0
       1
       0
       4
       1
       2
       0
       1
       1
       0
       0
       0
       0
       0
       0
       0
       1
       1
       0
       0
       0
       0
       1
       0
       1
       1
       0
       0
       2
       0
       2
       0
       0
       0
       1
       0
       1
       0
       0
       1
       1
       3
       0
       0
       1
       1
       1
       2
       0
       0
       0
       1
       1
       2
       0
       0
       0
       0
       2
       1
       2
       1
       0
       0
       1
       0
       0
       0
       2
       1
       1
       0
       0
       1
       1
       1
       1
       0
       0
       3
       0
       0
       0
       1
       3
       1
       1
       1
       1
       0
       2
       0
       0
       2
       1
       0
       1
       0
       1
       0
       0
       1
       0
       0
       2
       0
       1
       1
       1
       0
       1
       1
       0
       0
       2
       1
       0
       1
       2
       0
       1
       0
       1
       1
       1
       0
       2
       2
       1
       1
       0
       1
       0
       0
       1
       0
       3
       1
       1
       1
       0
       2
       0
       1
       1
       0
       3
       0
       1
       0
       0
       1
       0
       1
       0
       0
       0
       1
       0
       1
       1
       0
       1
       0
       1
       1
       0
       1
       0
       0
       0
       0
       0
       3
       0
       1
       0
       2
       0
       0
       0
       0
       0
       1
       0
       1
       0
       0
       0
       1
       0
       0
       0
       0
       0
       2
       2
       0
       1
       0
       1
       0
       1
       0
       1
       0
       1
       0
       3
       0
       1
       2
       0
       2
       1
       0
       2
       2
       1
       0
       3
       1
       1
       0
       1
       0
       1
       1
       0
       1
       0
       0
       1
       0
       1
       0
       2
       0
       0
       1
       2
       0
       0
       1
       0
       1
       0
       1
       2
       1
       0
       1
       2
       1
       1
       0
       1
       0
       0
       0
       0
       0
       1
       0
       2
       1
       0
       2
       0
       0
       0
       0
       1
       1
       0
       0
       0
       1
       1
       0
       0
       0
       2
       2
       1
       0
       0
       2
       0
       0
       1
       0
       0
       1
       0
       1
       0
       0
       0
       1
       2
       0
       1
       0
       0
       0
       0
       2
       1
       0
       2
       0
       1
       1
       0
       0
       1
       0
       0
       0
       1
       0
       2
       0
       0
       0
       2
       0
       2
       0
       1
       1
       0
       1
       0
       1
       0
       0
       0
       0
       0
       0
       2
       0
       0
       1
       1
       0
       0
       0
       1
       1
       0
       1
       0
       0
       0
       0
       1
       0
       0
       0
       0
       1
       1
       0
       0
       0
       0
       0
       0
       0
       0
       0
       0
       2
       0
       1
       1
       0
       0
       0
       1
       0
       0
       0
       2
       0
       0
       1
       1
       1
       1
       2
       1
       0
       0
       1
       1
       1
       1
       0
       0
       1
       3
       1
       1
       0
       1
       0
       0
       0
       2
       0
       1
       0
       3
       1
       1
       0
       0
       0
       0
       0
       1
       0
       0
       1
       1
       1
       0
       0
       0
       0
       0
       0
       0
       0
       1
       0
       0
       0
       1
       0
       0
       0
       1
       1
       1
       1
       0
       0
       0
       1
       0
       1
       0
       0
       0
       0
       1
       1
       1
       0
       2
       1
       0
       0
       1
       1
       1
       2
       0
       1
       0
       1
       1
       0
       1
       0
       1
       0
       1
       0
       1
       1
       0
       0
       2
       0
       0
       0
       0
       0
       1
       1
       1
       0
       0
       0
       0
       1
       0
       0
       0
       0
       0
       0
       0
       0
       0
       2
       1
       1
       0
       0
       0
       0
       0
       1
       0
       0
       1
       0
       2
       2
       2
       1
       1
       1
       0
       1
       1
       0
       0
       0
       0
       0
       0
       2
       0
       0
       1
       0
       1
       0
       1
       1
       1
       0
       0
       0
       2
       1
       0
       0
       1
       0
       0
       1
       0
       1
       0
       1
       0
       2
       0
       0
       1
       0
       0
       1
       1
       1
       0
       0
       0
       0
       4
       6
       1
       5
       1
       2
       2
       0
       2
       0
       0
       0
       2
       0
       4
       0
       2
       0
       0
       0
       2
       0
       0
       1
       1
       1
       1
       0
       0
       0
       0
       0
       1
       0
       0
       1
       0
       0
       1
       0
       0
       1
       0
       0
       0
       2
       0
       0
       0
       1
       1
       0
       1
       1
       1
       0
       2
       0
       0
       1
       0
       1
       0
       1
       0
       1
       0
       0
       1
       0
       1
       0
       0
       3
       0
       1
       1
       0
       1
       0
       1
       0
       0
       2
       0
       1
       0
       0
       2
       1
       0
       2
       0
       0
       1
       2
       0
       0
       0
       0
       1
       0
       0
       2
       1
       0
       0
       0
       1
       0
       2
       0
       0
       0
       1
       0
       0
       2
       0
       1
       0
       1
       0
       0
       0
       0
       1
       0
       1
       1
       0
       2
       2
       0
       0
       1
       0
       0
       1
       2
       1
       0
       1
       3
       0
       0
       0
       1
       1
       2
       1
       0
       0
       0
       1
       0
       0
       0
       0
       2
       0
       1
       2
       1
       1
       0
       0
       1
       2
       1
       0
       0
       0
       0
       0
       1
       0
       0
       2
       1
       1
       1
       0
       1
       0
       1
       1
       0
       1
       1
       0
       0
       0
       2
       1
       1
       1
       0
       1
       1
       0
       0
       0
       0
       0
       0
       2
       1
       0
       0
       0
       2
       0
       2
       1
       0
       0
       0
       0
       2
       1
       0
       0
       1
       4
       0
       2
       1
       1
       1
       0
       1
       1
       1
       0
       2
       2
       0
       1
       2
       0
       1
       0
       1
       0
       1
       1
       1
       1
       0
       1
       0
       0
       1
       0
       0
       3
       1
       1
       0
       1
       1
       0
       0
       1
       0
       1
       1
       1
       1
       0
       1
       0
       1
       0
       1
       0
       0
       0
       1
       1
       1
       2
       1
       1
       1
       0
       0
       1
       1
       0
       0
       1
       2
       0
       1
       2
       1
       0
       3
       1
       0
       1
       0
       2
       1
       0
       1
       1
       0
       0
       1
       0
       0
       1
       0
       0
       2
       1
       1
       0
       1
       0
       1
       0
       1
       0
       0
       1
       2
       0
       0
       1
       1
       1
       0
       0
       3
       0
       1
       4
       0
       1
       1
       1
       0
       3
       2
       1
       0
       2
       0
       1
       0
       0
       1
       0
       0
       0
       2
       1
       0
       0
       2
       1
       0
       1
       0
       0
       0
       0
       1
       0
       0
       0
       0
       1
       0
       0
       0
       2
       2
       2
       0
       2
       1
       0
       0
       0
       1
       1
       0
       1
       2
       0
       1
       1
       0
       1
       0
       0
       0
       0
       1
       0
       0
       0
       0
       0
       1
       0
       2
       0
       0
       1
       2
       0
       1
       0
       1
       0
       1
       0
       1
       1
       0
       0
       0
       0
       0
       1
       0
       0
       0
       0
       0
       0
       2
       2
       0
       4
       1
       2
       1
       1
       1
       0
       0
       1
       0
       1
       1
       1
       2
       2
       1
       0
       0
       2
       0
       1
       0
       0
       1
       3
       0
       1
       0
       1
       1
       2
       2
       1
       0
       1
       2
       1
       0
       1
       0
       0
       0
       1
       2
       1
       0
       2
       0
       3
       0
       2
       2
       0
       0
       0
       1
       0
       0
       1
       0
       0
       1
       1
       2
       3
       0
       0
       0
       1
       0
       0
       1
       0
       0
       1
       1
       0
       0
       1
       0
       2
       0
       1
       2
       0
       0
       1
       2
       1
       1
       1
       2
       0
       0
       1
       1
       0
       0
       0
       0
       1
       0
       1
       0
       0
       0
       0
       1
       2
       0
       1
       1
       1
       2
       0
       1
       1
       0
       0
       0
       0
       1
       0
       0
       0
       0
       1
       0
       2
       1
       0
       0
       0
       0
       0
       0
       1
       1
       1
       0
       0
       0
       0
       1
       0
       1
       1
       0
       2
       0
       0
       0
       1
       0
       0
       2
       1
       0
       0
       0
       0
       1
       0
       1
       0
       0
       1
       1
       1
       0
       0
       1
       1
       0
       0
       1
       0
       0
       0
       1
       0
       0
       0
       2
       0
       0
       0
       0
       0
       0
       1
       0
       0
       0
       0
       1
       1
       0
       0
       1
       1
       0
       0
       0
       0
       1
       0
       0
       0
       0
       0
       1
       1
       0
       0
       1
       1
       0
       1
       0
       0
       1
       0
       2
       1
       1
       0
       0
       0
       0
       0
       1
       1
       2
       1
       0
       1
       0
       0
       0
       0
       0
       0
       0
       0
       0
       1
       1
       0
       1
       0
       0
       0
       0
       1
       0
       0
       0
       0
       0
       0
       0
       1
       0
       0
       0
       0
       1
       1
       0
       1
       0
       0
       0
       0
       1
       0
       0
       1
       0
       1
       0
       0
       0
       1
       0
       0
       1
       0
       0
       0
       0
       1
       1
       0
       2
       0
       0
       0
       0
       2
       0
       1
       0
       0
       0
       0
       0
       0
       1
       0
       1
       0
       0
       0
       0
       0
       1
       0
       0
       1
       0
       0
       0
       0
       0
       0
       0
       0
       1
       0
       0
       0
       0
       0
       1
       0
       0
       0
       1
       0
       0
       0
       0
       0
       1
       2
       0
       1
       0
       1
       0
       0
       1
       0
       0
       1
       1
       1
       2
       2
       0
       1
       0
       1
       1
       0
       1
       0
       0
       0
       0
       0
       1
       0
       0
       0
       0
       0
       0
       1
       0
       0
       0
       0
       0
       1
       0
       0
       0
       0
       0
       0
       0
       0
       0
       0
       0
       0
       0
       0
       1
       0
       0
       0
       0
       1
       1
       1
       0
       0
       1
       0
       2
       0
       0
       0
       0
       0
       0
       0
       2
       0
       0
       0
       0
       0
       0
       1
       2
       0
       1
       1
       0
       0
       0
       0
       1
       0
       0
       0
       0
       0
       0
       0
       0
       0
       0
       0
       0
       0
       1
       0
       0
       1
       0
       1
       0
       0
       0
       1
       0
       0
       0
       0
       1
       1
       0
       0
       0
       0
       1
       1
       1
       0
       0
       0
       0
       0
       0
       1
       0
       0
       0
       0
       1
       0
       0
       0
       0
       0
       1
       0
       0
       0
       0
       0
       1
       0
       0
       1
       0
       0
       0
       1
       0
       0
       1
       0
       0
       0
       0
       0
       1
       0
       0
       0
       1
       0
       0
       0
       0
       0
       0
       0
       0
       1
       0
       0
       0
       0
       0
       0
       0
       1
       0
       0
       1
       0
       0
       0
       0
       0
       1
       0
       0
       0
       2
       1
       0
       0
       0
       0
       0
       2
       0
       0
       0
       0
       1
       0
       0
       0
       0
       0
       0
       0
       0
       0
       0
       0
       1
       3
       2
       1
       1
       0
       1
       1
       0
       0
       2
       1
       0
       0
       0
       1
       0
       0
       0
       0
       0
       1
       1
       0
       0
       0
       0
       0
       0
       0
       1
       0
       0
       0
       0
       0
       0
       0
       0
       0
       0
       0
       0
       0
       0
       0
       0
       0
       0
       0
       0
       0
       0
       0
       1
       1
       0
       0
       0
       0
       0
       0
       1
       0
       0
       0
       0
       0
       0
       0
       0
       0
       0
       1
       0
       2
       0
       0
       0
       0
       0
       0
       0
       0
       0
       0
       0
       0
       0
       2
       0
       0
       0
       0
       0
       0
       0
       0
       0
       0
       0
       0
       0
       0
       0
       0
       0
       0
       0
       0
       0
       0
       0
       0
       1
       0
       0
       0
       0
       0
       1
       0
       1
       1
       1
       1
       0
       1
       0
       0
       1
       0
       2
       0
       1
       0
       0
       0
       1
       0
       1
       0
       0
       0
       0
       0
       0
       0
       0
       0
       0
       0
       0
       1
       0
       0
       0
       0
       0
       1
       0
       0
       0
       0
       0
       0
       0
       0
       0
       0
       0
       0
       1
       0
       0
       0
       0
       1
       0
       0
       0
       0
       0
       0
       0
       0
       0
       0
       0
       0
       0
       1
       0
       0
       0
       0
       0
       0
       0
       0
       0
       0
       2
       0
       0
       0
       0
       0
       0
       1
       0
       0
       0
       0
       0
       0
       0
       0
       0
       0
       0
       0
       1
       0
       0
       0
       0
       0
       0
       0
       1
       0
       0
       0
       0
       0
       0
       0
       1
       0
       0
       0
       0
       1
       0
       0
       0
       0
       0
       0
       0
       0
       0
       0
       0
       0
       0
       0
       0
       0
       0
       0
       0
       0
       0
       0
       0
       0
       0
       0
       1
       0
       0
       1
       1
       0
       0
       0
       0
       0
       0
       0
       0
       0
       0
       0
       0
       0
       1
       0
       0
       0
       0
       0
       0
       0
       0
       1
       0
       0
       0
       0
       0
       0
       0
       1
       1
       1
       0
       1
       0
       0
       1
       1
       0
       0
       2
       0
       3
       3
       3
       2
       2
       4
      11
      11
       8
      17
      13
      21
      17
      18
      10
       9
      11
       8
       3
       3
       6
       2
       0
       0
       0
       0
       0
       0
       1
       0
       0
       0
       0
       1
       0
       1
       0
       0
       0
       0
       0
       0
       1
       0
       0
       0
       1
       0
       0
       0
       0
       0
       0
       1
       0
       0
       0
       0
       0
       1
       0
       0
       1
       0
       1
       0
       0
       0
       0
       0
       0
       0
       0
       0
       0
       0
       0
       0
       0
       0
       1
       0
       0
       0
       0
       0
       1
       0
       0
       0
       0
       0
       0
       0
       0
       0
       0
       0
       0
       0
       0
       0
       1
       0
       0
       0
       1
       0
       0
       0
       0
       0
       0
       1
       0
       0
       0
       0
       0
       0
       0
       0
       0
       0
       0
       0
       0
       0
       1
       0
       0
       0
       0
       0
       0
       0
       0
       1
       0
       0
       0
       0
       0
       0
       0
       0
       0
       1
       1
       0
       1
       0
       0
       1
       0
       0
       0
       0
       0
       0
       0
       0
       1
       0
       0
       0
       1
       0
       0
       1
       0
       0
       0
       0
       0
       0
       0
       0
       0
       0
       0
       0
       0
       0
       0
       0
       0
       0
       0
       0
       0
       1
       0
       0
       0
       0
       0
       0
       0
       1
       1
       1
       0
       0
       0
       1
       1
       0
       1
       0
       0
       0
       0
       0
       0
       1
       0
       0
       2
       0
       0
       0
       0
       0
       0
       0
       0
       0
       0
       0
       0
       0
       0
       0
       0
       0
       0
       0
       0
       0
       0
       0
       0
       0
       0
       0
       1
       0
       1
       0
       0
       0
       1
       0
       0
       0
       0
       0
       0
       0
       0
       0
       1
       0
       0
       0
       0
       0
       0
       0
       0
       0
       0
       0
       0
       0
       0
       0
       0
       0
       0
       0
       0
       0
       0
       0
       0
       0
       0
       0
       0
       0
       0
       0
       0
       0
       1
       0
       0
       0
       0
       1
       0
       0
       1
       0
       0
       0
       0
       0
       0
       0
       0
       0
       0
       0
       0
       0
       0
       0
       0
       0
       0
       0
       0
       0
       0
       0
       0
       0
       0
       0
       1
       1
       0
       0
       0
       0
       0
       1
       0
       0
       0
       0
       2
       0
       0
       0
       0
       0
       0
       0
       0
       0
       0
       0
       0
       0
       1
       2
       0
       0
       0
       0
       0
       0
       0
       0
       0
       0
       0
       0
       0
       0
       0
       0
       0
       0
       0
       0
       0
       0
       0
       0
       0
       0
       1
       0
       1
       0
       0
       0
       0
       0
       0
       0
       0
       0
       0
       0
       0
       0
       0
       0
       0
       0
       1
       0
       0
       0
       0
       0
       0
       0
       0
       1
       0
       0
       0
       0
       0
       0
       1
       0
       0
       0
       0
       0
       1
       0
       0
       0
       0
       0
       0
       0
       0
       0
       1
       0
       0
       0
       0
       0
       0
       0
       0
       0
       0
       0
       0
       0
       0
       0
       0
       0
       1
       0
       0
       0
       0
       0
       0
       0
       0
       1
       0
       0
       0
       0
       0
       0
       0
       0
       0
       0
       0
       0
       0
       0
       0
       0
       0
       0
       0
       0
       0
       0
       0
       0
       0
       0
       0
       0
       0
       0
       1
       0
       0
       0
       0
       0
       1
       0
       1
       0
       0
       0
       0
       0
       0
       0
       1
       0
       0
       0
       1
       0
       0
       1
       0
       0
       1
       0
       0
       0
       0
       1
       1
       0
       1
       0
       0
       1
       0
       0
       0
       0
       0
       0
       0
       0
       0
       0
       0
       0
       0
       1
       0
       0
       0
       0
       0
       0
       1
       0
       0
       0
       0
       1
       0
       1
       0
       0
       0
       0
       0
       0
       0
       0
       0
       0
       0
       0
       0
       0
       0
       0
       0
       0
       0
       0
       0
       0
       0
       0
       0
       0
       0
       0
       1
       0
       0
       0
       0
       0
       0
       0
       0
       0
       0
       0
       0
       0
       1
       0
       0
       0
       0
       0
       0
       0
       0
       0
       0
       0
       0
       0
       0
       1
       1
       0
       0
       0
       0
       0
       0
       0
       0
       0
       0
       1
       0
       0
       0
       0
       2
       1
       0
       0
       0
       0
       0
       0
       0
       0
       0
       0
       0
       0
       0
       0
       0
       0
       0
       0
       0
       0
       0
       0
       0
       0
       0
       0
       0
       0
       0
       0
       0
       0
       0
       2
       0
       0
       0
       0
       0
       0
       0
       1
       0
       0
       0
       0
       0
       0
       0
       0
       1
       0
       0
       0
       0
       0
       0
       0
       1
       1
       0
       0
       0
       0
       0
       0
       0
       0
       0
       0
       0
       0
       0
       0
       0
       0
       0
       0
       0
       0
       0
       0
       0
       0
       0
       0
       0
       0
       0
       0
       0
       0
       0
       0
       0
       0
       0
       0
       0
       1
       0
       0
       0
       0
       0
       0
       0
       0
       0
       0
       0
       0
       0
       0
       0
       1
       0
       0
       1
       0
       0
       0
       0
       0
       0
       0
       0
       0
       0
       0
       0
       1
       0
       0
       0
       0
       0
       1
       0
       0
       0
       0
       0
       0
       0
       1
       0
       0
       0
       0
       0
       0
       0
       0
       0
       0
       1
       0
       0
       0
       0
       0
       0
       0
       0
       0
       0
       0
       0
       0
       0
       0
       0
       0
       0
       0
       0
       0
       1
       0
       0
       0
       0
       0
       0
       0
       0
       0
       1
       0
       0
       0
       0
       0
       0
       0
       0
       0
       0
       0
       0
       0
       0
       0
       0
       0
       0
       0
       0
       0
       0
       0
       0
       0
       0
       0
       0
       0
       1
       0
       0
       0
       0
       0
       0
       1
       0
       0
       0
       0
       0
       0
       0
       0
       0
       0
       0
       0
       0
       0
       0
       0
       0
       0
       0
       0
       0
       0
       0
       1
       0
       0
       1
       0
       0
       0
       0
       0
       0
       0
       0
       1
       0
       0
       0
       0
       0
       0
       0
       0
       0
       1
       0
       0
       0
       0
       0
       0
       0
       0
       0
       0
       0
       0
       0
       0
       0
       0
       0
       0
       1
       0
       0
       0
       0
       0
       0
       0
       0
       0
       0
       0
       0
       0
       0
       0
       0
       0
       0
       0
       0
       0
       0
       0
       0
       0
       0
       0
       0
       0
       0
       0
       0
       0
       0
       0
       0
       0
       0
       0
       0
       0
       0
       0
       0
       0
       0
       0
       0
       0
       0
       0
       0
       0
       0
       0
       0
       0
       0
       0
       1
       0
       0
       0
       0
       0
       0
       0
       0
       0
       0
       0
       0
       1
       0
       0
       0
       0
       0
       0
       0
       0
       0
       0
       0
       0
       0
       0
       0
       0
       0
       0
       0
       0
       0
       0
       0
       0
       0
       0
       0
       0
       2
       0
       0
       0
       0
       0
       0
       0
       0
       0
       0
       0
       0
       0
       0
       1
       0
       0
       0
       0
       0
       0
       0
       0
       1
       0
       0
       1
       1
       0
       0
       0
       0
       0
       0
       0
       0
       0
       0
       1
       0
       0
       1
       0
       0
       0
       0
       0
       0
       0
       0
       0
       0
       0
       0
       0
       0
       1
       0
       0
       0
       0
       0
       0
       0
       0
       0
       0
       0
       1
       0
       0
       0
       0
       0
       0
       0
       0
       0
       0
       0
       0
       0
       0
       0
       0
       0
       0
       0
       0
       0
       0
       0
       0
       0
       0
       0
       0
       0
       0
       0
       0
       0
       0
       0
       0
       0
       0
       0
       0
       0
       0
       0
       0
       0
       0
       0
       0
       0
       0
       0
       0
       0
       0
       1
       0
       0
       0
       0
       0
       0
       0
       0
       0
       0
       1
       0
       0
       0
       0
       0
       0
       0
       1
       0
       0
       0
       0
       0
       0
       0
       0
       1
       0
       0
       0
       0
       1
       0
       1
       0
       0
       0
       0
       0
       0
       0
       1
       1
       2
       0
       1
       1
       1
       3
       0
       0
       2
       0
       0
       0
       1
       0
       0
       0
       0
       0
       0
       0
       0
       0
       0
       0
       0
       0
       0
       0
       0
       0
       0
       0
       0
       0
       0
       0
       0
       0
       0
       0
       0
       0
       0
       0
       0
       0
       0
       0
       0
       0
       0
       0
       0
       0
       0
       0
       0
       0
       0
       0
       0
       0
       0
       0
       0
       0
       0
       0
       1
       0
       0
       0
       1
       0
       0
       0
       0
       0
       0
       0
       0
       0
       0
       0
       0
       0
       0
       0
       0
       0
       0
       0
       0
       0
       0
       0
       0
       0
       0
       0
       0
       0
       0
       0
       0
       1
       0
       0
       0
       0
       0
       0
       0
       0
       0
       0
       0
       0
       0
       0
       0
       1
       0
       0
       0
       0
       0
       1
       0
       0
       0
       0
       0
       0
       0
       0
       0
       0
       0
       0
       0
       0
       0
       0
       0
       0
       0
       0
       0
       0
       0
       0
       0
       0
       0
       0
       0
       0
       0
       0
       0
       0
       0
       0
       0
       0
       0
       0
       0
       0
       0
       0
       0
       0
       0
       0
       0
       0
       1
       0
       0
       0
       0
       0
       0
       0
       0
       0
       0
       0
       0
       0
       0
       0
       0
       0
       0
       0
       0
       0
       0
       0
       0
       0
       0
       0
       0
       0
       1
       0
       1
       0
       0
       0
       0
       0
       0
       0
       0
       0
       0
       0
       0
       0
       1
       0
       0
       0
       1
       0
       0
       0
       0
       0
       0
       0
       0
       0
       0
       0
       0
       0
       0
       0
       0
       0
       0
       0
       0
       0
       0
       0
       0
       0
       0
       0
       1
       0
       0
       0
       0
       0
       1
       0
       0
       0
       0
       0
       0
       0
       0
       0
       0
       0
       0
       0
       0
       0
       0
       0
       0
       0
       0
       0
       0
       0
       0
       0
       0
       0
       0
       0
       0
       0
       0
       1
       0
       0
       0
       0
       0
       0
       0
       0
       0
       1
       0
       0
       0
       0
       0
       0
       0
       0
       0
       0
       0
       0
       0
       0
       0
       0
       0
       0
       0
       0
       0
       0
       1
       1
       0
       2
       0
       0
       0
       0
       0
       1
       0
       0
       0
       0
       0
       0
       0
       0
       0
       0
       0
       1
       0
       0
       0
       0
       0
       0
       0
       0
       0
       1
       0
       0
       0
       0
       0
       1
       0
       0
       0
       0
       0
       0
       0
       0
       0
       0
       1
       0
       0
       0
       0
       0
       0
       0
       0
       0
       0
       0
       0
       0
       0
       0
       0
       0
       0
       0
       0
       0
       0
       0
       0
       0
       0
       0
       1
       0
       0
       0
       0
       0
       0
       1
       0
       0
       0
       0
       0
       0
       0
       0
       0
       0
       0
       0
       0
       1
       0
       0
       0
       0
       0
       0
       0
       0
       0
       0
       0
       0
       0
       0
       0
       0
       0
       0
       0
       0
       0
       0
       0
       0
       0
       1
       0
       0
       0
       0
       0
       0
       0
       0
       0
       0
       0
       0
       0
       0
       0
       0
       0
       0
       0
       0
       0
       0
       0
       0
       0
       0
       0
       0
       0
       1
       0
       0
       0
       0
       0
       0
       1
       0
       0
       0
       0
       0
       0
       0
       0
       0
       0
       0
       0
       0
       0
       0
       0
       0
       0
       0
       0
       0
       0
       0
       0
       1
       0
       0
       0
       0
       0
       0
       0
       0
       0
       1
       0
       0
       0
       0
       0
       0
       0
       0
       0
       0
       0
       0
       0
       0
       0
       0
       0
       0
       0
       0
       0
       0
       0
       0
       0
       0
       0
       0
       0
       0
       0
       0
       0
       0
       0
       0
       0
       0
       0
       0
       0
       0
       1
       0
       0
       0
       0
       1
       0
       0
       0
       0
       0
       0
       0
       0
       0
       1
       0
       0
       0
       0
       0
       0
       0
       0
       0
       1
       0
       0
       0
       0
       0
       0
       0
       0
       0
       0
       0
       0
       0
       0
       0
       0
       0
       0
       0
       0
       0
       0
       0
       0
       1
       0
       0
       0
       1
       0
       0
       1
       0
       0
       0
       0
       0
       0
       0
       0
       1
       0
       0
       0
       0
       0
       0
       0
       0
       0
       0
       0
       0
       0
       0
       0
       0
       0
       0
       0
       0
       0
       0
       0
       0
       0
       0
       0
       0
       1
       0
       0
       0
       0
       0
       0
       0
       0
       0
       0
       0
       0
       0
       0
       0
       0
       1
       0
       0
       0
       0
       0
       0
       0
       0
       0
       0
       0
       0
       0
       0
       0
       0
       0
       0
       0
       0
       0
       0
       0
       0
       0
       0
       0
       0
       0
       0
       0
       0
       0
       0
       0
       0
       0
       0
       0
       0
       0
       0
       0
       0
       0
       0
       0
       0
       0
       0
       0
       0
       0
       1
       1
       0
       0
       1
       0
       0
       0
       0
       0
       0
       0
       0
       1
       0
       0
       0
       0
       0
       0
       0
       0
       0
       0
       0
       0
       0
       0
       0
       0
       0
       0
       0
       0
       0
       0
       0
       0
       0
       0
       0
       0
       0
       0
       0
       0
       0
       0
       0
       0
       0
       0
       0
       0
       0
       0
       0
       0
       0
       0
       0
       0
       0
       0
       1
       0
       0
       0
       0
       0
       0
       0
       0
       0
       0
       0
       0
       0
       0
       0
       0
       0
       0
       0
       0
       0
       0
       0
       0
       0
       0
       0
       0
       0
       0
       0
       0
       0
       0
       0
       0
       0
       0
       0
       0
       0
       0
       0
       0
       0
       0
       0
       1
       0
       0
       0
       0
       0
       1
       0
       0
       0
       0
       0
       0
       0
       0
       0
       0
       0
       0
       0
       0
       0
       0
       0
       0
       1
       0
       0
       1
       0
       0
       0
       0
       0
       0
       0
       0
       0
       0
       0
       0
       1
       0
       0
       0
       0
       0
       0
       0
       0
       0
       0
       1
       0
       0
       0
       0
       0
       0
       0
       0
       0
       0
       1
       0
       0
       0
       0
       0
       0
       0
       0
       0
       0
       0
       0
       0
       0
       0
       0
       0
       0
       0
       0
       0
       0
       0
       0
       1
       0
       0
       0
       0
       1
       0
       0
       0
       0
       0
       0
       0
       0
       0
       0
       0
       0
       0
       0
       0
       1
       0
       0
       0
       0
       0
       0
       0
       0
       0
       0
       0
       0
       0
       0
       0
       0
       0
       0
       1
       0
       0
       0
       0
       0
       0
       0
       0
       0
       0
       0
       0
       0
       1
       0
       0
       0
       0
       0
       0
       0
       0
       0
       0
       0
       0
       0
       0
       0
       0
       0
       0
       0
       0
       0
       0
       0
       0
       0
       0
       0
       0
       0
       0
       0
       0
       0
       0
       0
       0
       0
       0
       0
       0
       0
       0
       0
       0
       0
       0
       0
       0
       0
       0
       0
       0
       0
       0
       0
       0
       0
       0
       0
       0
       0
       0
       0
       0
       0
       1
       0
       0
       0
       0
       0
       0
       1
       0
       0
       0
       0
       0
       0
       0
       0
       0
       0
       0
       0
       0
       0
       0
       0
       0
       0
       0
       0
       0
       0
       0
       0
       0
       0
       0
       0
       0
       0
       0
       0
       0
       0
       0
       0
       0
       1
       0
       0
       0
       0
       0
       0
       0
       0
       0
       0
       0
       0
       0
       0
       0
       0
       0
       0
       0
       0
       0
       0
       0
       0
       0
       0
       0
       0
       0
       0
       0
       0
       0
       0
       0
       2
       1
       0
       0
       0
       0
       0
       0
       0
       0
       0
       0
       0
       0
       0
       0
       0
       0
       1
       0
       0
       0
       0
       0
       0
       0
       0
       0
       0
       0
       0
       0
       0
       1
       0
       0
       0
       0
       0
       0
       0
       0
       0
       0
       0
       0
       0
       1
       0
       0
       0
       0
       0
       0
       0
       0
       0
       0
       0
       0
       0
       0
       1
       0
       0
       0
       0
       0
       0
       0
       0
       0
       0
       0
       0
       0
       0
       0
       0
       0
       0
       0
       0
       0
       0
       0
       0
       0
       0
       0
       1
       0
       0
       0
       0
       0
       0
       0
       0
       0
       0
       0
       0
       0
       0
       0
       0
       0
       0
       0
       0
       0
       0
       0
       0
       0
       0
       0
       0
       0
       0
       0
       0
       0
       0
       0
       0
       0
       1
       0
       0
       1
       0
       0
       0
       0
       0
       0
       0
       0
       0
       0
       0
       1
       0
       0
$ROI:
11
224 244
765 907
1350 1411
1828 1908
2525 2667
2716 2799
3716 3817
4331 4427
4564 4622
5085 5259
5690 5768
$PRESETS:
Live Time
200
0
$ENER_FIT:
0.053689 0.255148
$MCA_CAL:
3
5.368913E-002 2.551478E-001 -1.853380E-009 keV
$SHAPE_CAL:
3
6.992400E+000 7.812671E-004 -3.508660E-008
