$SPEC_ID:
No sample description was entered.
$SPEC_REM:
DET# 1
DETDESC# GMX20P4 HPGe
AP# Maestro Version 7.01
$DATE_MEA:
11/23/2018 15:20:33
$MEAS_TIM:
200 201
$DATA:
0 8191
       0
       0
       0
       0
       0
       0
       0
       0
       0
       0
       0
       0
       0
       0
       0
       0
       0
       0
       0
       0
       0
       0
       0
       0
       0
       0
       0
       0
       0
       0
       0
       0
       0
       0
       0
       0
       0
       0
       0
       0
       0
       0
       0
       0
       0
       0
       0
       0
       1
      23
      43
      52
      69
      63
      56
      72
      58
      47
      51
      50
      49
      66
      77
      52
      50
      56
      64
      65
      60
      54
      71
      58
      53
      57
      54
      55
      70
      77
      63
      59
      66
      64
      75
      78
      71
      76
      88
      81
      85
      69
      80
      61
      80
      67
      73
      65
      70
      76
      64
      65
      69
      85
      73
      84
      59
      68
      72
     103
      94
      92
     114
     113
     116
     136
     147
     126
     164
     160
     199
     196
     302
     349
     441
     531
     584
     610
     590
     572
     402
     301
     229
     171
     119
     109
      91
      80
      92
     123
     111
     142
     171
     172
     183
     175
     171
     127
     117
     129
      90
      83
      59
      58
      59
      60
      51
      55
      61
      51
      53
      52
      54
      60
      55
      50
      70
      58
      59
      41
      60
      52
      45
      51
      56
      56
      50
      53
      49
      71
      51
      70
      64
      58
      59
      79
      46
      69
      55
      62
      55
      54
      62
      51
      74
      58
      63
      64
      67
      64
      46
      54
      50
      62
      56
      52
      61
      61
      61
      72
      56
      58
      65
      70
      58
      62
      66
      58
      70
      63
      58
      72
      60
      62
      58
      76
      59
      80
      72
      60
      63
      56
      77
      64
      67
      63
      72
      57
      69
      72
      71
      82
      61
      69
      73
      72
      68
      57
      65
      48
      58
      55
      73
      76
      67
      72
      69
      83
      71
      80
      63
      63
      68
      86
      68
      72
      79
      85
      68
      75
      82
      81
      80
      64
      85
      78
      74
      61
      59
      75
      60
      75
      73
      87
      83
      73
      77
      71
      75
      81
      76
      75
      77
      78
      73
      89
      76
      66
      81
      63
      70
      78
      89
      73
      86
      70
      74
     100
      77
      69
      72
      70
      66
      83
      68
      72
      83
      80
      82
      82
      67
      72
      68
      79
      90
      78
      73
      71
      73
      73
      83
      61
      95
      82
      59
      92
      79
      70
      83
      66
      73
      65
      67
      70
      94
      72
      74
      68
      82
      62
      91
      64
      81
      70
      71
      74
      94
      76
      85
      86
      73
      79
      78
      82
      67
      83
      85
      69
      73
      85
      64
      88
      62
      79
      64
      59
      80
      66
      78
      79
      61
      89
      73
      85
      64
      66
      68
      62
      56
      76
      88
      71
      70
      78
      70
      74
      71
      63
      77
      72
      72
      80
      71
      69
      60
      74
      85
      67
      65
      65
      79
      62
      93
      67
      68
      65
      77
      76
      65
      80
      71
      68
      78
      73
      82
      75
      66
      64
      69
      74
      78
      61
      65
      71
      67
      66
      58
      70
      70
      75
      75
      80
      76
      84
      72
      67
      78
      77
      88
      83
      57
      81
      72
      67
      72
      61
      60
      62
      78
      81
      76
      77
      73
      67
      65
      79
      62
      72
      64
      92
      69
      70
      75
      81
      77
      80
      70
      66
      69
      73
      78
      75
      88
      73
      71
      61
      91
      81
      77
      69
      66
      52
      48
      81
      82
      63
      73
      83
      59
      79
      69
      69
      65
      77
      48
      59
      73
      64
      61
      63
      71
      76
      72
      72
      61
      72
      71
      77
      69
      66
      67
      81
      71
      73
      75
      71
      76
      71
      73
      60
      59
      55
      75
      76
      55
      72
      43
      77
      67
      66
      75
      53
      66
      65
      74
      85
      55
      68
      66
      66
      65
      66
      75
      74
      80
      72
      71
      63
      60
      58
      59
      64
      73
      70
      72
      72
      63
      62
      63
      63
      62
      61
      61
      64
      55
      71
      65
      57
      60
      71
      71
      45
      62
      91
      58
      59
      75
      47
      58
      61
      57
      55
      70
      54
      66
      67
      56
      74
      63
      56
      59
      53
      70
      62
      54
      60
      58
      71
      64
      58
      67
      56
      72
      59
      59
      68
      63
      61
      55
      65
      60
      47
      51
      72
      61
      75
      47
      60
      64
      60
      66
      56
      59
      48
      71
      58
      64
      68
      72
      47
      63
      58
      70
      58
      54
      54
      54
      63
      66
      57
      73
      57
      53
      69
      59
      74
      53
      61
      55
      56
      64
      56
      63
      73
      63
      58
      56
      61
      62
      56
      66
      49
      61
      63
      55
      62
      57
      63
      53
      47
      51
      65
      58
      62
      62
      56
      60
      57
      64
      50
      59
      62
      55
      62
      57
      49
      51
      55
      59
      69
      63
      60
      49
      52
      66
      61
      43
      56
      59
      63
      74
      62
      52
      66
      76
      72
      66
      83
      64
      52
      65
      65
      65
      65
      61
      77
      65
      81
      74
      65
      68
      70
      88
      95
      93
      68
      73
      71
      62
      71
      94
      85
      72
      82
      83
      74
      80
      82
      73
      70
      81
      72
      73
      65
      74
      76
      69
      84
      59
      70
      54
      72
      72
      62
      59
      71
      61
      62
      62
      64
      60
      75
      65
      69
      54
      60
      66
      58
      62
      61
      68
      62
      65
      53
      70
      57
      66
      65
      78
      61
      56
      59
      61
      51
      59
      63
      62
      58
      58
      52
      58
      58
      69
      74
      62
      57
      61
      68
      52
      38
      56
      54
      53
      59
      60
      59
      56
      78
      80
      75
      65
      55
      63
      57
      48
      67
      55
      57
      52
      55
      57
      57
      51
      64
      65
      47
      46
      59
      43
      53
      65
      51
      68
      63
      63
      63
      60
      66
      43
      50
      55
      50
      47
      54
      62
      46
      67
      54
      56
      53
      56
      52
      65
      55
      56
      58
      53
      59
      57
      49
      51
      53
      61
      53
      59
      56
      46
      49
      54
      46
      49
      54
      60
      51
      46
      70
      57
      52
      71
      51
      61
      53
      50
      49
      61
      53
      52
      49
      66
      58
      52
      64
      51
      55
      50
      42
      63
      60
      55
      57
      55
      66
      50
      56
      54
      49
      56
      49
      70
      47
      61
      57
      45
      51
      50
      61
      42
      55
      53
      49
      48
      60
      54
      69
      72
      59
      52
      58
      62
      49
      49
      67
      64
      68
      66
      51
      53
      50
      53
      52
      74
      51
      62
      64
      53
      48
      44
      59
      51
      65
      63
      52
      51
      47
      55
      56
      56
      52
      59
      50
      59
      58
      56
      57
      53
      62
      61
      55
      58
      46
      49
      58
      49
      39
      48
      55
      52
      53
      62
      51
      47
      50
      52
      44
      51
      52
      47
      50
      57
      49
      42
      56
      46
      54
      46
      54
      50
      46
      57
      44
      58
      38
      52
      62
      51
      49
      48
      51
      55
      52
      47
      59
      54
      44
      56
      57
      52
      57
      45
      55
      63
      57
      52
      57
      53
      64
      52
      48
      55
      49
      54
      47
      57
      58
      47
      43
      66
      37
      53
      52
      43
      66
      53
      46
      46
      40
      65
      43
      54
      47
      50
      60
      46
      49
      51
      54
      51
      43
      45
      55
      44
      44
      37
      55
      63
      46
      48
      46
      30
      62
      53
      45
      65
      47
      48
      56
      49
      51
      42
      37
      37
      36
      48
      50
      48
      54
      47
      46
      58
      55
      49
      47
      52
      55
      42
      39
      46
      47
      44
      50
      46
      51
      42
      52
      47
      48
      37
      49
      53
      56
      57
      48
      44
      39
      44
      62
      56
      48
      50
      40
      50
      33
      50
      45
      50
      37
      50
      38
      33
      43
      63
      38
      40
      49
      47
      45
      49
      49
      36
      49
      32
      50
      43
      48
      37
      48
      53
      51
      54
      48
      51
      31
      56
      48
      47
      50
      47
      40
      40
      42
      42
      27
      25
      47
      30
      37
      33
      33
      45
      51
      41
      49
      49
      48
      39
      50
      49
      54
      57
      44
      40
      44
      35
      45
      38
      40
      35
      44
      54
      40
      38
      35
      42
      43
      36
      38
      46
      39
      40
      44
      34
      37
      40
      37
      32
      47
      30
      49
      39
      39
      36
      41
      44
      39
      48
      45
      45
      39
      26
      54
      42
      49
      34
      37
      45
      35
      34
      39
      44
      29
      39
      49
      39
      42
      36
      46
      34
      43
      52
      38
      52
      42
      45
      46
      48
      38
      43
      38
      33
      40
      29
      31
      46
      39
      36
      47
      41
      40
      48
      35
      38
      38
      41
      45
      37
      54
      38
      32
      48
      55
      36
      40
      42
      43
      43
      31
      37
      30
      37
      36
      40
      39
      44
      45
      28
      37
      40
      38
      40
      41
      54
      44
      29
      38
      45
      43
      44
      37
      45
      38
      35
      47
      40
      40
      37
      51
      39
      39
      31
      40
      37
      44
      45
      40
      30
      48
      34
      50
      40
      38
      34
      45
      42
      45
      45
      35
      38
      46
      41
      43
      36
      58
      40
      57
      47
      35
      40
      34
      30
      40
      43
      37
      50
      44
      51
      50
      38
      46
      43
      49
      28
      40
      46
      41
      47
      34
      38
      47
      39
      50
      46
      47
      47
      51
      35
      45
      57
      42
      51
      35
      47
      61
      51
      54
      41
      58
      48
      44
      65
      42
      36
      50
      32
      42
      42
      36
      43
      48
      48
      26
      33
      32
      38
      46
      40
      32
      37
      38
      54
      47
      51
      38
      37
      44
      47
      47
      33
      38
      35
      44
      34
      31
      42
      49
      52
      39
      47
      33
      49
      40
      33
      39
      37
      44
      43
      32
      35
      33
      43
      46
      41
      47
      46
      31
      59
      37
      32
      29
      49
      45
      43
      46
      54
      42
      50
      37
      40
      48
      41
      34
      49
      41
      38
      26
      33
      59
      33
      38
      32
      34
      36
      42
      42
      48
      47
      39
      46
      46
      42
      50
      44
      32
      40
      53
      47
      61
      41
      44
      37
      38
      46
      37
      40
      49
      39
      53
      47
      36
      39
      54
      35
      40
      40
      45
      48
      48
      53
      52
      49
      44
      37
      48
      45
      43
      34
      47
      42
      44
      39
      55
      37
      41
      41
      49
      54
      41
      32
      46
      33
      40
      44
      42
      40
      47
      43
      48
      50
      44
      35
      44
      40
      46
      58
      46
      45
      45
      48
      45
      47
      47
      42
      43
      39
      53
      41
      46
      40
      45
      50
      52
      53
      52
      44
      43
      43
      44
      41
      48
      41
      52
      53
      51
      56
      43
      48
      52
      45
      43
      42
      41
      41
      43
      43
      46
      46
      53
      41
      40
      44
      42
      44
      51
      30
      50
      44
      45
      43
      48
      46
      52
      48
      46
      46
      38
      42
      43
      57
      51
      59
      42
      55
      42
      56
      49
      50
      50
      40
      40
      45
      53
      47
      57
      47
      48
      51
      44
      50
      49
      53
      44
      56
      46
      47
      51
      44
      35
      47
      43
      41
      41
      41
      61
      50
      55
      47
      52
      53
      45
      50
      54
      46
      49
      50
      47
      50
      47
      46
      56
      56
      68
      49
      55
      49
      60
      44
      59
      53
      58
      47
      38
      36
      52
      44
      46
      52
      54
      52
      58
      43
      40
      47
      55
      65
      44
      54
      54
      47
      57
      46
      51
      49
      53
      63
      71
      45
      51
      50
      51
      42
      58
      53
      65
      48
      46
      46
      51
      57
      52
      54
      55
      49
      44
      61
      45
      50
      50
      47
      47
      49
      50
      56
      58
      41
      53
      38
      46
      55
      53
      45
      51
      51
      56
      41
      66
      46
      45
      48
      56
      64
      65
      67
      61
      58
      55
      60
      71
      63
      47
      54
      77
      53
      49
      53
      50
      53
      57
      56
      71
      45
      64
      42
      63
      47
      65
      55
      58
      55
      48
      52
      63
      45
      58
      59
      48
      54
      48
      49
      55
      66
      63
      63
      51
      47
      57
      51
      51
      48
      62
      66
      49
      56
      57
      55
      55
      56
      44
      66
      51
      50
      56
      58
      51
      54
      53
      70
      51
      71
      58
      52
      43
      41
      48
      70
      61
      60
      66
      54
      57
      55
      54
      62
      66
      52
      69
      74
      70
      68
      49
      56
      44
      59
      45
      63
      52
      58
      48
      49
      58
      75
      66
      66
      58
      60
      63
      71
      71
      61
      49
      54
      52
      58
      52
      41
      55
      50
      56
      68
      40
      50
      51
      52
      48
      56
      55
      57
      54
      48
      47
      42
      61
      44
      43
      35
      42
      47
      41
      41
      45
      43
      43
      50
      39
      45
      35
      46
      48
      39
      50
      39
      33
      35
      43
      36
      39
      38
      27
      30
      45
      31
      27
      43
      35
      25
      38
      30
      31
      45
      30
      30
      26
      30
      33
      33
      30
      35
      24
      32
      35
      30
      24
      21
      24
      28
      27
      22
      31
      29
      26
      30
      39
      28
      25
      26
      39
      25
      24
      35
      29
      25
      24
      18
      26
      21
      38
      29
      21
      25
      26
      32
      32
      24
      23
      29
      23
      22
      27
      25
      22
      28
      30
      24
      27
      27
      20
      31
      26
      34
      22
      25
      19
      30
      21
      26
      22
      28
      22
      29
      24
      25
      21
      21
      29
      30
      19
      18
      20
      20
      17
      37
      23
      27
      29
      27
      27
      23
      21
      28
      32
      20
      32
      30
      16
      27
      17
      19
      22
      18
      24
      26
      24
      25
      26
      26
      29
      27
      28
      22
      23
      19
      21
      20
      18
      17
      16
      20
      22
      23
      18
      17
      17
      15
      25
      21
      20
      18
      25
      20
      18
      15
      16
      16
      15
      21
      27
      19
      16
      18
      15
      25
      23
      19
      22
      26
      20
      29
      14
      18
      18
      10
      19
      14
      12
      22
      17
      25
      23
      11
      14
      15
      13
      21
      20
      21
      15
      18
      18
      23
      17
      15
      13
      16
      18
      24
       9
      22
      21
      22
      18
      12
      18
      16
      15
      10
      14
      17
      17
      15
      24
      11
      11
      19
      15
      13
       4
      11
      16
      13
      13
      11
      12
      18
      15
      19
      11
      18
      14
      11
      18
      20
      16
      12
      10
      16
      18
      18
      15
      13
      11
      12
       8
      18
      11
       9
       8
       8
      12
      16
      11
      12
      14
      16
      13
      10
      14
       7
       8
      13
      14
      15
      14
      13
      14
      13
      10
      11
      14
      10
      14
      15
      17
      11
      15
      15
      12
       8
      13
      11
      10
       8
      14
       9
      12
       8
      11
       6
      12
       9
      11
       9
       6
      12
      10
       9
       9
      10
      10
       7
       9
      11
      10
      11
       7
      15
       3
       9
       4
       8
      13
      15
       9
       7
      10
       7
       9
       9
       9
      10
       8
       8
       9
       3
       5
       8
      14
       6
       9
       8
      10
       5
       6
      10
      12
      10
       7
       7
       9
       7
      13
       8
       7
       8
      13
       6
       5
       6
       5
      11
      11
      11
      10
      11
       2
      13
       9
       5
       6
       6
       7
       6
       8
       9
       8
       7
      11
       7
       8
       8
       9
       3
       3
       8
       8
       8
       6
       9
       6
       5
       9
       7
       8
       9
       9
       9
       3
       4
      11
      21
       3
       7
       7
       8
       6
       8
       7
      15
      10
       7
       7
      12
      14
      10
       6
       9
       9
       9
       8
       4
       3
       6
       7
       4
       5
      14
       6
      11
      13
       6
       4
       5
       9
       6
       3
      15
       7
       3
       5
       7
       5
      11
       1
       6
       1
       7
       5
       9
       6
       8
       9
       4
       5
       9
       6
       7
       9
      10
       7
       6
       4
       7
       2
      12
       8
      11
       6
       6
       7
       9
       7
       4
       3
       7
      10
      13
       3
       7
       5
      11
       7
       8
      12
       6
       2
       3
       5
      10
       5
      13
       3
       4
       6
      13
       9
       3
       4
       7
       7
       6
       7
       9
       5
       5
      10
      14
      11
      14
      13
       6
      15
      11
      24
      18
      17
       9
      21
      18
      10
      11
       3
       8
      11
       6
       4
       3
       6
       9
       7
       8
       8
       6
       6
       7
       6
       7
       7
       5
       6
       7
       2
       7
       7
       9
       4
       3
      10
       5
       8
       5
       9
       6
       8
       6
       5
       4
       6
       4
       6
       6
       2
       7
       8
       7
      11
      10
       9
       2
       8
      10
       3
       6
       3
       7
       7
       6
       5
       7
       8
       6
       6
       9
       1
       7
       8
       3
       9
      11
       5
       5
       4
       8
       7
       9
       7
       4
       5
       7
       5
      10
       2
       6
       4
       5
       3
       0
       3
       3
       7
      11
       7
       5
       2
       3
       4
       5
       6
       4
       6
       6
       5
       6
       6
       4
       4
       3
       9
      14
       7
       9
       6
       3
      10
       3
      11
       7
      13
       6
       6
      11
      12
       6
       6
       2
       7
       3
       6
       6
       6
       5
       6
       6
       9
       9
       3
       5
       3
       4
       2
       6
      10
       2
       5
       9
       5
       7
       9
       9
       7
       5
       7
       5
       8
       9
       7
       8
       9
       3
       9
       8
       6
       3
       5
       8
       1
       4
       4
       4
       6
      10
       9
       6
       7
      11
       7
       7
       7
       5
      12
      12
      14
      14
       9
      11
      20
      26
      37
      79
     117
     198
     352
     515
     832
    1282
    1517
    1985
    2361
    2672
    2510
    2518
    2086
    1723
    1260
     847
     562
     355
     189
      96
      51
      18
       9
       3
       6
       2
       1
       0
       3
       1
       4
       2
       0
       1
       0
       0
       0
       0
       3
       1
       1
       2
       2
       0
       1
       2
       1
       1
       1
       1
       0
       0
       1
       0
       2
       0
       1
       0
       2
       2
       1
       1
       1
       2
       1
       0
       0
       1
       3
       0
       0
       0
       2
       0
       2
       1
       1
       1
       0
       0
       0
       1
       2
       0
       0
       0
       0
       1
       0
       0
       0
       1
       0
       2
       2
       1
       0
       1
       1
       0
       1
       2
       0
       2
       0
       2
       1
       2
       0
       0
       0
       1
       0
       0
       2
       1
       0
       2
       0
       0
       4
       1
       1
       0
       0
       2
       0
       0
       1
       1
       1
       0
       1
       1
       0
       1
       1
       1
       0
       2
       0
       0
       0
       1
       2
       5
       1
       2
       2
       1
       1
       4
       0
       1
       0
       4
       2
       0
       1
       1
       4
       1
       0
       0
       0
       0
       1
       1
       1
       2
       0
       1
       0
       1
       0
       0
       0
       0
       2
       0
       1
       3
       0
       2
       2
       2
       0
       1
       2
       0
       0
       0
       2
       2
       1
       0
       1
       1
       1
       1
       1
       0
       2
       1
       0
       1
       2
       0
       2
       0
       0
       1
       0
       0
       3
       4
       2
       0
       2
       2
       0
       1
       1
       1
       0
       1
       0
       0
       0
       1
       2
       1
       0
       3
       0
       0
       0
       0
       0
       1
       1
       2
       1
       2
       0
       1
       1
       0
       1
       0
       0
       0
       1
       0
       2
       0
       1
       0
       2
       0
       1
       1
       0
       3
       0
       1
       1
       0
       1
       3
       2
       4
       3
       1
       5
       1
       1
       0
       2
       0
       0
       1
       0
       1
       2
       1
       0
       1
       1
       4
       1
       1
       0
       1
       1
       1
       3
       1
       0
       0
       0
       1
       1
       2
       0
       1
       1
       1
       1
       2
       2
       0
       0
       0
       0
       0
       1
       1
       1
       1
       1
       3
       0
       2
       0
       0
       1
       1
       1
       1
       1
       2
       0
       2
       1
       0
       0
       0
       0
       1
       0
       1
       3
       2
       1
       0
       2
       1
       2
       0
       1
       0
       3
       3
       1
       1
       0
       1
       1
       3
       0
       1
       1
       2
       1
       1
       1
       0
       2
       0
       0
       0
       0
       0
       1
       2
       0
       1
       0
       3
       1
       0
       1
       1
       3
       2
       1
       1
       0
       0
       3
       1
       3
       1
       1
       2
       0
       1
       1
       0
       0
       0
       3
       0
       0
       3
       1
       1
       1
       2
       0
       0
       0
       1
       1
       1
       0
       0
       0
       1
       0
       2
       0
       1
       1
       1
       1
       1
       2
       2
       1
       2
       2
       0
       1
       1
       1
       0
       0
       1
       1
       2
       2
       0
       0
       0
       1
       0
       0
       3
       0
       0
       1
       0
       0
       0
       0
       0
       0
       2
       1
       2
       0
       0
       0
       0
       1
       1
       0
       0
       0
       0
       0
       0
       1
       0
       1
       1
       0
       0
       1
       0
       1
       0
       0
       1
       0
       1
       3
       0
       0
       1
       2
       0
       2
       0
       0
       1
       1
       1
       0
       3
       0
       2
       3
       0
       1
       0
       0
       0
       2
       1
       1
       0
       0
       0
       0
       1
       1
       2
       0
       2
       2
       0
       2
       0
       1
       1
       0
       0
       0
       1
       1
       2
       0
       1
       2
       0
       1
       0
       0
       1
       0
       0
       3
       1
       0
       2
       2
       0
       0
       1
       3
       0
       1
       0
       0
       1
       2
       1
       1
       0
       0
       1
       3
       1
       0
       3
       0
       0
       0
       1
       1
       0
       2
       0
       1
       1
       0
       1
       1
       0
       0
       2
       1
       2
       1
       0
       0
       1
       0
       2
       2
       2
       0
       0
       1
       2
       1
       0
       1
       0
       0
       0
       0
       0
       0
       0
       0
       1
       1
       2
       1
       0
       0
       1
       3
       1
       1
       3
       2
       0
       2
       1
       0
       1
       1
       1
       2
       3
       2
       0
       0
       1
       1
       0
       1
       1
       2
       2
       2
       2
       0
       0
       0
       1
       3
       2
       0
       0
       0
       1
       1
       0
       0
       0
       2
       1
       2
       1
       1
       0
       1
       1
       1
       0
       0
       0
       0
       0
       1
       1
       1
       1
       1
       1
       0
       0
       0
       1
       0
       0
       1
       1
       1
       1
       0
       1
       2
       1
       0
       2
       2
       2
       0
       0
       0
       0
       1
       1
       0
       0
       1
       1
       1
       1
       1
       2
       0
       1
       1
       0
       1
       1
       0
       0
       0
       1
       1
       2
       0
       1
       0
       1
       2
       0
       2
       2
       1
       0
       0
       0
       2
       2
       0
       0
       0
       1
       2
       1
       0
       0
       0
       1
       0
       0
       0
       1
       2
       0
       0
       0
       0
       1
       0
       0
       2
       0
       0
       1
       0
       1
       0
       0
       0
       1
       1
       1
       0
       3
       1
       3
       1
       1
       1
       0
       0
       1
       0
       1
       0
       0
       1
       1
       1
       2
       0
       2
       3
       0
       2
       0
       1
       0
       0
       0
       0
       1
       0
       1
       1
       1
       2
       2
       0
       0
       0
       0
       1
       0
       1
       0
       0
       2
       1
       1
       0
       0
       0
       1
       1
       2
       0
       1
       0
       0
       0
       1
       0
       1
       0
       0
       1
       0
       1
       1
       0
       0
       0
       1
       1
       4
       1
       2
       0
       2
       2
       2
       1
       0
       0
       1
       0
       0
       1
       0
       0
       1
       0
       0
       1
       1
       3
       1
       3
       0
       0
       4
       1
       1
       1
       0
       1
       2
       1
       2
       0
       1
       0
       1
       0
       1
       0
       2
       0
       0
       1
       4
       1
       3
       1
       0
       1
       2
       2
       1
       0
       1
       0
       0
       0
       0
       0
       2
       0
       2
       0
       0
       0
       1
       0
       0
       2
       0
       0
       0
       0
       0
       1
       1
       1
       2
       2
       0
       1
       0
       1
       1
       0
       2
       0
       1
       1
       0
       1
       2
       0
       3
       1
       0
       1
       1
       2
       0
       0
       0
       0
       1
       0
       0
       0
       2
       2
       1
       1
       0
       0
       2
       1
       1
       0
       3
       0
       1
       0
       1
       1
       2
       1
       0
       0
       0
       0
       0
       2
       1
       0
       1
       0
       0
       0
       1
       0
       0
       2
       4
       2
       1
       3
       2
       2
       2
       2
       1
       2
       1
       2
       1
       1
       1
       1
       0
       0
       1
       1
       3
       0
       0
       1
       0
       0
       2
       1
       1
       1
       2
       1
       1
       1
       1
       1
       1
       0
       0
       2
       0
       0
       0
       0
       0
       0
       0
       1
       1
       0
       0
       0
       0
       0
       0
       0
       0
       2
       0
       0
       1
       2
       1
       0
       0
       1
       2
       1
       2
       0
       1
       0
       0
       1
       1
       1
       2
       0
       1
       1
       1
       1
       1
       1
       2
       0
       0
       0
       0
       0
       1
       1
       0
       2
       3
       0
       0
       1
       0
       1
       0
       0
       0
       2
       2
       0
       1
       1
       0
       0
       3
       1
       2
       0
       2
       1
       1
       0
       0
       0
       1
       0
       2
       1
       1
       0
       2
       0
       1
       1
       1
       0
       1
       0
       0
       0
       1
       0
       1
       0
       1
       1
       0
       1
       2
       0
       0
       1
       0
       0
       0
       0
       1
       1
       1
       2
       0
       1
       1
       0
       1
       2
       0
       0
       0
       0
       0
       1
       1
       0
       0
       0
       1
       2
       0
       0
       0
       1
       3
       0
       1
       0
       0
       1
       2
       0
       2
       1
       1
       0
       0
       2
       1
       0
       2
       1
       0
       0
       1
       1
       0
       0
       0
       2
       0
       1
       0
       1
       1
       1
       2
       1
       1
       0
       0
       1
       1
       0
       0
       1
       1
       1
       0
       4
       1
       2
       0
       2
       2
       6
       3
       3
       1
       1
       0
       2
       1
       0
       1
       2
       1
       0
       1
       1
       0
       1
       2
       0
       1
       0
       2
       0
       2
       0
       0
       1
       0
       0
       2
       1
       0
       1
       2
       2
       1
       1
       0
       0
       0
       0
       1
       0
       1
       2
       1
       1
       0
       1
       1
       0
       0
       0
       0
       1
       1
       0
       0
       0
       2
       2
       0
       0
       0
       0
       1
       0
       0
       0
       0
       1
       2
       2
       0
       2
       0
       3
       0
       0
       0
       1
       0
       0
       0
       0
       2
       1
       0
       0
       0
       0
       1
       0
       1
       0
       0
       0
       1
       0
       1
       0
       0
       0
       1
       1
       0
       0
       1
       0
       1
       0
       1
       2
       0
       0
       0
       0
       0
       0
       0
       1
       1
       1
       0
       1
       1
       0
       0
       0
       1
       1
       0
       0
       1
       1
       1
       1
       0
       0
       1
       1
       0
       0
       1
       2
       3
       0
       1
       1
       1
       0
       0
       1
       3
       0
       1
       0
       0
       0
       0
       0
       1
       0
       1
       1
       0
       0
       0
       0
       0
       3
       1
       0
       0
       0
       0
       0
       0
       1
       1
       0
       1
       0
       0
       1
       1
       0
       1
       1
       0
       1
       0
       0
       1
       1
       0
       1
       1
       1
       1
       1
       0
       0
       1
       0
       1
       0
       0
       0
       0
       0
       0
       1
       1
       0
       0
       3
       0
       1
       1
       0
       0
       1
       1
       0
       0
       0
       0
       1
       1
       0
       0
       0
       0
       0
       1
       0
       0
       0
       0
       0
       2
       2
       0
       0
       4
       1
       1
       0
       1
       1
       1
       0
       0
       1
       0
       0
       0
       0
       0
       0
       0
       2
       0
       1
       0
       0
       0
       0
       1
       0
       1
       1
       1
       0
       0
       0
       1
       1
       1
       0
       0
       0
       0
       0
       0
       1
       2
       0
       1
       0
       2
       0
       1
       0
       0
       0
       1
       2
       0
       0
       0
       1
       0
       2
       0
       0
       0
       0
       0
       0
       0
       2
       1
       0
       0
       0
       0
       1
       0
       0
       0
       0
       1
       2
       1
       2
       1
       0
       1
       0
       1
       0
       0
       3
       2
       0
       1
       0
       0
       0
       1
       0
       2
       0
       3
       0
       0
       0
       1
       0
       2
       0
       0
       0
       2
       0
       0
       1
       0
       2
       0
       1
       0
       0
       2
       0
       0
       0
       1
       1
       0
       0
       1
       0
       0
       0
       0
       0
       0
       1
       1
       2
       0
       1
       0
       0
       0
       0
       1
       0
       0
       2
       0
       1
       1
       0
       2
       0
       0
       0
       0
       0
       1
       0
       2
       1
       0
       0
       2
       0
       0
       0
       0
       1
       2
       3
       1
       1
       2
       0
       0
       1
       2
       0
       0
       0
       0
       1
       1
       2
       0
       0
       0
       0
       0
       0
       1
       0
       0
       0
       2
       5
       2
       0
       0
       2
       3
       1
       0
       0
       0
       0
       1
       0
       1
       0
       2
       1
       1
       1
       1
       1
       1
       1
       0
       0
       1
       2
       1
       0
       0
       0
       1
       1
       0
       0
       0
       0
       1
       4
       1
       1
       0
       0
       1
       0
       1
       0
       1
       2
       0
       0
       1
       0
       0
       2
       2
       1
       0
       1
       2
       1
       1
       1
       1
       0
       0
       1
       1
       0
       0
       0
       1
       1
       2
       1
       0
       2
       1
       0
       0
       0
       1
       0
       1
       1
       1
       1
       0
       0
       1
       0
       0
       0
       1
       1
       0
       0
       1
       1
       0
       0
       1
       0
       2
       0
       1
       0
       1
       0
       1
       0
       3
       2
       0
       0
       2
       0
       0
       1
       0
       1
       1
       1
       0
       1
       0
       0
       1
       1
       0
       0
       0
       0
       0
       1
       0
       1
       1
       0
       0
       1
       0
       0
       0
       0
       1
       2
       0
       1
       2
       1
       1
       0
       1
       2
       3
       3
       0
       1
       0
       1
       1
       1
       1
       0
       0
       2
       0
       3
       1
       2
       1
       0
       1
       0
       0
       0
       0
       0
       0
       0
       0
       1
       0
       1
       1
       1
       0
       1
       0
       1
       0
       1
       1
       0
       2
       0
       0
       0
       0
       0
       0
       1
       1
       0
       0
       0
       1
       0
       1
       0
       0
       0
       2
       0
       1
       2
       1
       1
       0
       0
       1
       1
       1
       0
       0
       0
       1
       0
       0
       0
       0
       1
       0
       0
       2
       0
       0
       0
       1
       0
       0
       0
       1
       0
       2
       2
       0
       1
       1
       0
       3
       1
       0
       0
       0
       1
       2
       0
       0
       0
       1
       3
       1
       1
       0
       0
       0
       3
       0
       0
       1
       1
       0
       1
       0
       2
       0
       0
       0
       3
       0
       0
       0
       0
       0
       0
       1
       0
       0
       1
       0
       2
       0
       0
       4
       0
       0
       0
       0
       0
       0
       0
       3
       0
       1
       1
       0
       1
       0
       0
       1
       0
       0
       1
       0
       1
       1
       1
       2
       0
       0
       0
       1
       1
       0
       0
       1
       0
       0
       0
       0
       0
       1
       0
       0
       0
       1
       0
       0
       1
       1
       1
       1
       1
       0
       0
       0
       0
       1
       0
       0
       0
       0
       1
       1
       0
       1
       1
       0
       0
       0
       0
       2
       1
       0
       0
       0
       0
       1
       0
       1
       1
       0
       2
       1
       1
       1
       1
       0
       2
       2
       0
       0
       1
       0
       0
       1
       0
       1
       1
       1
       1
       3
       1
       0
       0
       1
       0
       1
       0
       0
       0
       2
       1
       0
       2
       1
       1
       2
       1
       1
       2
       1
       0
       0
       0
       1
       0
       1
       0
       1
       1
       0
       1
       1
       0
       1
       0
       0
       1
       0
       2
       0
       0
       0
       0
       1
       1
       2
       2
       1
       2
       0
       0
       0
       2
       0
       0
       1
       1
       2
       0
       0
       1
       0
       0
       1
       0
       0
       2
       1
       0
       1
       0
       1
       0
       0
       0
       0
       0
       1
       2
       2
       1
       1
       0
       0
       1
       0
       2
       1
       0
       1
       0
       2
       1
       1
       0
       1
       1
       1
       2
       1
       1
       2
       0
       1
       3
       0
       0
       0
       2
       1
       1
       0
       1
       0
       0
       0
       0
       0
       5
       0
       1
       0
       0
       0
       0
       0
       1
       1
       1
       0
       1
       0
       0
       0
       0
       1
       1
       3
       1
       0
       1
       1
       0
       0
       1
       0
       2
       1
       0
       0
       0
       1
       0
       2
       0
       1
       2
       0
       0
       0
       1
       0
       0
       1
       1
       1
       0
       1
       0
       0
       1
       0
       1
       0
       1
       1
       1
       2
       1
       0
       1
       0
       2
       0
       1
       1
       1
       1
       1
       0
       0
       1
       0
       0
       1
       1
       0
       0
       1
       2
       2
       1
       1
       0
       0
       0
       0
       0
       0
       0
       2
       0
       0
       3
       0
       0
       0
       2
       4
       0
       2
       2
       0
       1
       1
       2
       1
       0
       1
       1
       0
       1
       1
       0
       1
       0
       0
       0
       1
       2
       0
       0
       1
       0
       2
       0
       0
       0
       0
       0
       0
       0
       0
       0
       1
       0
       1
       0
       0
       0
       1
       0
       1
       0
       0
       0
       0
       0
       0
       0
       0
       0
       0
       1
       0
       1
       0
       0
       1
       1
       1
       0
       1
       0
       1
       5
       0
       0
       0
       0
       0
       0
       1
       0
       0
       0
       1
       0
       0
       0
       0
       0
       1
       0
       0
       1
       1
       1
       0
       0
       0
       0
       0
       0
       1
       0
       3
       1
       1
       0
       1
       0
       0
       0
       1
       0
       0
       1
       0
       0
       0
       1
       0
       0
       1
       2
       1
       0
       0
       0
       0
       0
       0
       0
       1
       1
       1
       1
       1
       2
       0
       0
       0
       0
       0
       1
       2
       0
       0
       0
       1
       0
       0
       0
       2
       0
       2
       0
       1
       0
       0
       0
       0
       1
       0
       1
       1
       0
       0
       0
       2
       1
       1
       2
       0
       1
       0
       0
       0
       0
       1
       0
       1
       0
       0
       0
       0
       0
       1
       0
       0
       0
       1
       0
       0
       0
       1
       0
       1
       0
       0
       1
       3
       1
       0
       0
       0
       2
       0
       0
       0
       0
       0
       0
       0
       1
       0
       0
       0
       0
       1
       1
       0
       0
       0
       0
       0
       0
       1
       1
       0
       0
       0
       0
       0
       1
       0
       0
       1
       0
       0
       0
       0
       1
       0
       0
       2
       0
       0
       1
       0
       0
       0
       0
       0
       0
       1
       0
       0
       0
       1
       0
       0
       1
       0
       0
       1
       0
       0
       0
       0
       1
       0
       0
       0
       0
       0
       1
       1
       1
       1
       1
       0
       0
       0
       0
       1
       0
       0
       1
       0
       0
       0
       1
       0
       1
       0
       0
       1
       0
       1
       0
       1
       0
       0
       0
       1
       2
       0
       1
       0
       0
       0
       2
       0
       0
       0
       0
       0
       0
       1
       0
       1
       0
       0
       0
       0
       0
       0
       0
       0
       1
       0
       0
       0
       0
       0
       2
       0
       0
       1
       0
       1
       0
       1
       0
       1
       0
       0
       0
       1
       0
       0
       0
       0
       1
       0
       0
       0
       0
       1
       1
       1
       0
       0
       0
       0
       0
       0
       1
       0
       2
       0
       0
       0
       0
       0
       0
       0
       0
       0
       1
       0
       0
       0
       1
       0
       0
       1
       0
       0
       1
       0
       1
       0
       1
       0
       0
       0
       0
       0
       0
       0
       0
       0
       0
       1
       1
       0
       0
       0
       0
       1
       0
       0
       0
       0
       0
       0
       0
       0
       0
       0
       0
       0
       0
       0
       0
       0
       0
       0
       0
       0
       0
       0
       0
       0
       0
       0
       0
       0
       0
       0
       0
       0
       0
       0
       0
       0
       0
       0
       1
       0
       0
       1
       0
       0
       0
       0
       0
       0
       0
       1
       0
       0
       0
       0
       2
       0
       0
       0
       0
       0
       2
       0
       0
       0
       0
       0
       0
       0
       0
       0
       0
       1
       0
       0
       0
       1
       0
       0
       0
       0
       0
       0
       0
       0
       0
       1
       1
       0
       1
       1
       0
       0
       1
       0
       1
       0
       0
       1
       0
       0
       0
       1
       0
       0
       1
       1
       0
       0
       1
       0
       0
       0
       1
       0
       0
       1
       0
       0
       1
       0
       0
       1
       0
       0
       0
       0
       0
       0
       1
       0
       0
       0
       0
       0
       0
       0
       0
       1
       0
       0
       0
       0
       2
       0
       0
       3
       0
       0
       2
       1
       0
       1
       0
       0
       0
       1
       0
       1
       0
       0
       0
       0
       1
       0
       0
       0
       0
       0
       0
       2
       0
       1
       0
       0
       1
       1
       1
       0
       0
       0
       0
       0
       0
       0
       0
       0
       0
       1
       0
       0
       0
       0
       0
       1
       1
       0
       0
       1
       0
       0
       0
       0
       0
       0
       0
       0
       0
       0
       0
       1
       1
       0
       0
       0
       0
       0
       0
       0
       0
       0
       1
       0
       0
       0
       1
       0
       1
       0
       3
       1
       0
       0
       1
       0
       0
       0
       0
       2
       0
       0
       0
       0
       0
       0
       0
       0
       0
       0
       0
       0
       0
       0
       0
       0
       0
       0
       0
       2
       1
       2
       0
       0
       0
       0
       1
       2
       1
       0
       0
       0
       1
       0
       0
       0
       0
       0
       0
       0
       0
       0
       0
       0
       0
       0
       0
       0
       0
       1
       0
       0
       0
       0
       0
       0
       0
       0
       0
       0
       1
       0
       0
       0
       0
       0
       0
       0
       0
       0
       1
       0
       0
       0
       1
       0
       0
       0
       1
       0
       0
       0
       0
       0
       0
       0
       0
       0
       0
       0
       0
       0
       0
       0
       0
       1
       1
       0
       0
       0
       0
       0
       0
       0
       0
       0
       0
       0
       0
       1
       1
       0
       0
       0
       0
       0
       0
       0
       0
       0
       0
       0
       0
       1
       0
       0
       0
       0
       0
       0
       1
       0
       0
       0
       0
       1
       1
       0
       0
       0
       1
       1
       0
       0
       0
       0
       0
       1
       2
       0
       0
       0
       0
       0
       0
       0
       0
       0
       1
       0
       0
       0
       0
       0
       0
       1
       1
       0
       0
       1
       0
       0
       0
       0
       0
       0
       0
       0
       0
       1
       0
       0
       0
       0
       2
       0
       0
       1
       0
       1
       1
       0
       0
       0
       0
       1
       1
       0
       0
       0
       1
       0
       0
       0
       0
       0
       0
       0
       0
       0
       0
       2
       0
       0
       1
       0
       1
       0
       2
       1
       2
       1
       2
       3
       2
       9
       9
      11
      11
      14
      11
      23
      22
      21
      16
       5
       6
       8
       9
       4
       2
       1
       2
       1
       0
       2
       0
       0
       0
       0
       0
       0
       0
       0
       2
       0
       0
       0
       0
       0
       0
       0
       0
       0
       1
       0
       0
       0
       0
       0
       0
       0
       0
       0
       0
       0
       0
       0
       0
       0
       0
       0
       0
       0
       0
       0
       0
       0
       0
       0
       0
       0
       1
       1
       0
       0
       0
       0
       0
       0
       0
       0
       0
       0
       0
       0
       0
       0
       1
       0
       0
       0
       0
       0
       0
       0
       0
       0
       0
       0
       0
       0
       0
       0
       1
       0
       0
       0
       0
       0
       0
       0
       0
       0
       0
       0
       0
       0
       0
       0
       0
       0
       0
       0
       0
       0
       0
       1
       0
       0
       0
       0
       0
       1
       1
       0
       0
       0
       0
       0
       0
       0
       0
       0
       1
       2
       0
       0
       0
       0
       0
       0
       0
       0
       0
       0
       0
       0
       1
       0
       0
       0
       0
       0
       0
       0
       0
       0
       0
       0
       1
       0
       0
       0
       0
       0
       0
       0
       0
       0
       0
       0
       0
       0
       0
       1
       1
       0
       0
       0
       0
       0
       0
       0
       0
       0
       0
       0
       0
       0
       1
       0
       0
       0
       1
       0
       0
       0
       0
       0
       0
       0
       0
       0
       0
       2
       0
       0
       0
       1
       0
       0
       1
       0
       0
       0
       0
       0
       0
       1
       0
       0
       0
       0
       0
       0
       0
       0
       0
       0
       0
       0
       0
       0
       0
       1
       0
       0
       0
       0
       0
       0
       0
       0
       1
       0
       1
       0
       0
       0
       0
       0
       1
       0
       0
       0
       0
       0
       0
       1
       1
       0
       0
       0
       0
       0
       1
       0
       0
       0
       0
       0
       0
       0
       0
       0
       0
       0
       0
       1
       0
       0
       0
       0
       0
       0
       0
       0
       0
       0
       0
       0
       0
       0
       0
       0
       0
       0
       0
       0
       1
       0
       0
       0
       1
       0
       1
       1
       0
       0
       0
       0
       0
       0
       0
       0
       0
       1
       0
       2
       0
       0
       0
       0
       0
       1
       0
       0
       1
       0
       0
       0
       0
       0
       0
       0
       0
       1
       0
       0
       0
       0
       0
       0
       0
       0
       0
       0
       0
       0
       0
       1
       0
       0
       0
       0
       0
       0
       0
       0
       0
       0
       0
       0
       0
       0
       0
       0
       0
       0
       0
       2
       0
       1
       0
       0
       1
       0
       0
       0
       0
       0
       0
       0
       0
       0
       0
       0
       0
       0
       0
       0
       0
       0
       0
       0
       0
       0
       0
       0
       0
       0
       0
       0
       0
       0
       0
       0
       0
       2
       0
       0
       1
       0
       0
       0
       0
       0
       0
       0
       0
       0
       0
       0
       0
       0
       0
       0
       0
       0
       0
       0
       0
       0
       0
       0
       0
       0
       0
       0
       0
       0
       0
       0
       0
       0
       0
       0
       0
       0
       0
       0
       0
       0
       0
       0
       0
       0
       0
       0
       0
       0
       0
       0
       0
       1
       0
       1
       0
       0
       0
       0
       1
       0
       0
       0
       1
       0
       0
       1
       1
       0
       0
       1
       0
       0
       0
       0
       0
       0
       0
       1
       0
       0
       0
       0
       0
       0
       0
       0
       0
       0
       0
       0
       0
       0
       0
       1
       1
       0
       0
       0
       0
       0
       0
       0
       0
       0
       0
       0
       0
       0
       0
       0
       0
       0
       0
       0
       0
       0
       0
       1
       0
       0
       0
       0
       0
       0
       1
       0
       0
       0
       0
       0
       0
       0
       0
       0
       0
       0
       0
       0
       0
       0
       0
       1
       0
       0
       1
       0
       1
       0
       0
       0
       0
       0
       0
       0
       1
       0
       0
       1
       0
       0
       0
       0
       0
       0
       0
       0
       0
       0
       0
       0
       0
       0
       1
       1
       0
       0
       0
       0
       0
       0
       0
       0
       0
       0
       1
       0
       0
       0
       0
       0
       0
       0
       0
       0
       0
       0
       0
       0
       0
       0
       0
       0
       0
       0
       0
       0
       0
       0
       0
       0
       0
       0
       0
       1
       0
       0
       0
       0
       0
       0
       0
       0
       0
       0
       0
       0
       0
       0
       0
       0
       0
       0
       0
       0
       0
       0
       0
       0
       0
       0
       0
       0
       1
       0
       0
       0
       0
       0
       0
       0
       1
       0
       0
       0
       0
       0
       0
       0
       0
       0
       0
       0
       0
       0
       0
       0
       0
       0
       0
       0
       0
       0
       1
       0
       0
       0
       0
       0
       0
       1
       0
       0
       0
       0
       0
       0
       0
       0
       0
       0
       0
       0
       0
       0
       0
       0
       0
       0
       0
       0
       0
       0
       0
       0
       0
       1
       0
       0
       0
       1
       0
       0
       0
       0
       0
       0
       0
       0
       0
       0
       0
       0
       0
       0
       0
       0
       0
       0
       0
       0
       0
       1
       0
       0
       0
       0
       1
       0
       0
       0
       0
       0
       0
       1
       0
       0
       0
       0
       0
       0
       0
       0
       0
       0
       0
       0
       0
       0
       0
       0
       0
       0
       0
       0
       0
       0
       0
       0
       1
       0
       0
       1
       0
       0
       0
       0
       0
       0
       0
       1
       0
       0
       0
       0
       0
       0
       0
       0
       0
       0
       1
       0
       0
       0
       0
       0
       0
       0
       0
       0
       0
       0
       0
       0
       0
       0
       0
       0
       0
       0
       0
       0
       0
       0
       0
       0
       0
       0
       0
       0
       0
       0
       0
       0
       0
       0
       0
       0
       0
       0
       0
       0
       0
       0
       0
       0
       0
       0
       0
       0
       0
       0
       0
       0
       0
       0
       0
       0
       0
       0
       0
       0
       0
       0
       0
       0
       0
       0
       0
       0
       0
       0
       0
       1
       0
       0
       0
       1
       0
       0
       0
       0
       1
       0
       0
       0
       0
       0
       0
       0
       0
       0
       0
       0
       0
       0
       0
       1
       0
       0
       0
       0
       0
       0
       0
       0
       0
       0
       0
       0
       1
       0
       0
       0
       0
       0
       0
       0
       1
       0
       0
       0
       0
       0
       0
       0
       1
       0
       0
       0
       0
       0
       0
       0
       0
       0
       1
       0
       0
       0
       0
       0
       0
       0
       0
       0
       0
       0
       0
       0
       0
       0
       0
       0
       0
       0
       0
       0
       0
       0
       0
       0
       0
       0
       0
       0
       1
       0
       0
       0
       0
       0
       1
       0
       0
       0
       0
       0
       0
       0
       0
       0
       0
       0
       0
       0
       0
       0
       1
       0
       0
       0
       0
       1
       0
       0
       0
       1
       0
       0
       0
       0
       0
       0
       0
       0
       0
       0
       0
       0
       0
       0
       0
       0
       0
       0
       1
       0
       1
       0
       0
       1
       1
       0
       0
       0
       0
       0
       0
       0
       0
       0
       0
       0
       0
       0
       0
       0
       1
       0
       0
       0
       0
       0
       1
       1
       1
       0
       0
       0
       0
       1
       0
       0
       0
       0
       0
       0
       1
       0
       0
       1
       1
       0
       0
       0
       0
       0
       0
       0
       0
       0
       0
       0
       0
       0
       0
       0
       0
       0
       0
       0
       0
       0
       0
       0
       0
       0
       0
       0
       0
       0
       0
       0
       0
       0
       0
       0
       0
       0
       0
       0
       0
       0
       0
       0
       0
       0
       0
       0
       0
       0
       0
       0
       0
       0
       0
       0
       0
       0
       0
       0
       0
       0
       0
       0
       0
       0
       0
       0
       0
       0
       0
       0
       0
       1
       0
       0
       0
       0
       0
       0
       0
       1
       0
       0
       0
       0
       0
       0
       0
       0
       0
       0
       0
       0
       0
       0
       0
       0
       2
       1
       0
       0
       0
       0
       0
       0
       0
       0
       0
       0
       1
       0
       1
       1
       0
       0
       0
       0
       0
       0
       0
       0
       3
       1
       1
       1
       6
       2
       0
       0
       3
       0
       0
       0
       0
       0
       0
       0
       0
       0
       0
       0
       0
       0
       0
       0
       0
       0
       0
       0
       0
       0
       0
       0
       0
       1
       0
       0
       0
       0
       0
       0
       0
       0
       0
       0
       0
       0
       0
       0
       0
       0
       0
       0
       0
       0
       0
       0
       0
       0
       0
       0
       0
       0
       0
       0
       0
       0
       0
       0
       0
       0
       0
       0
       0
       0
       0
       0
       0
       0
       0
       0
       1
       0
       0
       0
       0
       0
       0
       0
       0
       0
       0
       0
       0
       0
       1
       0
       0
       0
       0
       0
       0
       0
       0
       1
       0
       0
       0
       0
       0
       0
       0
       0
       0
       0
       1
       0
       0
       0
       0
       0
       0
       0
       0
       0
       0
       0
       0
       0
       0
       1
       1
       0
       0
       0
       0
       0
       0
       0
       0
       0
       0
       1
       0
       0
       0
       0
       0
       0
       0
       0
       0
       0
       0
       0
       0
       0
       0
       0
       0
       0
       0
       0
       0
       0
       0
       0
       0
       0
       0
       0
       1
       0
       0
       0
       0
       0
       0
       0
       0
       0
       0
       0
       0
       0
       0
       0
       0
       0
       1
       0
       0
       0
       0
       0
       0
       0
       0
       0
       0
       0
       0
       0
       0
       0
       0
       1
       0
       0
       0
       0
       1
       0
       0
       0
       0
       0
       0
       0
       0
       0
       0
       0
       0
       0
       0
       0
       0
       0
       0
       0
       0
       0
       0
       0
       0
       2
       0
       0
       0
       0
       0
       0
       0
       0
       0
       0
       0
       0
       0
       0
       0
       0
       0
       0
       0
       0
       0
       0
       0
       0
       0
       0
       0
       0
       0
       0
       0
       0
       0
       0
       0
       0
       0
       0
       0
       0
       0
       1
       0
       0
       0
       0
       0
       0
       0
       0
       0
       0
       0
       0
       0
       0
       0
       0
       0
       0
       0
       0
       0
       0
       0
       0
       0
       0
       0
       0
       0
       0
       0
       0
       0
       0
       0
       0
       0
       1
       0
       0
       0
       0
       0
       0
       1
       0
       0
       1
       0
       0
       0
       0
       0
       0
       0
       0
       0
       0
       0
       0
       0
       0
       0
       0
       0
       0
       0
       0
       0
       0
       0
       0
       0
       0
       0
       0
       0
       0
       0
       1
       0
       0
       0
       0
       0
       0
       0
       0
       0
       0
       0
       0
       0
       0
       0
       0
       0
       0
       0
       0
       0
       0
       0
       0
       0
       0
       0
       0
       0
       0
       0
       0
       0
       0
       0
       0
       0
       0
       0
       0
       0
       0
       0
       0
       0
       0
       0
       0
       0
       1
       0
       0
       0
       0
       0
       0
       0
       0
       0
       0
       1
       0
       0
       0
       0
       0
       0
       0
       1
       0
       0
       0
       0
       0
       0
       1
       0
       0
       0
       0
       0
       0
       0
       0
       0
       0
       0
       0
       0
       0
       0
       0
       0
       0
       0
       0
       0
       0
       0
       0
       0
       0
       0
       0
       0
       0
       0
       0
       0
       0
       0
       0
       0
       0
       0
       0
       0
       0
       0
       0
       0
       0
       1
       0
       0
       0
       0
       0
       0
       0
       0
       0
       0
       0
       0
       0
       0
       0
       0
       0
       0
       0
       0
       0
       0
       0
       0
       0
       0
       0
       1
       0
       0
       0
       0
       0
       0
       0
       0
       0
       0
       0
       0
       0
       0
       0
       0
       0
       0
       0
       0
       0
       0
       0
       0
       0
       0
       0
       0
       0
       0
       1
       0
       0
       0
       0
       0
       1
       0
       0
       0
       0
       0
       0
       0
       0
       0
       0
       0
       0
       0
       0
       0
       0
       0
       0
       0
       1
       0
       0
       0
       0
       0
       0
       0
       0
       0
       0
       0
       0
       0
       0
       1
       1
       0
       0
       0
       0
       0
       0
       0
       0
       0
       0
       0
       1
       0
       0
       0
       0
       0
       0
       0
       0
       0
       0
       0
       0
       0
       0
       0
       0
       0
       0
       0
       0
       0
       0
       0
       0
       0
       0
       0
       0
       0
       0
       0
       0
       1
       0
       0
       0
       0
       0
       0
       0
       0
       0
       0
       0
       0
       0
       1
       0
       0
       0
       0
       0
       0
       0
       1
       0
       0
       0
       0
       1
       0
       0
       0
       0
       0
       0
       0
       0
       0
       0
       0
       0
       0
       0
       0
       0
       0
       0
       0
       0
       0
       2
       0
       0
       1
       0
       0
       0
       0
       0
       0
       0
       0
       0
       0
       0
       0
       0
       0
       0
       0
       0
       0
       0
       0
       0
       0
       0
       0
       0
       0
       0
       1
       0
       0
       0
       0
       0
       0
       0
       0
       0
       0
       0
       0
       0
       0
       0
       0
       0
       0
       0
       0
       0
       0
       0
       0
       0
       0
       0
       1
       0
       0
       0
       0
       1
       0
       0
       0
       0
       0
       1
       0
       0
       0
       0
       0
       0
       0
       0
       1
       0
       1
       0
       0
       0
       0
       0
       0
       0
       0
       0
       0
       0
       0
       0
       0
       0
       0
       0
       0
       0
       0
       0
       0
       0
       0
       0
       0
       0
       0
       0
       0
       0
       0
       0
       0
       0
       0
       0
       1
       0
       0
       0
       0
       0
       0
       0
       0
       0
       0
       0
       0
       0
       0
       0
       0
       0
       0
       0
       0
       0
       0
       0
       1
       0
       0
       0
       0
       0
       0
       0
       0
       0
       0
       0
       0
       0
       0
       0
       0
       0
       0
       0
       0
       0
       0
       0
       0
       0
       0
       0
       0
       0
       1
       0
       0
       0
       0
       0
       0
       0
       0
       0
       0
       0
       0
       0
       0
       0
       0
       0
       0
       0
       0
       0
       0
       0
       0
       0
       0
       0
       0
       0
       0
       0
       0
       0
       0
       0
       0
       0
       0
       0
       0
       0
       0
       0
       0
       0
       0
       0
       0
       0
       0
       0
       0
       0
       0
       0
       0
       0
       0
       0
       0
       0
       0
       0
       0
       0
       0
       0
       0
       0
       0
       0
       0
       0
       0
       0
       0
       0
       0
       0
       0
       0
       0
       0
       0
       0
       0
       0
       0
       0
       0
       0
       0
       0
       1
       0
       0
       0
       0
       0
       0
       0
       0
       0
       0
       0
       0
       0
       0
       0
       0
       1
       1
       0
       0
       0
       0
       0
       0
       0
       0
       1
       0
       0
       0
       0
       0
       0
       0
       0
       0
       0
       0
       0
       0
       0
       0
       0
       0
       0
       0
       0
       0
       0
       0
       0
       0
       0
       0
       0
       0
       0
       0
       0
       0
       0
       0
       0
       0
       0
       0
       0
       0
       0
       0
       0
       0
       0
       0
       0
       0
       0
       0
       0
       0
       0
       0
       0
       0
       0
       0
       0
       0
       0
       0
       0
       1
       0
       0
       0
       1
       0
       0
       0
       0
       0
       0
       0
       0
       0
       0
       0
       0
       0
       0
       0
       0
       0
       1
       0
       0
       0
       0
       0
       0
       0
       0
       0
       0
       0
       0
       1
       0
       0
       0
       0
       0
       0
       0
       0
       0
       0
       0
       0
       0
       0
       0
       0
       0
       0
       0
       0
       0
       0
       0
       0
       0
       0
       0
       0
       0
       0
       1
       0
       0
       0
       0
       0
       0
       0
       0
       0
       0
       0
       0
       0
       0
       0
       0
       0
       0
       0
       0
       0
       0
       0
       0
       0
       0
       0
       0
       0
       0
       0
       0
       0
       0
       0
       0
       0
       1
       0
       0
       0
       0
       0
       0
       0
       0
       0
       0
       0
       0
       0
       0
       0
       0
       0
       0
       0
       0
       0
       0
       0
       0
       0
       0
       0
       0
       0
       0
       0
       0
       0
       0
       0
       0
       0
       0
       0
       0
       0
       0
       0
       0
       0
       0
       0
       0
       0
       0
       0
       0
       0
       0
       0
       0
       0
       0
       0
       0
       0
       0
       0
       0
       0
       0
       0
       0
       0
       0
       0
       0
       0
       0
       0
       0
       0
       0
       0
       0
       0
       0
       0
       0
       0
       0
       0
       0
       0
       1
       0
       0
       0
       0
       0
       0
       0
       0
       0
       0
       0
       0
       0
       1
       0
       0
       0
       0
       0
       0
       0
       0
       0
       0
       0
       0
       0
       0
       1
       0
       0
       0
       0
       0
       0
       0
       0
       0
       0
       0
       0
       0
       0
       0
       0
       0
       0
       0
       0
       0
       1
$ROI:
11
224 244
765 907
1350 1411
1828 1908
2525 2667
2716 2799
3716 3817
4331 4427
4564 4622
5085 5259
5690 5768
$PRESETS:
Live Time
200
0
$ENER_FIT:
0.053689 0.255148
$MCA_CAL:
3
5.368913E-002 2.551478E-001 -1.853380E-009 keV
$SHAPE_CAL:
3
6.992400E+000 7.812671E-004 -3.508660E-008
