$SPEC_ID:
No sample description was entered.
$SPEC_REM:
DET# 1
DETDESC# GMX20P4 HPGe
AP# Maestro Version 7.01
$DATE_MEA:
11/23/2018 15:26:22
$MEAS_TIM:
200 201
$DATA:
0 8191
       0
       0
       0
       0
       0
       0
       0
       0
       0
       0
       0
       0
       0
       0
       0
       0
       0
       0
       0
       0
       0
       0
       0
       0
       0
       0
       0
       0
       0
       0
       0
       0
       0
       0
       0
       0
       0
       0
       0
       0
       0
       0
       0
       0
       0
       0
       0
       0
       2
       9
      37
      44
      49
      62
      63
      42
      46
      55
      54
      54
      51
      43
      60
      46
      58
      63
      56
      38
      41
      53
      41
      57
      55
      61
      64
      48
      47
      58
      68
      65
      74
      68
      70
      74
      67
      79
      75
      83
      75
      77
      82
      66
      75
      66
      73
      69
      57
      80
      63
      67
      73
      81
      78
      77
      71
      84
      89
      81
      92
      90
      94
     106
     112
     123
     139
     165
     166
     174
     211
     265
     348
     433
     515
     639
     692
     701
     647
     575
     514
     385
     272
     173
     147
     128
     105
     122
      99
     105
     121
     138
     178
     225
     204
     181
     176
     159
     135
     108
      90
      80
      72
      66
      49
      58
      49
      62
      50
      59
      52
      49
      65
      56
      45
      58
      56
      46
      51
      64
      49
      65
      43
      55
      50
      65
      61
      57
      55
      54
      59
      45
      51
      58
      59
      61
      52
      51
      64
      49
      58
      55
      50
      56
      61
      43
      57
      58
      52
      74
      53
      60
      48
      50
      48
      49
      49
      51
      54
      69
      66
      56
      61
      64
      55
      62
      64
      53
      62
      61
      67
      61
      51
      62
      60
      57
      58
      57
      56
      52
      53
      59
      62
      76
      37
      78
      68
      69
      73
      72
      64
      74
      67
      75
      58
      81
      70
      77
      68
      64
      60
      63
      49
      69
      84
      51
      62
      56
      64
      61
      84
      71
      69
      58
      61
      66
      79
      69
      72
      63
      70
      74
      71
      73
      55
      78
      58
      59
      68
      61
      79
      63
      66
      66
      79
      47
      73
      61
      71
      71
      84
      74
      63
      86
      80
      73
      74
      87
      62
      67
      59
      80
      76
      69
      86
      95
      69
      73
      52
      67
      78
      67
      72
      61
      71
      81
      80
      69
      66
      78
      71
      68
      63
      59
      69
      71
      71
      72
      64
      61
      62
      56
      58
      72
      64
      84
      73
      53
      71
      69
      72
      68
      63
      65
      66
      75
      76
      82
      73
      70
      53
      68
      93
      78
      73
      81
      79
      90
      68
      84
      89
      73
      71
      72
      71
      75
      73
      80
      72
      65
      84
      75
      56
      71
      58
      61
      55
      64
      66
      66
      77
      60
      73
      75
      66
      68
      68
      52
      63
      69
      62
      59
      66
      72
      73
      88
      61
      66
      64
      46
      73
      80
      64
      64
      65
      66
      65
      65
      73
      63
      76
      59
      64
      67
      77
      62
      70
      73
      81
      68
      85
      75
      67
      55
      76
      67
      65
      72
      75
      69
      60
      59
      55
      69
      65
      69
      70
      67
      62
      74
      68
      76
      71
      66
      53
      55
      57
      84
      60
      66
      64
      63
      71
      71
      62
      70
      67
      64
      67
      63
      93
      75
      68
      70
      57
      69
      67
      71
      63
      67
      60
      56
      76
      69
      70
      72
      61
      71
      69
      74
      72
      67
      83
      48
      62
      86
      46
      79
      74
      57
      55
      65
      73
      72
      60
      65
      64
      59
      59
      74
      75
      60
      73
      62
      61
      74
      65
      65
      67
      66
      71
      86
      67
      57
      60
      65
      64
      60
      69
      61
      78
      58
      58
      60
      77
      88
      60
      72
      50
      52
      58
      63
      64
      54
      74
      55
      63
      68
      57
      72
      63
      62
      73
      66
      57
      69
      62
      54
      65
      66
      77
      72
      70
      72
      62
      68
      62
      59
      65
      60
      54
      61
      58
      57
      48
      49
      53
      75
      56
      71
      56
      64
      51
      47
      59
      49
      62
      57
      56
      64
      43
      59
      66
      64
      48
      51
      66
      59
      80
      54
      70
      57
      63
      47
      54
      67
      59
      51
      53
      67
      59
      62
      63
      61
      64
      62
      76
      55
      68
      68
      52
      51
      64
      55
      64
      63
      61
      60
      56
      54
      54
      67
      68
      65
      71
      58
      59
      64
      53
      64
      55
      52
      67
      61
      61
      54
      58
      44
      72
      48
      52
      47
      56
      55
      43
      64
      59
      66
      57
      56
      56
      69
      60
      53
      56
      49
      61
      50
      65
      66
      48
      48
      58
      55
      57
      63
      61
      68
      57
      59
      46
      57
      54
      54
      61
      66
      63
      55
      71
      52
      59
      56
      63
      63
      60
      63
      50
      60
      53
      49
      65
      51
      51
      51
      56
      60
      54
      59
      49
      72
      58
      56
      69
      63
      52
      56
      60
      67
      70
      51
      49
      65
      67
      71
      54
      63
      55
      74
      51
      70
      75
      67
      63
      68
      71
      67
      68
      62
      59
      67
      59
      84
      80
      75
      93
      68
      75
      75
      70
      71
      63
      71
      69
      49
      70
      70
      82
      84
      85
      73
      59
      57
      55
      64
      51
      67
      76
      66
      59
      67
      59
      62
      79
      60
      70
      67
      74
      65
      70
      59
      58
      54
      62
      61
      59
      67
      40
      45
      64
      60
      47
      66
      51
      66
      54
      72
      54
      51
      49
      56
      67
      63
      54
      52
      66
      66
      46
      62
      49
      49
      44
      54
      62
      53
      58
      58
      56
      65
      51
      60
      51
      56
      45
      47
      52
      48
      73
      54
      47
      50
      57
      44
      54
      58
      49
      57
      48
      51
      61
      62
      54
      60
      55
      40
      49
      54
      55
      51
      52
      58
      61
      61
      54
      45
      62
      52
      60
      54
      47
      56
      73
      52
      59
      55
      43
      51
      46
      40
      61
      49
      37
      58
      55
      63
      54
      53
      51
      58
      59
      50
      48
      46
      65
      46
      68
      53
      64
      39
      64
      71
      48
      59
      62
      47
      53
      48
      46
      58
      53
      57
      56
      52
      57
      58
      59
      42
      50
      50
      50
      52
      46
      57
      30
      64
      50
      38
      51
      57
      39
      59
      50
      54
      46
      50
      51
      47
      47
      47
      46
      46
      44
      48
      45
      43
      51
      55
      34
      60
      38
      48
      49
      63
      47
      58
      64
      55
      60
      50
      47
      49
      51
      63
      55
      50
      61
      49
      66
      56
      51
      58
      56
      46
      56
      47
      43
      48
      46
      48
      37
      50
      56
      63
      55
      53
      47
      36
      42
      63
      52
      50
      57
      47
      52
      63
      52
      50
      50
      50
      53
      60
      51
      52
      37
      46
      47
      54
      51
      47
      55
      42
      47
      42
      45
      36
      47
      48
      38
      62
      51
      52
      42
      49
      47
      62
      56
      51
      50
      49
      47
      44
      53
      53
      50
      52
      53
      61
      38
      48
      50
      52
      39
      45
      53
      54
      47
      54
      57
      50
      38
      53
      59
      50
      54
      47
      43
      39
      48
      55
      51
      48
      64
      41
      43
      48
      54
      42
      53
      61
      62
      56
      39
      41
      55
      48
      47
      40
      54
      61
      39
      50
      40
      50
      29
      52
      54
      46
      46
      48
      48
      50
      47
      51
      58
      57
      50
      47
      41
      34
      51
      46
      48
      40
      47
      42
      42
      60
      53
      46
      42
      61
      39
      50
      35
      41
      51
      48
      36
      52
      45
      44
      49
      43
      59
      37
      43
      45
      48
      34
      38
      40
      54
      54
      44
      51
      39
      40
      41
      45
      49
      45
      44
      52
      42
      35
      37
      49
      42
      41
      50
      46
      50
      46
      60
      39
      59
      50
      47
      40
      44
      37
      43
      39
      36
      46
      43
      50
      43
      41
      63
      42
      43
      45
      45
      41
      57
      50
      55
      43
      41
      48
      41
      38
      39
      36
      42
      47
      32
      53
      44
      41
      42
      56
      54
      43
      49
      48
      37
      35
      44
      42
      43
      33
      46
      41
      49
      47
      38
      51
      39
      30
      31
      43
      40
      40
      36
      44
      36
      38
      32
      52
      27
      49
      46
      37
      32
      54
      39
      46
      38
      45
      51
      40
      43
      42
      43
      38
      44
      37
      28
      34
      42
      39
      34
      37
      48
      41
      38
      47
      43
      35
      46
      37
      31
      35
      35
      40
      43
      37
      33
      42
      33
      33
      47
      43
      40
      41
      34
      42
      42
      40
      33
      35
      35
      40
      38
      35
      43
      34
      49
      43
      39
      37
      48
      37
      40
      46
      32
      48
      39
      50
      42
      34
      34
      35
      33
      41
      33
      46
      27
      35
      45
      46
      37
      45
      42
      42
      37
      38
      52
      40
      46
      40
      46
      34
      39
      39
      37
      30
      51
      52
      39
      31
      36
      41
      27
      41
      41
      33
      31
      28
      57
      32
      42
      39
      52
      32
      43
      26
      50
      44
      43
      41
      34
      35
      45
      31
      45
      50
      37
      37
      42
      31
      44
      38
      31
      45
      51
      44
      41
      48
      38
      35
      39
      47
      36
      35
      36
      40
      43
      33
      49
      40
      42
      33
      36
      37
      35
      43
      30
      41
      40
      33
      35
      34
      47
      49
      36
      28
      47
      48
      49
      38
      41
      38
      41
      40
      42
      37
      41
      56
      49
      51
      47
      49
      41
      37
      48
      44
      31
      42
      43
      44
      52
      37
      40
      35
      40
      42
      41
      43
      40
      31
      28
      44
      37
      44
      33
      36
      26
      39
      43
      33
      52
      42
      39
      43
      36
      29
      44
      48
      38
      37
      41
      40
      34
      35
      52
      44
      44
      42
      49
      45
      38
      33
      38
      42
      45
      46
      54
      43
      34
      36
      41
      44
      32
      37
      42
      36
      38
      33
      37
      43
      42
      40
      31
      46
      39
      32
      44
      37
      57
      43
      31
      35
      44
      44
      49
      42
      48
      40
      37
      37
      38
      42
      52
      52
      43
      34
      31
      42
      49
      39
      44
      42
      47
      31
      36
      41
      43
      42
      33
      41
      45
      36
      47
      46
      40
      39
      36
      36
      51
      47
      42
      40
      33
      37
      60
      43
      47
      36
      46
      56
      38
      43
      36
      47
      49
      49
      42
      49
      43
      36
      37
      39
      35
      35
      47
      38
      35
      48
      31
      41
      43
      49
      45
      39
      53
      37
      46
      41
      36
      45
      36
      36
      42
      48
      51
      41
      54
      43
      36
      41
      52
      48
      45
      34
      28
      41
      41
      48
      42
      36
      44
      43
      38
      53
      38
      43
      41
      39
      52
      48
      34
      32
      53
      51
      37
      45
      35
      40
      29
      51
      56
      47
      40
      56
      50
      37
      45
      43
      44
      33
      36
      57
      52
      44
      41
      45
      40
      45
      37
      49
      42
      38
      51
      34
      44
      48
      39
      48
      48
      42
      43
      40
      52
      31
      38
      38
      50
      62
      43
      41
      40
      41
      57
      49
      42
      51
      47
      35
      52
      50
      57
      42
      41
      42
      47
      48
      51
      52
      44
      40
      65
      41
      46
      41
      46
      58
      45
      33
      43
      39
      51
      49
      48
      53
      42
      64
      53
      50
      44
      53
      54
      43
      42
      50
      46
      49
      51
      61
      42
      61
      47
      42
      49
      56
      45
      62
      43
      40
      48
      44
      56
      47
      44
      54
      46
      35
      43
      46
      48
      64
      43
      59
      62
      53
      61
      54
      54
      42
      66
      55
      54
      49
      55
      49
      52
      51
      58
      52
      38
      38
      46
      54
      59
      58
      39
      63
      47
      58
      46
      47
      54
      66
      67
      43
      45
      42
      56
      58
      57
      46
      49
      43
      50
      47
      57
      57
      57
      52
      54
      44
      45
      52
      45
      51
      51
      51
      52
      59
      43
      49
      52
      50
      45
      51
      50
      58
      59
      42
      55
      35
      42
      65
      50
      62
      51
      42
      49
      58
      54
      50
      47
      47
      56
      53
      61
      59
      48
      63
      47
      51
      50
      45
      62
      45
      53
      57
      34
      47
      45
      45
      60
      62
      59
      73
      48
      68
      59
      55
      58
      53
      67
      65
      49
      59
      55
      61
      50
      73
      60
      53
      61
      51
      61
      48
      57
      57
      71
      52
      55
      61
      62
      51
      60
      53
      59
      63
      56
      61
      55
      52
      66
      50
      58
      56
      63
      61
      55
      85
      60
      51
      69
      56
      49
      53
      39
      46
      47
      57
      38
      57
      51
      69
      49
      57
      64
      67
      54
      54
      52
      55
      54
      49
      51
      37
      37
      41
      42
      54
      41
      54
      44
      41
      34
      46
      46
      41
      43
      50
      31
      29
      40
      46
      35
      43
      33
      36
      35
      30
      42
      45
      38
      29
      29
      34
      38
      43
      32
      34
      31
      31
      43
      32
      32
      24
      29
      30
      33
      33
      29
      40
      39
      19
      37
      37
      27
      26
      34
      27
      32
      27
      34
      25
      38
      24
      32
      27
      37
      32
      36
      27
      38
      22
      37
      32
      29
      29
      28
      25
      19
      26
      23
      27
      33
      27
      24
      26
      26
      20
      30
      24
      29
      32
      28
      19
      30
      32
      18
      22
      21
      24
      27
      15
      22
      31
      21
      25
      20
      24
      25
      31
      20
      19
      38
      25
      21
      24
      18
      18
      25
      22
      24
      21
      16
      24
      25
      30
      29
      23
      19
      16
      20
      21
      32
      17
      20
      23
      18
      22
      19
      30
      21
      23
      24
      19
      12
      14
      25
      26
      22
      33
      27
      13
      24
      31
      20
      21
      24
      23
      20
      30
      28
      21
      17
      19
      12
      27
      22
      17
      26
      19
      19
      21
      18
      15
      20
      17
      23
      19
      26
      23
      15
      19
      19
      14
      19
      20
      15
      21
      25
      14
      19
      15
      14
      13
      14
      21
      17
      12
      19
      28
      25
      24
      20
      22
      28
      21
      10
      16
      25
      20
      14
      18
      17
      14
      28
      21
      13
      20
      15
       9
      18
      15
      17
      13
      19
      18
      18
      17
      18
      17
       7
      10
      16
      15
      13
      10
      13
      14
      21
       8
      15
      23
      15
      11
      19
      12
      14
      18
      11
      16
      14
      10
      12
      10
       9
      16
      14
      10
      11
      14
      16
      16
      13
      17
      15
      11
      16
      11
      10
       9
      11
      16
      11
       9
       8
      12
      13
      10
       7
      12
      12
       9
      12
      13
       9
      11
      13
      10
      13
       9
      12
      12
       9
      11
       9
       7
       6
       9
      15
      15
      13
       6
      15
       8
      15
      10
      10
       7
       8
       5
      13
      14
       6
       6
       9
       6
       8
       8
       7
      13
       7
       7
       4
       5
       9
      12
      12
       8
      11
      14
      11
       9
       7
       8
      12
       9
       3
       5
      11
       7
      12
       9
      11
       7
       7
      14
      12
       6
       7
       8
       9
      13
       7
       3
       3
      13
       8
       5
       7
      10
      14
       6
       8
      10
       7
       9
       9
       6
       8
       2
       9
       8
       9
      12
       5
       5
      13
       7
       3
       7
       6
       7
       7
      14
       7
       7
       6
       9
       8
      13
       6
       6
       4
       6
       9
       1
       8
       6
       8
       9
       3
       3
       5
       8
       7
      11
       2
       7
       5
       5
       9
      12
       6
      13
       8
       8
       6
       6
       8
       7
       7
       7
      10
       7
      10
       8
       8
       7
       6
      10
       6
       5
       8
       8
       3
       7
      10
       8
       9
       5
       5
       6
       5
       5
       4
       5
       5
       4
       6
       5
       6
       6
       8
       6
       8
       8
       5
       4
       5
       2
       8
       6
       3
       6
       5
       6
       7
       4
       8
       8
       7
       6
       5
      12
       4
       8
       7
       4
       4
       4
       5
       7
       9
       6
       2
       3
       2
       3
       7
       7
       4
       7
       5
       5
       6
       5
       4
       4
       3
       7
       7
       2
       6
       5
       3
       4
       5
       5
       7
       2
       4
       2
       8
       3
       5
       4
       6
       2
       6
       6
       8
       5
       5
       8
      13
       9
      16
      10
      10
      12
      10
       9
      10
      11
       5
       8
       4
       6
       8
       7
       3
       7
       6
       6
       4
       6
       6
       3
       8
       2
      10
      10
       4
       7
       6
       5
       3
       4
       6
       9
       4
       2
       7
       4
       9
       7
       4
       7
       7
       7
       2
       3
       2
       1
       6
       7
       3
       4
       5
       5
       4
       6
       7
       6
       7
       8
       7
       7
       4
       6
       5
       4
       5
       3
       7
       5
       7
       2
      12
       3
       0
       9
       7
       6
       6
       4
       6
       6
       6
       3
       4
       4
       4
       4
       5
       5
       2
       6
       6
       4
       4
       3
       9
       4
       5
       6
       6
       4
       2
       6
       7
       6
       2
       1
       3
       5
       3
       3
       0
       4
       4
       6
       8
      10
       3
       4
       3
       5
       6
       2
       1
      10
       3
       7
       3
       4
       8
       7
       6
       1
       2
       6
       7
       5
       6
       2
       2
       4
       3
       6
       2
       6
       6
       5
       6
       4
       5
       2
       6
       3
       6
       3
       4
       7
       4
       4
      10
       7
       5
       2
       4
       6
      11
       7
      11
       3
       5
      10
      11
       6
       6
       2
       5
       3
       7
       6
       6
       1
       4
       1
      10
       7
       4
      10
       3
      12
       8
       9
      21
      15
      42
      54
      99
     141
     237
     356
     542
     829
    1168
    1448
    1847
    2071
    2317
    2302
    2180
    1910
    1594
    1192
     855
     595
     360
     205
     119
      58
      26
      14
       1
       5
       2
       0
       1
       1
       0
       1
       0
       1
       0
       0
       0
       1
       2
       0
       1
       1
       0
       1
       0
       2
       2
       0
       3
       2
       0
       0
       0
       2
       1
       1
       0
       0
       2
       0
       0
       1
       1
       1
       0
       2
       1
       1
       1
       1
       0
       2
       1
       3
       2
       1
       1
       1
       0
       1
       0
       2
       0
       1
       0
       1
       1
       0
       0
       1
       2
       0
       1
       0
       1
       0
       1
       0
       0
       1
       0
       1
       1
       4
       0
       2
       1
       0
       0
       1
       2
       0
       1
       0
       1
       0
       0
       1
       0
       0
       1
       0
       2
       1
       0
       0
       0
       0
       0
       0
       1
       0
       1
       1
       0
       1
       2
       0
       0
       1
       2
       5
       0
       0
       3
       0
       1
       0
       2
       1
       0
       3
       1
       0
       1
       1
       1
       0
       4
       1
       1
       2
       3
       0
       1
       0
       3
       1
       1
       1
       2
       1
       1
       1
       0
       1
       1
       1
       0
       2
       3
       0
       3
       3
       1
       0
       0
       1
       0
       1
       0
       0
       1
       2
       1
       1
       0
       0
       0
       0
       1
       0
       0
       0
       1
       0
       1
       0
       1
       3
       1
       1
       0
       4
       0
       0
       1
       0
       2
       1
       0
       1
       2
       0
       0
       0
       0
       1
       0
       3
       0
       1
       0
       0
       1
       1
       0
       1
       0
       1
       2
       0
       0
       0
       1
       0
       0
       1
       0
       2
       0
       0
       1
       1
       2
       1
       1
       1
       2
       0
       1
       0
       2
       1
       1
       0
       4
       1
       3
       2
       1
       0
       2
       1
       2
       0
       1
       2
       1
       0
       1
       0
       0
       0
       1
       2
       1
       2
       1
       1
       3
       2
       0
       2
       1
       0
       1
       5
       0
       0
       1
       1
       0
       0
       3
       0
       1
       0
       0
       1
       1
       0
       0
       0
       1
       2
       1
       1
       2
       1
       1
       0
       1
       2
       1
       1
       1
       3
       1
       2
       0
       0
       0
       3
       0
       2
       2
       0
       0
       0
       0
       0
       2
       0
       0
       0
       0
       1
       3
       0
       1
       1
       1
       0
       1
       0
       2
       0
       0
       1
       2
       0
       0
       1
       2
       1
       0
       0
       1
       1
       0
       0
       0
       0
       0
       0
       2
       0
       0
       5
       2
       1
       0
       0
       0
       0
       0
       0
       0
       1
       1
       0
       2
       2
       1
       1
       2
       0
       0
       0
       2
       1
       2
       0
       1
       0
       2
       1
       3
       0
       0
       0
       3
       1
       2
       0
       0
       1
       0
       1
       2
       0
       1
       1
       1
       3
       0
       0
       0
       2
       1
       3
       3
       1
       0
       2
       1
       0
       2
       0
       1
       1
       0
       0
       0
       0
       0
       2
       1
       1
       0
       1
       0
       0
       2
       0
       1
       1
       0
       0
       2
       1
       0
       1
       0
       0
       2
       0
       1
       0
       0
       1
       0
       0
       1
       0
       1
       0
       3
       2
       1
       0
       1
       1
       1
       1
       0
       0
       1
       1
       1
       0
       1
       0
       1
       1
       0
       1
       2
       1
       0
       1
       1
       0
       0
       0
       0
       2
       1
       2
       2
       0
       1
       2
       0
       1
       2
       1
       1
       2
       1
       0
       1
       1
       0
       0
       2
       3
       0
       2
       1
       0
       3
       1
       1
       1
       0
       0
       0
       0
       2
       1
       1
       0
       0
       2
       1
       0
       0
       1
       0
       0
       1
       1
       2
       0
       0
       0
       1
       0
       3
       0
       1
       0
       3
       1
       0
       1
       3
       1
       2
       0
       1
       2
       0
       1
       2
       0
       0
       0
       0
       1
       1
       0
       0
       1
       1
       1
       2
       0
       2
       2
       1
       0
       1
       0
       1
       1
       0
       2
       1
       0
       1
       1
       0
       1
       1
       0
       0
       1
       0
       0
       0
       0
       0
       1
       0
       0
       3
       1
       0
       1
       2
       0
       2
       1
       1
       1
       0
       1
       2
       1
       0
       0
       2
       0
       1
       2
       1
       1
       1
       0
       0
       2
       0
       0
       0
       1
       0
       1
       0
       1
       0
       1
       0
       2
       3
       0
       0
       0
       1
       0
       1
       1
       1
       1
       1
       0
       0
       1
       2
       0
       2
       0
       1
       2
       2
       1
       0
       0
       1
       0
       0
       0
       1
       0
       1
       1
       0
       2
       0
       0
       1
       2
       2
       3
       1
       2
       0
       0
       1
       1
       0
       0
       0
       1
       3
       1
       2
       2
       0
       1
       0
       2
       1
       0
       1
       0
       1
       0
       1
       0
       3
       0
       0
       1
       1
       0
       2
       1
       1
       0
       1
       0
       0
       1
       2
       0
       0
       0
       1
       2
       3
       1
       0
       1
       2
       0
       3
       0
       2
       1
       0
       2
       0
       0
       0
       1
       0
       0
       2
       3
       1
       0
       0
       1
       1
       0
       1
       1
       1
       1
       1
       0
       0
       0
       0
       2
       0
       1
       1
       1
       0
       0
       0
       2
       1
       0
       1
       0
       0
       2
       1
       0
       1
       1
       2
       1
       2
       4
       2
       1
       0
       0
       1
       1
       1
       0
       1
       3
       0
       0
       1
       1
       1
       1
       1
       2
       0
       1
       1
       1
       0
       0
       1
       0
       0
       0
       0
       1
       1
       0
       1
       2
       2
       1
       0
       1
       0
       2
       0
       1
       1
       0
       0
       1
       0
       0
       0
       0
       0
       0
       0
       0
       1
       1
       2
       0
       0
       1
       0
       1
       0
       0
       0
       1
       1
       0
       2
       1
       0
       1
       1
       0
       2
       0
       2
       0
       1
       1
       0
       1
       1
       2
       1
       0
       3
       0
       2
       1
       0
       1
       1
       1
       2
       0
       3
       2
       0
       1
       3
       1
       0
       2
       1
       0
       2
       1
       0
       2
       2
       0
       0
       0
       0
       0
       1
       1
       0
       1
       0
       3
       1
       0
       1
       1
       0
       2
       5
       0
       0
       4
       0
       0
       0
       1
       1
       0
       0
       0
       1
       1
       0
       0
       1
       1
       0
       1
       2
       1
       2
       0
       1
       1
       1
       0
       1
       0
       0
       0
       0
       1
       2
       1
       1
       0
       0
       0
       1
       2
       0
       0
       1
       1
       1
       1
       1
       2
       0
       1
       0
       0
       2
       0
       4
       4
       0
       2
       1
       1
       2
       5
       0
       1
       1
       1
       1
       0
       0
       0
       1
       1
       0
       0
       1
       3
       1
       0
       0
       0
       1
       2
       3
       3
       0
       1
       0
       0
       1
       0
       1
       0
       0
       0
       1
       1
       0
       1
       0
       2
       2
       1
       0
       3
       1
       2
       0
       0
       1
       0
       0
       1
       0
       0
       1
       0
       1
       0
       2
       1
       2
       1
       1
       0
       1
       1
       0
       1
       1
       0
       1
       1
       1
       0
       0
       0
       2
       3
       0
       0
       0
       1
       3
       0
       1
       1
       1
       1
       1
       2
       1
       0
       1
       0
       1
       0
       0
       0
       0
       0
       0
       0
       1
       0
       0
       1
       0
       1
       1
       1
       1
       2
       0
       0
       2
       0
       0
       0
       3
       0
       0
       1
       0
       1
       1
       3
       0
       0
       1
       0
       0
       1
       1
       0
       0
       0
       0
       1
       1
       0
       0
       2
       1
       1
       0
       1
       1
       2
       1
       1
       0
       0
       3
       0
       0
       1
       1
       1
       1
       2
       0
       0
       0
       0
       0
       0
       1
       0
       0
       1
       1
       0
       0
       1
       2
       0
       0
       2
       2
       1
       0
       0
       1
       0
       2
       1
       0
       0
       0
       2
       0
       1
       1
       0
       0
       0
       0
       1
       0
       0
       0
       2
       1
       0
       1
       2
       0
       2
       1
       1
       0
       2
       1
       1
       3
       2
       1
       1
       1
       0
       3
       0
       0
       1
       2
       0
       2
       1
       1
       2
       0
       0
       1
       0
       0
       0
       2
       1
       0
       1
       2
       0
       0
       0
       1
       0
       1
       0
       1
       0
       0
       0
       0
       1
       0
       0
       1
       3
       0
       1
       0
       0
       0
       0
       0
       1
       1
       2
       0
       0
       1
       2
       1
       1
       0
       0
       2
       0
       0
       2
       0
       1
       0
       2
       1
       1
       1
       1
       0
       0
       0
       0
       0
       0
       0
       0
       0
       0
       0
       0
       1
       0
       0
       1
       1
       2
       1
       1
       0
       0
       1
       0
       0
       0
       0
       0
       2
       2
       1
       0
       0
       1
       0
       0
       1
       0
       1
       2
       0
       0
       1
       0
       1
       0
       0
       0
       0
       1
       0
       2
       0
       2
       1
       0
       0
       0
       0
       1
       0
       0
       1
       0
       1
       1
       0
       1
       0
       2
       0
       0
       1
       1
       1
       0
       1
       1
       1
       0
       0
       0
       3
       0
       0
       0
       1
       0
       1
       1
       1
       0
       0
       1
       0
       2
       3
       0
       0
       0
       1
       0
       0
       2
       0
       0
       2
       0
       1
       1
       0
       0
       1
       1
       1
       0
       0
       0
       2
       1
       1
       1
       0
       2
       0
       1
       0
       1
       0
       1
       0
       1
       2
       1
       2
       1
       0
       0
       0
       1
       1
       0
       2
       0
       2
       0
       0
       0
       2
       0
       0
       0
       2
       0
       0
       1
       0
       0
       0
       1
       1
       0
       0
       0
       2
       1
       0
       0
       0
       2
       0
       0
       0
       1
       0
       1
       2
       0
       1
       0
       1
       1
       0
       2
       1
       0
       0
       0
       1
       1
       1
       1
       1
       2
       0
       2
       0
       1
       0
       0
       0
       1
       0
       0
       0
       0
       0
       1
       0
       0
       1
       0
       1
       1
       0
       0
       0
       0
       0
       1
       2
       0
       0
       1
       0
       0
       0
       1
       0
       2
       0
       2
       2
       1
       0
       0
       0
       0
       2
       1
       0
       1
       0
       1
       0
       4
       1
       2
       0
       0
       0
       0
       0
       0
       0
       1
       0
       1
       1
       1
       0
       0
       3
       1
       0
       2
       0
       1
       0
       0
       0
       0
       0
       3
       0
       0
       0
       0
       1
       0
       0
       0
       0
       1
       0
       0
       1
       0
       0
       0
       0
       1
       1
       0
       1
       2
       0
       1
       0
       0
       1
       2
       0
       0
       0
       0
       2
       0
       0
       2
       0
       0
       0
       2
       1
       0
       1
       2
       1
       2
       1
       0
       1
       2
       0
       0
       0
       0
       0
       0
       0
       0
       0
       0
       0
       0
       0
       1
       0
       2
       0
       0
       1
       1
       1
       2
       1
       0
       0
       1
       1
       0
       1
       1
       0
       0
       0
       2
       0
       2
       0
       1
       0
       1
       0
       1
       0
       0
       1
       0
       1
       0
       0
       1
       0
       1
       0
       0
       0
       0
       1
       0
       0
       0
       0
       1
       1
       0
       0
       1
       0
       0
       0
       0
       0
       0
       1
       1
       1
       0
       1
       1
       1
       0
       0
       1
       0
       1
       2
       0
       0
       0
       0
       0
       2
       0
       0
       1
       0
       2
       1
       1
       0
       2
       1
       2
       0
       2
       0
       0
       1
       0
       1
       1
       0
       0
       0
       0
       0
       1
       1
       2
       2
       0
       0
       0
       0
       1
       1
       0
       1
       0
       0
       1
       1
       0
       1
       0
       0
       1
       0
       2
       2
       1
       1
       1
       0
       1
       1
       0
       0
       0
       1
       2
       1
       1
       0
       0
       0
       1
       1
       0
       0
       0
       0
       0
       3
       3
       0
       0
       1
       0
       0
       1
       0
       1
       0
       0
       0
       1
       0
       0
       2
       0
       0
       0
       0
       0
       1
       1
       0
       1
       0
       2
       0
       0
       0
       1
       3
       1
       2
       1
       0
       0
       1
       0
       0
       3
       1
       0
       3
       3
       0
       2
       2
       2
       4
       0
       1
       1
       0
       1
       1
       1
       0
       1
       0
       3
       0
       0
       1
       2
       1
       1
       1
       0
       0
       0
       0
       1
       0
       0
       1
       0
       0
       1
       0
       0
       0
       1
       0
       0
       2
       1
       0
       0
       0
       0
       3
       0
       1
       5
       3
       2
       1
       0
       1
       1
       1
       1
       0
       0
       0
       1
       1
       0
       4
       0
       0
       0
       0
       0
       0
       0
       1
       1
       0
       0
       0
       0
       1
       0
       1
       0
       1
       3
       1
       1
       0
       0
       0
       1
       0
       1
       0
       0
       1
       0
       1
       1
       0
       1
       0
       2
       0
       0
       1
       1
       1
       0
       0
       0
       0
       0
       2
       1
       0
       0
       3
       1
       0
       1
       0
       0
       2
       1
       0
       1
       1
       0
       1
       0
       0
       1
       0
       0
       1
       0
       1
       0
       0
       0
       2
       0
       0
       0
       0
       0
       0
       3
       0
       0
       0
       0
       0
       0
       0
       0
       1
       0
       1
       0
       1
       1
       2
       2
       0
       0
       0
       0
       0
       1
       1
       2
       0
       1
       0
       1
       1
       0
       0
       1
       0
       0
       2
       1
       2
       1
       1
       2
       0
       1
       0
       1
       1
       0
       1
       2
       2
       1
       2
       0
       1
       0
       0
       1
       1
       3
       2
       1
       0
       0
       0
       0
       1
       0
       0
       1
       1
       0
       1
       2
       0
       0
       0
       0
       1
       0
       0
       1
       2
       0
       0
       0
       0
       0
       0
       1
       1
       0
       1
       1
       0
       2
       1
       1
       3
       1
       1
       1
       0
       0
       1
       0
       1
       0
       0
       1
       0
       3
       2
       1
       3
       1
       1
       1
       0
       0
       0
       0
       0
       0
       0
       0
       1
       2
       0
       0
       2
       0
       0
       1
       0
       2
       1
       2
       1
       1
       0
       1
       0
       0
       0
       0
       2
       0
       1
       0
       1
       1
       2
       0
       1
       1
       0
       0
       0
       0
       0
       0
       0
       0
       1
       0
       0
       1
       1
       1
       2
       0
       0
       1
       1
       1
       0
       1
       0
       1
       0
       1
       0
       1
       2
       0
       1
       0
       0
       1
       0
       0
       1
       0
       0
       0
       2
       1
       3
       0
       0
       1
       0
       1
       0
       0
       0
       1
       0
       0
       1
       0
       0
       1
       0
       0
       0
       1
       0
       0
       1
       1
       0
       0
       1
       0
       2
       1
       1
       0
       2
       0
       1
       0
       1
       0
       2
       0
       0
       0
       1
       1
       1
       1
       1
       0
       1
       0
       0
       3
       0
       0
       0
       0
       1
       1
       2
       0
       0
       0
       2
       1
       0
       1
       0
       1
       1
       1
       0
       0
       0
       0
       0
       3
       0
       1
       1
       1
       0
       0
       0
       0
       0
       1
       0
       0
       1
       0
       0
       0
       0
       2
       2
       1
       1
       0
       0
       0
       1
       1
       1
       1
       0
       1
       2
       2
       1
       0
       0
       0
       1
       0
       0
       0
       1
       2
       1
       0
       2
       0
       0
       0
       1
       0
       0
       1
       0
       0
       0
       0
       1
       0
       0
       1
       1
       0
       1
       1
       1
       2
       0
       1
       1
       0
       0
       1
       0
       2
       2
       0
       1
       0
       0
       0
       0
       0
       2
       0
       0
       0
       1
       0
       0
       1
       1
       0
       0
       0
       0
       1
       0
       0
       0
       0
       1
       1
       0
       0
       1
       2
       0
       0
       1
       1
       0
       2
       2
       0
       3
       1
       0
       0
       0
       0
       0
       0
       0
       1
       1
       0
       0
       1
       0
       1
       1
       1
       0
       1
       0
       1
       0
       0
       1
       1
       0
       0
       0
       0
       0
       0
       1
       1
       0
       1
       0
       0
       0
       2
       0
       1
       0
       1
       2
       1
       0
       0
       1
       1
       0
       0
       0
       0
       0
       0
       0
       0
       2
       0
       0
       0
       1
       2
       0
       0
       0
       0
       2
       0
       0
       0
       0
       2
       0
       0
       0
       0
       0
       0
       0
       0
       0
       0
       1
       0
       1
       0
       1
       0
       2
       0
       0
       0
       0
       0
       1
       0
       1
       0
       0
       0
       0
       1
       1
       1
       0
       0
       0
       0
       0
       0
       1
       0
       0
       0
       0
       1
       1
       0
       2
       0
       0
       0
       2
       0
       0
       0
       1
       1
       0
       1
       0
       2
       0
       1
       0
       0
       0
       0
       0
       0
       0
       2
       1
       0
       2
       0
       0
       1
       0
       1
       1
       0
       0
       0
       0
       0
       0
       0
       0
       0
       1
       0
       0
       0
       0
       1
       0
       0
       0
       0
       0
       0
       1
       0
       0
       0
       0
       0
       0
       2
       0
       0
       1
       1
       0
       0
       0
       0
       0
       0
       0
       0
       1
       0
       1
       0
       0
       0
       0
       0
       0
       0
       0
       1
       1
       0
       1
       0
       0
       0
       0
       0
       1
       0
       1
       2
       0
       0
       0
       1
       1
       0
       2
       0
       1
       1
       2
       1
       0
       0
       0
       0
       1
       0
       0
       1
       2
       0
       0
       0
       2
       1
       0
       0
       0
       1
       0
       0
       0
       0
       1
       0
       0
       0
       0
       0
       0
       1
       0
       0
       0
       0
       0
       0
       1
       0
       0
       1
       1
       0
       1
       0
       0
       0
       0
       0
       0
       1
       0
       0
       0
       0
       1
       0
       2
       0
       0
       0
       0
       1
       0
       1
       1
       1
       0
       0
       0
       0
       0
       0
       0
       0
       0
       0
       0
       1
       0
       0
       0
       0
       0
       0
       1
       0
       2
       0
       0
       1
       0
       1
       0
       0
       0
       0
       0
       0
       0
       0
       1
       1
       0
       0
       0
       0
       0
       1
       0
       0
       0
       0
       0
       0
       0
       1
       1
       0
       0
       1
       0
       0
       0
       0
       1
       0
       0
       0
       1
       0
       0
       0
       0
       1
       0
       1
       0
       0
       0
       0
       1
       1
       0
       0
       0
       0
       0
       0
       0
       1
       0
       0
       2
       0
       0
       0
       0
       0
       0
       0
       0
       0
       0
       0
       0
       0
       0
       0
       1
       0
       0
       0
       0
       1
       0
       0
       0
       0
       0
       0
       0
       1
       0
       0
       0
       0
       0
       1
       0
       0
       1
       0
       0
       0
       0
       1
       0
       1
       0
       0
       0
       0
       0
       0
       0
       0
       0
       0
       0
       1
       0
       0
       0
       1
       0
       0
       0
       0
       0
       1
       0
       0
       0
       0
       0
       0
       1
       0
       0
       0
       0
       0
       0
       0
       0
       0
       0
       1
       0
       0
       0
       0
       0
       0
       0
       0
       0
       1
       1
       0
       0
       1
       0
       0
       0
       0
       0
       0
       0
       1
       0
       0
       0
       0
       0
       0
       0
       1
       0
       0
       1
       0
       0
       1
       0
       0
       3
       0
       0
       1
       0
       0
       1
       1
       0
       2
       0
       0
       0
       0
       0
       0
       0
       0
       0
       1
       0
       1
       0
       0
       1
       0
       0
       0
       0
       1
       0
       0
       0
       1
       0
       0
       0
       0
       0
       0
       1
       0
       0
       1
       1
       0
       0
       0
       0
       0
       0
       0
       0
       0
       0
       0
       1
       1
       0
       0
       0
       1
       0
       0
       0
       0
       0
       1
       0
       0
       0
       1
       0
       0
       0
       0
       0
       0
       0
       0
       1
       1
       0
       2
       0
       0
       0
       0
       2
       0
       1
       0
       1
       0
       0
       0
       1
       0
       0
       0
       0
       0
       0
       0
       1
       0
       0
       0
       0
       1
       0
       0
       0
       0
       0
       0
       0
       0
       1
       0
       2
       0
       0
       0
       1
       0
       0
       0
       0
       0
       0
       0
       1
       0
       0
       0
       0
       0
       0
       0
       0
       1
       0
       0
       0
       0
       0
       1
       0
       0
       1
       0
       0
       0
       1
       0
       0
       0
       0
       0
       0
       0
       0
       0
       0
       0
       0
       0
       0
       0
       0
       0
       0
       0
       0
       0
       0
       0
       0
       0
       0
       0
       0
       0
       0
       0
       0
       0
       1
       0
       0
       0
       0
       0
       1
       0
       1
       0
       0
       0
       0
       1
       0
       0
       0
       0
       0
       1
       0
       0
       0
       0
       1
       0
       0
       1
       0
       0
       0
       1
       0
       1
       0
       0
       1
       2
       3
       0
       0
       2
       0
       0
       0
       0
       0
       0
       1
       0
       0
       0
       0
       0
       0
       1
       0
       1
       1
       0
       0
       0
       0
       0
       0
       1
       0
       1
       0
       0
       0
       1
       0
       0
       1
       0
       1
       0
       0
       0
       0
       0
       0
       0
       0
       0
       0
       0
       1
       1
       0
       3
       0
       0
       2
       2
       0
       3
       4
       5
       4
       9
      13
      18
      17
      24
      11
      23
      17
      12
       8
       9
       4
       3
       1
       3
       1
       1
       1
       0
       0
       0
       0
       0
       0
       0
       0
       0
       0
       0
       0
       0
       0
       0
       0
       0
       0
       0
       0
       1
       0
       0
       0
       0
       0
       0
       0
       0
       0
       0
       0
       0
       1
       0
       1
       0
       0
       0
       1
       0
       0
       0
       0
       0
       0
       0
       0
       0
       0
       0
       0
       0
       0
       0
       0
       0
       0
       0
       0
       0
       1
       0
       0
       0
       0
       0
       1
       0
       0
       0
       0
       0
       0
       0
       0
       1
       0
       0
       0
       0
       0
       0
       1
       0
       0
       0
       1
       0
       0
       0
       0
       0
       0
       0
       0
       0
       0
       0
       2
       0
       1
       0
       0
       0
       0
       0
       0
       0
       0
       0
       0
       0
       0
       0
       0
       0
       0
       0
       0
       0
       1
       0
       0
       0
       0
       0
       0
       0
       0
       0
       0
       0
       0
       0
       0
       0
       0
       0
       0
       0
       0
       1
       0
       0
       0
       0
       0
       0
       0
       0
       2
       0
       0
       1
       0
       1
       0
       1
       0
       0
       0
       0
       0
       0
       0
       0
       0
       0
       0
       0
       1
       0
       0
       0
       0
       1
       0
       0
       0
       1
       0
       0
       1
       0
       0
       0
       0
       0
       0
       0
       1
       0
       0
       1
       1
       0
       0
       0
       0
       0
       0
       0
       0
       0
       0
       0
       0
       0
       1
       0
       0
       0
       0
       0
       1
       0
       0
       0
       0
       0
       0
       0
       1
       0
       0
       0
       0
       0
       0
       0
       0
       1
       0
       0
       0
       0
       0
       1
       0
       0
       1
       0
       0
       0
       0
       0
       0
       0
       0
       0
       0
       0
       0
       0
       0
       0
       0
       0
       1
       0
       1
       0
       0
       0
       0
       0
       0
       0
       0
       0
       0
       0
       0
       0
       0
       0
       0
       0
       0
       0
       0
       0
       0
       0
       0
       0
       0
       0
       0
       0
       0
       0
       0
       0
       0
       0
       1
       1
       0
       0
       0
       0
       1
       0
       0
       0
       0
       0
       0
       0
       0
       0
       1
       0
       0
       0
       0
       0
       0
       0
       0
       0
       0
       0
       0
       0
       0
       0
       0
       0
       0
       0
       0
       0
       0
       0
       0
       0
       0
       0
       0
       0
       0
       0
       0
       0
       0
       0
       0
       0
       0
       0
       0
       0
       0
       0
       0
       0
       0
       0
       0
       0
       0
       0
       0
       0
       0
       0
       0
       0
       0
       0
       0
       0
       0
       0
       0
       0
       0
       0
       0
       0
       0
       0
       0
       1
       0
       0
       0
       0
       1
       0
       0
       0
       0
       0
       0
       1
       0
       0
       0
       0
       1
       0
       0
       0
       0
       0
       0
       0
       0
       0
       0
       0
       0
       1
       1
       0
       0
       0
       0
       0
       0
       0
       0
       0
       0
       0
       0
       0
       0
       0
       0
       1
       1
       0
       0
       0
       0
       0
       0
       0
       0
       0
       0
       1
       0
       0
       1
       0
       0
       0
       0
       0
       0
       0
       0
       0
       0
       0
       0
       0
       0
       0
       0
       0
       0
       0
       0
       0
       0
       0
       0
       0
       0
       0
       0
       0
       0
       0
       0
       0
       1
       0
       0
       1
       2
       0
       0
       0
       0
       0
       1
       0
       0
       0
       1
       1
       0
       0
       1
       1
       0
       0
       1
       0
       0
       0
       0
       1
       0
       0
       0
       0
       0
       0
       0
       0
       0
       0
       0
       0
       0
       0
       0
       0
       0
       0
       0
       0
       0
       0
       0
       0
       0
       0
       0
       0
       0
       0
       0
       0
       0
       0
       0
       0
       1
       0
       0
       0
       0
       1
       0
       0
       0
       0
       0
       0
       0
       0
       0
       0
       0
       0
       0
       0
       0
       0
       0
       0
       0
       0
       0
       0
       0
       0
       0
       0
       0
       0
       0
       0
       0
       0
       0
       0
       0
       0
       0
       0
       0
       0
       0
       0
       0
       0
       0
       0
       0
       0
       0
       0
       0
       0
       0
       0
       0
       0
       0
       0
       0
       0
       0
       0
       0
       0
       0
       0
       0
       0
       0
       0
       0
       0
       0
       0
       0
       0
       0
       0
       0
       0
       0
       0
       0
       1
       0
       0
       0
       0
       0
       0
       1
       0
       0
       0
       0
       0
       0
       0
       0
       1
       0
       0
       0
       1
       1
       0
       0
       1
       0
       0
       0
       0
       1
       0
       0
       0
       0
       0
       0
       0
       0
       0
       0
       0
       0
       0
       0
       0
       0
       0
       0
       0
       0
       0
       0
       1
       0
       0
       0
       0
       0
       0
       0
       0
       0
       1
       0
       0
       0
       0
       0
       0
       0
       0
       0
       0
       0
       0
       0
       0
       0
       0
       1
       0
       0
       0
       0
       0
       0
       1
       0
       0
       0
       0
       0
       0
       0
       0
       0
       0
       0
       0
       0
       0
       0
       0
       0
       0
       0
       0
       0
       0
       0
       0
       0
       0
       0
       0
       0
       0
       0
       0
       0
       0
       0
       1
       1
       0
       0
       0
       0
       2
       0
       0
       0
       0
       0
       0
       0
       1
       0
       0
       0
       1
       0
       0
       0
       0
       0
       0
       0
       0
       0
       0
       0
       0
       0
       0
       0
       0
       0
       0
       0
       0
       0
       0
       0
       0
       0
       0
       0
       0
       0
       0
       0
       0
       0
       0
       0
       0
       0
       0
       0
       0
       0
       0
       0
       0
       0
       0
       0
       0
       1
       0
       0
       0
       0
       0
       0
       0
       0
       0
       0
       0
       0
       2
       0
       0
       1
       0
       0
       0
       0
       1
       0
       0
       0
       0
       0
       0
       0
       0
       0
       0
       0
       0
       0
       1
       0
       0
       0
       0
       0
       0
       0
       1
       0
       0
       0
       0
       0
       1
       0
       0
       0
       1
       0
       0
       0
       0
       0
       0
       0
       0
       0
       0
       0
       1
       0
       0
       0
       0
       1
       0
       0
       0
       1
       0
       0
       0
       0
       0
       0
       0
       0
       0
       1
       0
       0
       0
       0
       1
       0
       0
       0
       0
       1
       0
       0
       0
       0
       0
       0
       0
       0
       0
       0
       0
       1
       0
       0
       0
       0
       0
       0
       1
       0
       1
       0
       0
       0
       0
       0
       0
       0
       0
       0
       0
       0
       0
       0
       0
       0
       0
       0
       0
       0
       0
       0
       0
       0
       0
       0
       0
       0
       0
       0
       0
       0
       0
       0
       0
       0
       0
       0
       0
       0
       0
       0
       0
       0
       0
       0
       0
       0
       0
       0
       1
       0
       0
       0
       0
       0
       0
       0
       0
       0
       0
       0
       0
       0
       0
       0
       0
       0
       0
       0
       0
       0
       0
       0
       0
       1
       0
       0
       1
       0
       0
       0
       0
       0
       1
       0
       0
       0
       0
       0
       0
       1
       1
       0
       0
       0
       1
       0
       0
       0
       0
       0
       0
       1
       0
       0
       0
       0
       0
       0
       0
       0
       0
       0
       0
       0
       0
       0
       0
       0
       0
       0
       0
       0
       0
       0
       0
       0
       0
       0
       0
       0
       0
       0
       0
       0
       0
       0
       0
       0
       0
       0
       1
       0
       0
       0
       1
       0
       0
       0
       0
       0
       0
       0
       0
       0
       0
       0
       0
       0
       0
       0
       0
       0
       0
       0
       0
       0
       1
       0
       0
       1
       0
       0
       0
       0
       0
       0
       0
       0
       0
       0
       0
       0
       0
       0
       0
       0
       0
       0
       1
       1
       0
       0
       0
       0
       0
       0
       0
       0
       0
       0
       0
       0
       0
       1
       0
       0
       0
       0
       0
       0
       0
       0
       0
       0
       0
       1
       0
       0
       0
       1
       0
       0
       0
       0
       0
       2
       0
       1
       0
       2
       2
       0
       2
       1
       2
       1
       1
       1
       0
       1
       2
       0
       0
       0
       1
       0
       0
       0
       0
       0
       0
       0
       0
       0
       0
       0
       0
       0
       0
       0
       0
       0
       0
       0
       0
       0
       0
       0
       0
       0
       0
       0
       0
       0
       0
       0
       0
       0
       0
       0
       0
       0
       0
       0
       0
       0
       0
       0
       0
       0
       0
       0
       0
       0
       0
       0
       0
       0
       0
       0
       0
       0
       0
       0
       1
       0
       0
       0
       1
       0
       0
       0
       0
       0
       0
       0
       0
       0
       0
       0
       0
       0
       0
       0
       0
       0
       0
       0
       0
       0
       0
       0
       0
       0
       0
       0
       0
       0
       0
       0
       0
       0
       0
       0
       0
       0
       0
       0
       0
       0
       0
       0
       0
       0
       0
       0
       0
       0
       0
       0
       0
       0
       0
       0
       0
       0
       0
       0
       0
       0
       0
       0
       0
       0
       0
       0
       0
       0
       0
       0
       0
       1
       0
       0
       0
       0
       0
       0
       0
       0
       0
       0
       0
       0
       0
       0
       0
       0
       0
       0
       0
       0
       0
       0
       0
       0
       0
       0
       0
       0
       0
       1
       0
       1
       0
       0
       0
       0
       0
       0
       0
       0
       0
       0
       0
       0
       0
       0
       0
       0
       0
       0
       0
       0
       0
       0
       0
       0
       0
       0
       0
       0
       0
       0
       0
       0
       0
       0
       0
       0
       0
       1
       0
       0
       0
       0
       0
       0
       0
       0
       0
       1
       0
       0
       0
       0
       0
       0
       0
       0
       0
       0
       0
       1
       0
       0
       0
       0
       0
       0
       0
       0
       0
       0
       0
       0
       0
       0
       0
       0
       0
       0
       0
       0
       0
       0
       0
       0
       0
       0
       0
       0
       0
       0
       0
       1
       0
       0
       1
       0
       0
       0
       0
       0
       1
       0
       0
       0
       0
       0
       0
       0
       1
       0
       0
       0
       0
       0
       0
       1
       0
       0
       0
       0
       0
       0
       0
       0
       0
       0
       0
       0
       0
       0
       0
       0
       0
       0
       0
       0
       0
       0
       0
       0
       0
       0
       0
       0
       0
       0
       0
       0
       1
       1
       1
       0
       1
       0
       0
       1
       0
       0
       0
       0
       0
       0
       0
       0
       0
       0
       0
       0
       0
       0
       0
       0
       0
       0
       0
       0
       0
       0
       0
       1
       0
       0
       0
       0
       0
       0
       0
       0
       0
       0
       0
       0
       0
       0
       1
       0
       0
       0
       1
       0
       0
       0
       0
       0
       0
       0
       0
       1
       0
       0
       0
       0
       0
       0
       0
       0
       0
       0
       0
       0
       0
       0
       0
       0
       0
       0
       0
       0
       0
       0
       0
       0
       0
       1
       1
       0
       0
       0
       0
       0
       0
       0
       0
       0
       0
       1
       0
       0
       0
       0
       0
       0
       0
       0
       0
       0
       0
       0
       0
       0
       0
       0
       1
       0
       0
       0
       0
       0
       0
       0
       0
       1
       0
       1
       0
       0
       1
       0
       0
       0
       0
       0
       0
       0
       0
       0
       0
       0
       0
       0
       0
       0
       0
       0
       0
       0
       0
       0
       0
       1
       0
       0
       0
       0
       0
       0
       0
       1
       0
       0
       0
       0
       0
       0
       1
       1
       0
       0
       0
       0
       0
       0
       0
       0
       0
       0
       0
       0
       0
       0
       0
       0
       0
       0
       0
       0
       1
       0
       1
       0
       0
       0
       0
       0
       0
       0
       1
       0
       0
       0
       0
       0
       0
       1
       0
       0
       0
       1
       0
       0
       0
       0
       0
       0
       0
       0
       0
       0
       0
       0
       0
       0
       0
       0
       0
       0
       0
       0
       0
       0
       0
       0
       0
       0
       0
       0
       0
       0
       0
       0
       0
       0
       0
       0
       0
       0
       0
       0
       0
       0
       0
       0
       0
       0
       0
       0
       0
       0
       0
       0
       0
       0
       0
       0
       0
       0
       0
       0
       0
       0
       1
       0
       0
       0
       0
       0
       1
       0
       0
       0
       0
       0
       0
       0
       0
       0
       0
       0
       0
       0
       0
       0
       0
       0
       0
       0
       0
       0
       0
       1
       0
       0
       0
       0
       0
       0
       0
       0
       0
       0
       0
       0
       0
       0
       1
       0
       0
       0
       0
       0
       0
       0
       0
       0
       0
       0
       0
       0
       0
       0
       0
       0
       0
       0
       0
       0
       0
       0
       0
       0
       0
       0
       1
       0
       0
       0
       0
       0
       0
       0
       0
       0
       0
       0
       1
       0
       0
       0
       0
       0
       0
       0
       0
       0
       0
       0
       0
       0
       0
       0
       0
       0
       0
       0
       0
       0
       0
       0
       0
       0
       0
       0
       0
       0
       0
       0
       0
       0
       0
       0
       2
       0
       0
       0
       0
       0
       0
       0
       0
       0
       0
       0
       0
       0
       0
       0
       0
       0
       0
       0
       0
       0
       0
       0
       0
       0
       0
       0
       0
       0
       0
       0
       0
       0
       0
       0
       0
       0
       0
       0
       0
       0
       0
       0
       0
       0
       0
       0
       1
       0
       0
       0
       0
       0
       1
       0
       0
       0
       0
       1
       0
       0
       0
       0
       0
       0
       0
       0
       0
       0
       0
       0
       0
       0
       0
       0
       0
       0
       0
       0
       0
       0
       0
       0
       0
       0
       0
       0
       0
       0
       0
       0
       0
       0
       0
       0
       0
       0
       0
       0
       0
       0
       0
       0
       0
       0
       0
       0
       0
       0
       0
       0
       0
       0
       0
       0
       0
       0
       0
       0
       0
       0
       0
       0
       0
       0
       0
       1
       0
       0
       0
       0
       0
       0
       0
       1
       0
       0
       0
       0
       0
       0
       0
       0
       0
       0
       0
       0
       0
       0
       0
       0
       0
       0
       0
       0
       0
       0
       0
       0
       0
       0
       0
       0
       0
       0
       0
       0
       0
       0
       0
       0
       0
       0
       0
       0
       0
       0
       0
       0
       0
       0
       0
       0
       0
       1
       0
       0
       0
       0
       0
       0
       0
       0
       0
       0
       0
       1
       0
       0
       0
       0
       1
       0
       1
       0
       0
       0
       0
       0
       0
       0
       0
       0
       0
       0
       0
       0
       0
       0
       0
       0
       0
       0
       0
       0
       0
       0
       0
       0
       0
       0
       0
       0
       0
       0
       0
       0
       0
       0
       0
       0
       0
       0
       0
       0
       0
       0
       0
       0
       0
       1
       0
       0
       0
       0
       0
       0
       0
       0
       1
       0
       0
       0
       0
       0
       0
       0
       0
       0
       0
       0
       0
       0
       0
       0
       0
       0
       0
       0
       0
       0
       0
       0
       0
       0
       0
       0
       0
       0
       0
       0
       0
       0
       0
       0
       0
       0
       0
       0
       0
       0
       0
       0
       0
       0
       0
       0
       0
       0
       0
       0
       0
       0
       0
       0
       0
       0
       0
       0
       0
       0
       0
       0
       0
       0
       0
       0
       0
       0
       0
       0
       0
       0
       0
       0
       0
       0
       0
       0
       0
       0
       0
       0
       1
       0
       0
       0
       0
       0
       0
       0
       0
       0
       0
       0
       0
       0
       0
       0
       0
       0
       0
       0
       0
       0
       0
       0
       0
       0
       0
       0
       0
       0
       0
       0
       0
       0
       0
       0
       0
       0
       0
       0
       0
       0
       0
       0
       0
       0
       1
       0
       0
       0
       0
       0
       0
       0
       0
       0
       0
       0
       0
       0
       0
       0
       0
       0
       0
       0
       0
       0
       0
       0
       0
       0
       0
       0
       0
       0
       0
       0
       0
       0
       0
       0
       0
       0
       0
       0
       0
       0
       0
       0
       0
       0
       0
       0
       0
       0
       1
       0
       0
       0
       0
       0
       0
       0
       0
       0
       0
       0
       0
       0
       0
       0
       0
       0
       0
       0
       0
       0
       0
       0
       0
       0
       0
       0
       0
       0
       0
       0
       0
       0
       0
       0
       0
       0
       0
       0
       0
       0
       0
       0
       0
       0
       0
       0
       0
       0
       0
       0
       0
       0
       0
       0
       0
       0
       0
       0
       0
       0
       0
       0
       0
       0
       0
       0
       0
       0
       0
       0
       0
       0
       0
       1
       0
       0
       0
       0
       0
       0
       1
       0
       0
       0
       0
       0
       0
       0
       0
       0
       0
       0
       0
       0
       0
       0
       0
       0
       0
       0
       0
       0
       0
       0
       0
       0
       0
       0
       0
       0
       0
       0
       0
       0
       0
$ROI:
11
224 244
765 907
1350 1411
1828 1908
2525 2667
2716 2799
3716 3817
4331 4427
4564 4622
5085 5259
5690 5768
$PRESETS:
Live Time
200
0
$ENER_FIT:
0.053689 0.255148
$MCA_CAL:
3
5.368913E-002 2.551478E-001 -1.853380E-009 keV
$SHAPE_CAL:
3
6.992400E+000 7.812671E-004 -3.508660E-008
