$SPEC_ID:
No sample description was entered.
$SPEC_REM:
DET# 1
DETDESC# SPACESCIENCE7 digiBASE-RH SN 15121435
AP# Maestro Version 7.01
$DATE_MEA:
10/22/2018 15:21:55
$MEAS_TIM:
1000 1000
$DATA:
0 1023
       0
       0
       0
       0
       0
       0
       0
       0
       0
       0
       1
     225
     670
     692
     623
     635
     751
     841
     892
    1042
    1044
    1188
    1276
    1355
    1441
    1566
    1673
    1714
    1733
    1780
    1893
    1896
    1870
    1814
    1890
    1790
    1812
    1726
    1807
    1690
    1670
    1634
    1598
    1661
    1530
    1559
    1475
    1438
    1411
    1423
    1330
    1395
    1321
    1304
    1284
    1201
    1159
    1157
    1074
    1047
    1062
    1019
    1059
    1013
     955
     970
     959
     926
     891
     867
     818
     830
     846
     807
     810
     741
     754
     746
     757
     730
     717
     698
     726
     697
     624
     592
     643
     593
     622
     541
     542
     535
     521
     508
     525
     470
     495
     512
     484
     496
     435
     442
     460
     410
     429
     408
     375
     405
     377
     388
     375
     349
     361
     388
     363
     349
     336
     366
     343
     326
     314
     328
     277
     257
     305
     293
     290
     265
     280
     284
     238
     255
     268
     269
     229
     218
     229
     204
     216
     218
     210
     206
     209
     213
     183
     178
     188
     180
     193
     162
     173
     188
     183
     197
     159
     148
     171
     162
     162
     170
     151
     153
     177
     149
     144
     165
     156
     152
     145
     152
     157
     176
     145
     175
     140
     138
     130
     127
     118
     141
     146
     134
     127
     140
     136
     135
     145
     156
     126
     132
     136
     126
     130
     150
     126
     116
     124
     140
     140
     143
     117
     152
     135
     118
     127
     134
     125
     110
     141
     106
     118
     130
     140
     110
     124
     111
     100
     109
     111
     109
     100
      99
      94
     129
     122
     115
     112
     116
     121
      83
      97
     112
     104
     108
     115
     108
      90
     100
      88
      87
     115
      81
      88
      85
      95
     111
     117
     109
      92
      91
      92
      96
      97
      94
      91
      85
     114
      86
      92
     117
      93
      89
      88
     102
      95
      93
      73
     107
     105
     106
      92
      85
      98
     105
      79
      63
      84
      81
      74
     100
      93
      72
     107
     122
      82
      83
      91
     111
      90
      91
      93
      89
      82
      85
     110
      92
      87
     103
      84
      94
      88
      80
      91
     110
      79
      76
      84
      85
      93
      94
      74
      91
      90
      82
      79
      86
      90
      75
      91
      82
      63
      76
      86
      76
      70
      71
      80
      81
      77
      70
      63
      72
      79
      70
      79
      66
      61
      59
      71
      43
      75
      54
      46
      61
      73
      79
      79
      58
      55
      71
      78
      64
      64
      68
      85
      62
      75
      69
      46
      74
      66
      58
      60
      89
      91
      91
      85
      91
      67
      75
      78
     108
      99
     102
      86
     110
      90
     113
     107
      96
     106
     116
     116
     130
     106
     110
     112
     110
     118
      99
      99
     105
      85
      89
      89
      65
      81
      86
      74
      69
      67
      71
      51
      78
      64
      66
      64
      60
      62
      76
      54
      47
      48
      53
      64
      66
      65
      65
      75
      64
      70
      56
      76
      73
      90
      79
      91
      85
      95
      72
      82
      65
      76
      95
      82
      76
      81
      85
      77
      60
      76
      87
      63
      62
      58
      58
      69
      44
      59
      51
      53
      52
      43
      47
      51
      37
      51
      31
      35
      52
      45
      51
      53
      42
      52
      34
      48
      49
      42
      39
      32
      35
      36
      36
      42
      33
      44
      40
      29
      29
      34
      37
      33
      31
      24
      22
      19
      25
      21
      28
      18
      17
      25
      21
      17
      16
      20
      16
      15
      17
      15
      15
      15
       9
      16
      11
       8
       9
      11
       7
       9
      15
       7
       7
      15
       5
       7
       3
       6
      11
       8
       7
       8
      11
       5
      11
      10
       6
       9
       4
       7
       8
       6
       3
       6
       6
       4
       4
       4
       9
       3
       4
       5
       4
       8
       4
       4
       8
       5
       6
       6
       5
       5
       8
       5
       6
       6
       5
       8
      10
       3
       4
       3
       5
       3
       7
       5
       1
       6
       3
       6
       2
       8
       3
       7
       4
       4
       8
       1
       5
       2
       4
       6
       4
       3
       4
       0
       2
       3
       7
       6
       1
       3
       2
       3
       3
       4
       1
       6
       4
       1
       4
       4
       2
       3
       2
       2
       6
       1
       1
       3
       3
       2
       1
       3
       1
       1
       3
       2
       1
       3
       2
       2
       3
       1
       1
       4
       2
       4
       2
       5
       5
       0
       4
       4
       3
       1
       2
       2
       0
       0
       0
       2
       1
       3
       3
       2
       3
       1
       2
       2
       0
       1
       6
       0
       2
       2
       3
       3
       3
       2
       1
       2
       2
       1
       2
       3
       4
       1
       2
       6
       2
       1
       4
       2
       6
       2
       1
       1
       2
       4
       3
       6
       5
       0
       1
       1
       2
       7
       2
       3
       1
       2
       1
       4
       7
       7
       0
       5
       5
       3
       4
       2
       2
       1
       2
       6
       1
       4
       4
       1
       1
       2
       4
       2
       3
       2
       1
       0
       0
       2
       4
       3
       2
       4
       1
       0
       3
       1
       1
       4
       1
       2
       3
       1
       2
       1
       3
       1
       1
       2
       1
       1
       2
       0
       0
       1
       2
       0
       1
       1
       0
       3
       0
       1
       3
       1
       3
       1
       0
       0
       1
       0
       1
       1
       3
       0
       1
       0
       1
       3
       1
       1
       1
       2
       2
       0
       3
       3
       1
       2
       1
       1
       1
       3
       1
       1
       2
       1
       1
       0
       1
       1
       2
       4
       0
       0
       0
       2
       3
       1
       1
       0
       1
       1
       1
       2
       0
       1
       0
       1
       3
       1
       0
       2
       4
       5
       1
       0
       3
       0
       1
       1
       1
       0
       0
       0
       0
       2
       1
       4
       0
       0
       0
       1
       1
       1
       2
       0
       2
       1
       0
       1
       1
       2
       2
       0
       1
       1
       2
       0
       0
       0
       0
       0
       2
       1
       0
       0
       0
       0
       0
       0
       0
       0
       0
       0
       1
       0
       2
       0
       1
       1
       1
       0
       0
       0
       1
       1
       1
       0
       0
       0
       1
       0
       0
       0
       0
       0
       0
       1
       0
       0
       1
       1
       0
       1
       0
       0
       2
       0
       0
       1
       0
       0
       0
       0
       0
       0
       0
       0
       0
       0
       0
       0
       2
       0
       0
       0
       1
       0
       0
       2
       1
       0
       0
       0
       0
       1
       2
       0
       1
       0
       0
       0
       0
       0
       0
       0
       0
       0
       0
       0
       0
       1
       0
       0
       0
       0
       0
       1
       0
       1
       0
       1
       0
       0
       0
       0
       0
       1
       0
       0
       0
       0
       1
       0
       0
       0
       0
       0
       0
       0
       0
       0
       1
       0
       1
       0
       0
       0
       0
       0
       0
       0
       0
       0
       0
       1
       0
       0
       0
       1
       0
       0
       0
       1
       0
       0
       1
       0
       0
       1
       0
       0
       1
       0
       0
       0
       0
       0
       0
       1
       0
       0
       0
       0
       0
       0
       0
       0
       0
       0
       0
$ROI:
0
$PRESETS:
Live Time
1000
0
$ENER_FIT:
2.582191 3.337790
$MCA_CAL:
3
2.582191E+000 3.337790E+000 -4.023110E-005 keV
$SHAPE_CAL:
3
0.000000E+000 0.000000E+000 0.000000E+000
