$SPEC_ID:
No sample description was entered.
$SPEC_REM:
DET# 1
DETDESC# SPACESCIENCE7 digiBASE-RH SN 15121435
AP# Maestro Version 7.01
$DATE_MEA:
10/19/2018 16:15:19
$MEAS_TIM:
1000 1000
$DATA:
0 1023
       0
       0
       0
       0
       0
       0
       0
       0
       0
       0
       3
     271
     711
     670
     755
     784
     809
     900
    1003
    1103
    1195
    1337
    1412
    1519
    1561
    1645
    1881
    1812
    1868
    1840
    1962
    1950
    1848
    1871
    1976
    1902
    1846
    1865
    1746
    1745
    1687
    1744
    1687
    1692
    1616
    1552
    1527
    1443
    1470
    1420
    1417
    1442
    1255
    1297
    1355
    1204
    1198
    1140
    1112
    1146
    1046
    1138
     997
     992
    1013
    1040
     932
     978
     882
     889
     815
     838
     786
     840
     849
     776
     790
     818
     802
     747
     733
     735
     789
     733
     666
     704
     682
     640
     593
     629
     578
     595
     550
     550
     535
     551
     523
     485
     502
     461
     463
     481
     450
     484
     424
     438
     417
     428
     421
     421
     404
     403
     367
     359
     383
     368
     384
     339
     325
     355
     356
     300
     321
     352
     310
     298
     302
     264
     288
     269
     272
     259
     264
     228
     258
     259
     278
     222
     254
     236
     220
     256
     200
     216
     210
     218
     203
     224
     222
     195
     212
     175
     189
     177
     202
     174
     171
     189
     162
     186
     193
     165
     169
     173
     175
     189
     187
     185
     148
     159
     163
     176
     165
     177
     160
     160
     151
     149
     162
     160
     171
     149
     156
     162
     149
     167
     160
     152
     144
     162
     169
     143
     170
     159
     143
     149
     171
     143
     138
     143
     133
     138
     158
     139
     148
     143
     130
     164
     157
     133
     139
     134
     125
     138
     134
     148
     124
     117
     128
     120
     135
     101
     145
     107
     100
     111
     116
     121
     129
     117
     114
     113
     115
     110
     127
     153
     112
     127
     107
     112
     109
     106
     107
     122
     112
     118
     115
     101
     127
     113
     133
     118
     114
     131
     124
     110
     113
     123
     124
      93
      98
     107
     112
     116
      98
     124
      96
     100
     112
     109
     108
     119
     112
     115
     116
     132
     107
     108
     120
     125
     100
     123
     110
     120
     105
     109
     119
     122
     106
     107
     132
     130
     120
     111
      93
     119
     109
     131
     113
     117
     107
     127
     104
     108
      92
     112
     109
     112
     112
      88
      94
      95
      94
      84
     112
      98
     100
      98
      79
      86
      94
      79
      91
      93
      92
      86
      77
      95
      92
     101
      94
      73
      86
      88
      74
      85
     102
      89
      74
      68
      78
      77
      79
      67
      71
      98
      94
      78
      77
      79
      77
      77
      89
      77
      75
      85
      93
     104
      91
     105
      90
     111
     111
      98
     117
     108
     116
     124
     124
     136
     143
     147
     148
     148
     157
     138
     166
     156
     156
     159
     140
     147
     143
     132
     159
     157
     109
     129
     115
     105
      99
      91
      91
     112
     110
      98
      94
      82
      82
      81
      80
      71
      89
      68
      69
      90
      78
      76
      74
      98
     107
      76
      81
      91
      81
      98
     100
     101
      93
      88
      98
     118
      86
     123
     119
      94
     103
     103
     110
     127
      84
      97
      87
     112
      71
      85
      87
      85
      88
      74
      76
      87
      87
      66
      54
      48
      61
      67
      53
      70
      59
      53
      57
      59
      51
      59
      61
      55
      52
      55
      53
      52
      45
      54
      40
      46
      39
      41
      43
      37
      31
      31
      37
      36
      32
      29
      24
      36
      28
      29
      30
      24
      25
      14
      22
      22
      19
      12
      18
      19
      16
      17
      11
      14
      12
      11
      12
       6
      12
       9
       9
      10
      11
      12
      10
      11
       8
      10
       8
       6
       7
      14
       9
       5
       1
       5
       9
      13
       4
       7
       6
       7
       3
       7
       8
      10
       5
      11
       2
       6
       3
       9
       5
       2
       5
       2
       6
       4
       4
       7
       6
       7
       5
       9
       2
       4
       2
       5
       3
       5
       3
       4
       4
       3
       6
       3
       4
       4
       7
       4
       8
       4
       6
       8
       2
       3
       5
       3
       3
       3
       4
       5
       3
       7
       4
       3
       4
       2
       4
       5
       3
       4
       3
       4
       5
       3
       4
       2
       1
       1
       4
       3
       4
       3
       3
       3
       2
       3
       2
       0
       8
       1
       4
       3
       3
       4
       3
       1
       6
       4
       2
       3
       2
       3
       2
       3
       3
       2
       1
       4
       3
       2
       1
       1
       1
       1
       2
       5
       1
       2
       4
       3
       1
       1
       2
       0
       4
       4
       1
       3
       2
       3
       1
       4
       3
       2
       1
       2
       2
       1
       1
       3
       2
       1
       2
       3
       4
       2
       2
       2
       4
       1
       5
       2
       5
       2
       2
       1
       3
       3
       4
       3
       3
       2
       1
       2
       1
       1
       3
       2
       3
       7
       1
       3
       2
       3
       0
       0
       1
       2
       7
       1
       3
       0
       1
       0
       2
       2
       2
       0
       4
       2
       1
       1
       2
       6
       1
       5
       3
       2
       3
       1
       3
       2
       3
       2
       2
       3
       0
       1
       0
       3
       3
       2
       5
       1
       0
       1
       2
       1
       0
       0
       1
       1
       0
       1
       1
       2
       0
       2
       3
       3
       2
       3
       4
       3
       1
       0
       1
       0
       1
       1
       2
       0
       0
       1
       1
       1
       0
       1
       0
       1
       0
       1
       1
       1
       0
       2
       0
       2
       0
       1
       0
       0
       2
       1
       0
       2
       1
       0
       1
       0
       1
       2
       2
       0
       0
       1
       1
       0
       3
       2
       3
       1
       0
       0
       1
       2
       3
       3
       0
       1
       1
       2
       1
       2
       1
       0
       1
       1
       1
       1
       1
       1
       1
       2
       2
       0
       3
       1
       4
       0
       0
       0
       2
       0
       2
       1
       0
       1
       0
       0
       0
       1
       1
       0
       0
       0
       0
       2
       0
       0
       0
       1
       0
       1
       2
       0
       0
       0
       1
       0
       2
       0
       0
       1
       1
       1
       0
       0
       0
       0
       0
       0
       0
       0
       1
       0
       1
       1
       1
       0
       0
       0
       0
       0
       1
       0
       0
       0
       0
       0
       0
       0
       1
       0
       1
       0
       0
       0
       0
       0
       0
       0
       1
       0
       0
       0
       0
       0
       0
       0
       0
       0
       0
       0
       1
       0
       0
       0
       0
       0
       0
       1
       1
       0
       0
       0
       0
       1
       0
       0
       0
       0
       1
       0
       0
       0
       0
       0
       0
       0
       1
       1
       1
       0
       0
       0
       0
       0
       1
       0
       0
       0
       0
       0
       1
       1
       0
       0
       0
       0
       1
       0
       0
       0
       1
       0
       0
       0
       0
       0
       0
       1
       1
       1
       0
       0
       0
       1
       0
       1
       1
       0
       0
       0
       0
       0
       0
       1
       1
       1
       0
       0
       0
       0
       0
       0
       0
       0
       0
       0
       0
       0
       0
       0
       0
       0
       0
       0
       0
       0
       1
       0
       0
       0
       0
       0
       0
       0
       0
       1
       0
       0
       0
       1
       1
       1
       0
       0
       0
       0
       0
       0
$ROI:
0
$PRESETS:
Live Time
1000
0
$ENER_FIT:
2.582191 3.337790
$MCA_CAL:
3
2.582191E+000 3.337790E+000 -4.023110E-005 keV
$SHAPE_CAL:
3
0.000000E+000 0.000000E+000 0.000000E+000
