$SPEC_ID:
No sample description was entered.
$SPEC_REM:
DET# 1
DETDESC# SPACESCIENCE7 digiBASE-RH SN 15121435
AP# Maestro Version 7.01
$DATE_MEA:
10/22/2018 15:04:43
$MEAS_TIM:
1000 1000
$DATA:
0 1023
       0
       0
       0
       0
       0
       0
       0
       0
       0
       0
       1
     233
     623
     615
     635
     674
     705
     798
     910
     925
    1040
    1260
    1273
    1422
    1502
    1559
    1681
    1772
    1817
    1830
    1924
    1789
    1925
    1829
    1830
    1810
    1771
    1770
    1671
    1728
    1627
    1600
    1645
    1510
    1571
    1456
    1479
    1422
    1403
    1404
    1358
    1308
    1318
    1273
    1252
    1206
    1182
    1094
    1175
    1094
    1080
    1069
     994
     948
     985
     962
     916
     903
     890
     878
     832
     779
     786
     781
     814
     771
     719
     733
     750
     693
     724
     692
     691
     646
     638
     668
     659
     639
     572
     559
     515
     537
     524
     513
     507
     475
     486
     427
     440
     426
     444
     453
     450
     442
     452
     434
     388
     406
     386
     371
     380
     363
     362
     314
     330
     324
     314
     303
     313
     314
     296
     312
     302
     296
     263
     263
     260
     254
     252
     253
     226
     212
     204
     221
     190
     211
     199
     211
     185
     227
     180
     207
     186
     199
     162
     189
     178
     188
     171
     151
     180
     158
     174
     198
     186
     159
     135
     155
     164
     150
     156
     143
     155
     143
     165
     151
     169
     143
     121
     131
     165
     149
     142
     138
     120
     144
     136
     143
     157
     142
     139
     143
     132
     138
     148
     121
     108
     134
     140
     115
     109
     151
     137
     114
     123
     134
     148
     140
     146
     124
     128
     144
     124
     120
     134
     122
     111
     129
     131
     100
     123
      99
     127
     109
      89
      89
     109
     118
     110
      96
     108
     101
     112
     114
     111
      84
      88
     107
      98
      98
     102
     117
      83
      94
      98
      91
      91
      76
      78
      81
     104
      85
      86
      96
      88
      96
      88
      73
      76
      85
      87
      84
      99
      88
      84
      86
     101
      94
      81
      99
      89
      78
      91
     104
      87
      86
      91
      88
     112
      83
      89
      80
      88
      90
      89
      98
      90
      98
      99
      89
      67
     101
      85
      83
      88
      88
      85
      95
      67
      66
      76
     101
      77
      91
      69
      75
      83
      81
      93
      92
      68
      74
      90
      80
      85
      88
      86
      81
      67
      75
      86
      79
      95
      86
      80
      80
      70
      76
      70
      73
      78
      67
      57
      72
      62
      71
      78
      83
      62
      66
      59
      74
      54
      73
      63
      59
      65
      59
      68
      58
      69
      59
      63
      61
      41
      60
      75
      55
      55
      45
      65
      58
      56
      67
      64
      76
      67
      59
      66
      76
      75
      52
      65
      78
      50
      58
      85
      76
      82
      57
      73
      89
      95
      94
      93
     111
     100
     111
      78
      82
     117
     100
      79
     101
      76
     123
      98
      98
      95
      84
      92
      78
      94
      73
      63
      75
      55
      63
      76
      69
      63
      70
      51
      64
      56
      53
      51
      69
      62
      53
      52
      57
      56
      54
      60
      66
      59
      43
      61
      45
      67
      61
      53
      74
      64
      59
      63
      69
      73
      75
      69
      84
      73
      76
      65
      62
      53
      59
      62
      68
      65
      57
      53
      51
      53
      65
      41
      41
      67
      38
      43
      45
      44
      50
      32
      49
      36
      37
      37
      47
      39
      36
      34
      48
      40
      34
      56
      28
      32
      32
      28
      35
      34
      28
      36
      32
      35
      34
      32
      32
      26
      24
      32
      34
      32
      28
      32
      23
      18
      13
      15
      18
      21
      11
      12
      16
      15
       8
      21
      17
       6
      15
      12
       9
      12
       9
       9
       8
       8
       5
       7
      12
       3
       8
       5
      11
       8
      11
       8
       6
      11
       7
      11
       7
       6
       9
       6
       7
       7
       3
       3
       8
       5
      10
       7
       8
       6
       6
       6
       5
      13
       4
       6
       5
       4
       2
       5
       9
       8
       7
       4
       5
       6
       9
       7
       6
       6
       5
       9
       5
       7
       4
       3
       5
       3
       2
       6
       1
       3
       3
       3
       5
       7
       2
       2
       6
       2
       4
       4
       7
       3
       3
       3
       6
       4
       0
       6
       5
       6
       0
       3
       2
       2
       4
       4
       1
       0
       1
       1
       4
       3
       1
       1
       5
       3
       5
       4
       5
       1
       2
       2
       2
       1
       1
       5
       6
       2
       2
       3
       4
       1
       4
       1
       2
       2
       1
       4
       2
       4
       1
       0
       4
       5
       2
       1
       3
       2
       5
       6
       0
       3
       1
       1
       5
       3
       3
       5
       4
       0
       7
       2
       1
       3
       4
       1
       2
       1
       3
       2
       5
       1
       2
       1
       1
       6
       1
       2
       2
       2
       1
       2
       2
       2
       4
       4
       2
       2
       0
       2
       1
       3
       8
       3
       3
       3
       3
       2
       2
       7
       4
       2
       4
       0
       5
       4
       2
       5
       1
       3
       4
       1
       5
       4
       1
       2
       2
       1
       1
       4
       1
       1
       0
       3
       2
       1
       3
       3
       1
       4
       2
       2
       2
       3
       3
       3
       2
       0
       2
       1
       1
       3
       2
       1
       0
       0
       2
       2
       1
       3
       2
       1
       2
       3
       1
       3
       2
       3
       1
       3
       1
       1
       1
       2
       0
       3
       1
       1
       0
       0
       1
       1
       1
       1
       1
       0
       2
       0
       3
       1
       0
       1
       0
       0
       3
       4
       2
       3
       6
       1
       0
       1
       1
       1
       0
       1
       1
       0
       2
       2
       0
       0
       0
       0
       0
       1
       2
       1
       1
       1
       0
       0
       1
       1
       3
       2
       1
       2
       0
       2
       1
       2
       1
       1
       2
       1
       4
       1
       2
       1
       1
       0
       2
       0
       1
       1
       3
       1
       1
       0
       1
       1
       1
       1
       0
       0
       1
       1
       0
       0
       2
       2
       2
       1
       1
       0
       0
       1
       0
       1
       1
       1
       0
       0
       0
       0
       0
       0
       0
       2
       1
       0
       0
       0
       0
       0
       1
       0
       0
       0
       0
       0
       0
       0
       1
       0
       1
       0
       0
       0
       0
       1
       0
       0
       2
       0
       0
       0
       0
       0
       0
       0
       0
       0
       2
       0
       0
       0
       0
       1
       0
       1
       0
       0
       1
       0
       0
       1
       0
       0
       0
       0
       1
       1
       1
       0
       0
       0
       0
       0
       0
       0
       2
       1
       0
       1
       0
       0
       1
       0
       0
       1
       0
       0
       0
       0
       0
       0
       0
       0
       1
       0
       0
       1
       0
       0
       0
       0
       0
       2
       0
       0
       0
       1
       0
       0
       0
       0
       0
       0
       0
       0
       0
       0
       0
       0
       0
       0
       0
       0
       0
       1
       2
       1
       1
       0
       0
       0
       0
       0
       0
       0
       0
       0
       0
       0
       0
       0
       0
       0
       0
       0
       0
       0
       0
       0
       0
       0
       0
       1
       0
       0
       0
       0
       0
       0
       0
       1
       0
       0
       1
       0
       0
       0
       0
       0
       0
       0
       0
       0
       0
       0
       0
       0
       0
$ROI:
0
$PRESETS:
Live Time
1000
0
$ENER_FIT:
2.582191 3.337790
$MCA_CAL:
3
2.582191E+000 3.337790E+000 -4.023110E-005 keV
$SHAPE_CAL:
3
0.000000E+000 0.000000E+000 0.000000E+000
