$SPEC_ID:
No sample description was entered.
$SPEC_REM:
DET# 1
DETDESC# SPACESCIENCE7 digiBASE-RH SN 15121435
AP# Maestro Version 7.01
$DATE_MEA:
10/15/2018 16:27:21
$MEAS_TIM:
2000 2001
$DATA:
0 1023
       0
       0
       0
       0
       0
       0
       0
       0
       0
       0
       4
     481
    1572
    1575
    1617
    1746
    1907
    2187
    2362
    2676
    2908
    3110
    3446
    3588
    3695
    3965
    3920
    4070
    4181
    4060
    4049
    4056
    3992
    4049
    3996
    3709
    3745
    3744
    3571
    3438
    3497
    3259
    3223
    3156
    2989
    2956
    2977
    2878
    2760
    2661
    2649
    2534
    2390
    2361
    2282
    2329
    2156
    2127
    2079
    2093
    1959
    1972
    1940
    1899
    1806
    1879
    1766
    1731
    1775
    1629
    1585
    1629
    1515
    1550
    1496
    1471
    1447
    1428
    1400
    1327
    1256
    1196
    1173
    1199
    1157
    1041
    1077
    1025
     943
    1042
     979
     978
     957
     911
     889
     854
     834
     846
     822
     795
     799
     721
     744
     740
     751
     701
     711
     737
     666
     642
     627
     648
     626
     604
     586
     584
     569
     518
     560
     512
     488
     475
     465
     478
     436
     463
     443
     418
     439
     403
     428
     395
     406
     381
     366
     380
     335
     376
     365
     350
     359
     372
     341
     343
     363
     345
     357
     329
     336
     327
     350
     320
     322
     296
     319
     334
     308
     308
     311
     275
     273
     309
     275
     298
     295
     288
     286
     246
     262
     268
     275
     271
     246
     262
     273
     265
     274
     268
     260
     274
     277
     258
     271
     272
     265
     255
     252
     250
     296
     287
     257
     271
     257
     253
     246
     248
     222
     232
     237
     205
     244
     248
     235
     239
     212
     242
     205
     213
     190
     235
     209
     213
     235
     212
     170
     185
     190
     184
     203
     189
     197
     191
     210
     215
     180
     200
     201
     187
     189
     164
     177
     190
     196
     178
     193
     182
     171
     180
     178
     192
     178
     171
     185
     181
     158
     158
     181
     172
     182
     158
     178
     157
     172
     168
     185
     172
     191
     167
     175
     169
     175
     165
     164
     174
     200
     150
     159
     180
     163
     181
     182
     190
     183
     179
     167
     176
     173
     196
     166
     170
     188
     147
     170
     195
     157
     158
     158
     163
     181
     163
     156
     144
     159
     143
     164
     134
     143
     135
     136
     157
     127
     155
     135
     138
     142
     140
     113
     132
     147
     115
     136
     122
     132
     124
     135
     150
     117
     135
     136
     129
     117
     114
     133
     113
     126
     111
     131
     126
     134
     134
     124
     124
     125
     135
     150
     134
     150
     156
     122
     141
     153
     137
     169
     189
     182
     175
     192
     191
     180
     206
     227
     214
     217
     213
     201
     236
     200
     218
     191
     206
     194
     180
     159
     192
     150
     152
     142
     170
     150
     148
     117
     126
     110
     109
     117
     107
      93
     113
     108
     111
      96
     117
     114
      87
     107
     112
     111
     137
     130
     128
     119
     121
     158
     138
     126
     143
     144
     126
     133
     137
     161
     160
     163
     142
     148
     173
     152
     123
     126
     131
     105
     139
     109
     141
     108
     101
      94
      94
      86
      78
      96
      79
      88
      78
      84
      68
      88
      73
      87
      66
      89
      87
      78
      72
      70
      88
      79
      85
      74
     101
      74
      81
      76
      58
      52
      61
      61
      62
      62
      57
      43
      54
      44
      40
      39
      41
      36
      28
      41
      36
      28
      35
      26
      26
      29
      34
      26
      28
      20
      15
      24
      24
      23
      22
      17
      31
      22
      14
      23
      20
      24
      20
      19
      18
      12
      14
      16
      14
      12
      14
      11
      10
      15
      14
      11
      13
      12
       8
      10
      14
       5
      12
       9
      17
      17
      11
      14
      16
       5
      11
       8
      14
      11
      14
       7
      14
       9
       7
      18
      10
       7
      13
      10
       9
       9
       9
      15
      12
       9
       6
      11
       6
       9
      15
       4
      14
       8
       6
       6
       7
       8
      14
      13
      14
       8
       3
       6
       7
       7
      11
       6
       4
       6
       6
       6
       8
       7
      10
       9
       8
       7
       6
       4
      10
       3
      14
       5
       6
       3
       2
       3
       7
       9
       6
       8
       5
       5
       5
       3
       5
       7
       5
       7
       6
       7
       1
       6
       3
       2
       8
       9
       6
       3
       2
       7
       4
       8
       4
       2
       5
       6
       1
       5
       1
       6
       1
       2
       9
       7
       3
       6
       6
       6
       6
       3
       4
       4
       5
       2
       5
       7
       5
       5
       4
       7
       8
       8
       4
       1
       8
       6
       1
       3
       8
       5
       1
       8
       5
       5
       1
       4
       1
       5
       9
       4
       7
       3
       4
       4
       5
       3
       0
       5
       3
       1
       5
       3
       8
       3
       3
       6
       3
       4
       5
       2
       2
       4
       4
       4
       1
       4
       6
       3
       2
       2
       1
       3
       2
       1
       4
       6
       0
       7
       6
       1
       2
       1
       2
       7
       2
       3
       1
       3
       2
       3
       3
       4
       2
       1
       5
       1
       3
       1
       4
       1
       1
       2
       2
       3
       2
       1
       1
       4
       0
       5
       1
       0
       5
       3
       4
       1
       2
       2
       0
       1
       3
       2
       0
       3
       4
       2
       2
       1
       7
       2
       2
       1
       2
       5
       4
       2
       3
       6
       1
       5
       1
       2
       4
       3
       5
       2
       5
       3
       4
       4
       1
       3
       5
       2
       2
       3
       3
       1
       1
       2
       6
       1
       2
       2
       2
       3
       1
       1
       4
       1
       2
       2
       1
       0
       1
       1
       2
       1
       1
       0
       0
       2
       0
       1
       0
       1
       2
       0
       1
       0
       4
       0
       2
       1
       2
       1
       0
       0
       1
       0
       1
       1
       2
       2
       1
       1
       3
       2
       0
       1
       0
       0
       1
       2
       1
       2
       0
       2
       0
       0
       0
       0
       0
       5
       1
       0
       0
       0
       1
       0
       0
       0
       2
       0
       1
       0
       0
       0
       0
       0
       0
       0
       0
       0
       0
       0
       0
       1
       0
       0
       0
       1
       0
       1
       1
       2
       0
       0
       0
       0
       0
       0
       2
       0
       1
       0
       0
       0
       0
       1
       1
       0
       1
       1
       1
       0
       0
       0
       0
       0
       0
       1
       1
       0
       0
       0
       0
       0
       0
       1
       0
       0
       0
       1
       0
       1
       0
       1
       0
       4
       1
       0
       1
       0
       1
       0
       2
       0
       1
       0
       1
       0
       0
       1
       0
       1
       0
       0
       0
       0
       0
       1
       1
       1
       0
       0
       0
       0
       2
       0
       0
       1
       1
       1
       1
       1
       0
       0
       1
       0
       0
       0
       0
       1
       0
       1
       0
       0
       0
       0
       0
       0
       0
       0
       2
       0
       0
       0
       1
       1
       0
       0
       1
       0
       0
       0
       0
       0
       1
       0
       1
       0
       0
       0
       0
       0
       0
       0
       1
       0
       0
       0
       0
       0
       0
       0
       0
       0
       1
       0
       0
       2
       0
       1
       0
       0
       0
       0
       0
       0
       1
       0
       0
       1
       0
       1
       1
       0
       0
       2
       1
       1
       0
       0
       1
       0
       1
       1
       0
$ROI:
0
$PRESETS:
Live Time
2000
0
$ENER_FIT:
2.582191 3.337790
$MCA_CAL:
3
2.582191E+000 3.337790E+000 -4.023110E-005 keV
$SHAPE_CAL:
3
0.000000E+000 0.000000E+000 0.000000E+000
