$SPEC_ID:
No sample description was entered.
$SPEC_REM:
DET# 1
DETDESC# SPACESCIENCE7 digiBASE-RH SN 15121435
AP# Maestro Version 7.01
$DATE_MEA:
10/19/2018 15:33:59
$MEAS_TIM:
1000 1000
$DATA:
0 1023
       0
       0
       0
       0
       0
       0
       0
       0
       0
       0
       2
     259
     710
     731
     760
     845
     817
     934
    1004
    1187
    1234
    1339
    1465
    1534
    1584
    1708
    1791
    1856
    1972
    1960
    2025
    2048
    2046
    1860
    1957
    1904
    1944
    1904
    1912
    1856
    1806
    1862
    1763
    1774
    1703
    1687
    1609
    1606
    1563
    1508
    1440
    1414
    1374
    1357
    1361
    1279
    1269
    1241
    1199
    1215
    1187
    1104
    1083
    1103
    1099
    1092
    1080
    1038
     914
     922
    1012
     982
     912
     867
     864
     827
     883
     872
     850
     811
     792
     781
     800
     733
     772
     696
     681
     677
     658
     636
     652
     652
     622
     584
     584
     559
     568
     581
     541
     508
     539
     517
     540
     549
     563
     508
     444
     490
     444
     423
     482
     422
     454
     379
     400
     419
     390
     376
     418
     357
     361
     395
     384
     367
     321
     331
     347
     330
     328
     281
     300
     299
     301
     293
     269
     282
     278
     277
     285
     256
     281
     266
     239
     270
     236
     225
     226
     243
     215
     247
     216
     206
     229
     233
     219
     234
     201
     197
     201
     210
     195
     197
     221
     201
     190
     189
     202
     184
     187
     199
     186
     186
     191
     168
     192
     197
     181
     203
     171
     173
     191
     177
     186
     196
     191
     174
     157
     172
     178
     161
     171
     174
     185
     165
     163
     165
     164
     180
     173
     204
     172
     161
     171
     169
     171
     165
     176
     172
     161
     186
     179
     180
     176
     186
     166
     163
     180
     186
     164
     151
     168
     175
     154
     183
     129
     154
     172
     155
     155
     139
     149
     151
     147
     157
     155
     137
     145
     153
     155
     162
     141
     130
     153
     149
     140
     143
     144
     145
     137
     141
     131
     133
     146
     119
     133
     130
     150
     136
     129
     144
     137
     141
     111
     142
     128
     116
     129
     125
     143
     146
     135
     126
     131
     132
     140
     139
     122
     136
     150
     124
     129
     110
     144
     131
     148
     146
     120
     129
     119
     132
     130
     130
     114
     141
     141
     108
     135
     133
     142
     146
     128
     136
     136
     136
     120
     125
     120
     127
     138
     130
     112
     113
     121
     121
     122
     100
      97
     130
     100
      96
     112
     108
     106
      84
     118
     115
     107
     120
     113
      92
     109
     105
      83
      96
      93
      90
     102
     117
      93
      99
     110
      82
     124
      88
      99
      98
      96
     114
     107
      89
      88
      97
     122
      92
      98
     114
     113
     118
      99
     102
     124
     108
     113
     135
     123
     122
     126
     143
     162
     147
     141
     142
     137
     147
     162
     189
     169
     185
     183
     163
     172
     170
     188
     150
     159
     169
     138
     143
     141
     158
     152
     135
     135
     118
     109
     133
     106
     110
     117
      88
     103
      91
      88
      90
     112
      94
      87
      95
      94
     102
      96
      95
     102
     109
     105
     121
     120
     129
     111
     108
     127
     113
     125
     121
     128
     128
     136
     127
     123
     118
     116
     137
     100
     126
     124
     134
     125
     104
     113
      86
      82
      96
      88
      91
      82
      80
      73
      76
      72
      69
      76
      63
      67
      49
      62
      55
      55
      61
      56
      73
      67
      57
      56
      54
      55
      43
      40
      49
      47
      42
      50
      34
      49
      38
      36
      35
      36
      31
      25
      30
      34
      29
      30
      23
      24
      24
      24
      20
      28
      18
      19
      14
      14
      21
      16
      11
      12
      16
      16
      12
       4
      11
      12
      16
       9
       9
      11
      13
       8
      11
       9
      14
       8
       9
       5
       8
       8
       8
       6
      13
      10
      10
       5
       2
       7
       9
       3
       6
       7
       6
       6
       5
       5
       5
       3
       3
       8
       4
       8
       4
       7
      10
       5
       3
       6
       4
       1
       9
       6
       4
       6
       5
      10
      11
       7
       2
       3
       4
       5
       6
       5
       4
       6
       4
       7
       4
       2
       5
       6
       3
       5
       1
       4
       5
       6
       2
       2
       4
       0
       1
       5
       5
       2
       1
       3
       4
       5
       2
       3
       4
       1
       4
       5
       3
       4
       1
       5
       0
       1
       2
       3
       1
       1
       1
       3
       3
       4
       7
       2
       1
       3
       4
       0
       1
       1
       3
       1
       4
       4
       6
       2
       2
       1
       2
       3
       3
       4
       2
       2
       2
       1
       5
       0
       6
       2
       2
       1
       1
       3
       3
       2
       3
       0
       4
       2
       2
       5
       4
       1
       5
       3
       2
       4
       5
       0
       4
       3
       3
       0
       2
       2
       4
       0
       3
       3
       2
       1
       1
       2
       2
       0
       5
       5
       2
       3
       4
       2
       2
       0
       5
       3
       2
       1
       3
       4
       3
       1
       1
       2
       6
       2
       0
       4
       3
       2
       2
       4
       1
       2
       4
       3
       1
       3
       1
       2
       3
       4
       2
       4
       1
       2
       1
       1
       0
       2
       1
       4
       2
       3
       0
       3
       1
       1
       2
       1
       4
       2
       0
       3
       5
       1
       2
       2
       1
       2
       0
       1
       3
       2
       0
       3
       1
       0
       0
       1
       1
       2
       1
       0
       0
       0
       0
       1
       1
       0
       0
       2
       4
       1
       2
       0
       1
       3
       0
       4
       0
       2
       0
       1
       1
       1
       2
       2
       1
       2
       0
       2
       1
       2
       0
       0
       2
       2
       1
       2
       1
       3
       1
       1
       4
       1
       2
       1
       2
       1
       2
       0
       3
       2
       1
       0
       2
       3
       2
       2
       1
       1
       0
       1
       5
       2
       1
       0
       2
       2
       1
       1
       2
       2
       4
       1
       1
       1
       0
       0
       1
       1
       0
       1
       0
       3
       1
       2
       1
       0
       1
       2
       0
       0
       1
       1
       1
       0
       1
       1
       0
       1
       1
       1
       1
       1
       1
       0
       1
       0
       0
       1
       1
       1
       0
       2
       0
       0
       0
       2
       1
       2
       1
       0
       1
       0
       0
       0
       0
       1
       0
       1
       0
       2
       0
       0
       1
       1
       0
       1
       0
       0
       0
       0
       1
       0
       0
       0
       0
       0
       0
       0
       0
       0
       0
       0
       0
       0
       0
       0
       0
       1
       0
       0
       0
       0
       0
       0
       0
       0
       1
       0
       0
       0
       0
       0
       0
       0
       0
       0
       0
       0
       0
       0
       0
       0
       0
       0
       1
       0
       0
       0
       0
       1
       0
       1
       0
       1
       0
       1
       0
       0
       0
       0
       0
       1
       0
       2
       0
       0
       0
       0
       0
       0
       0
       0
       0
       1
       0
       4
       0
       0
       0
       0
       0
       0
       1
       1
       0
       0
       0
       0
       0
       0
       0
       0
       0
       0
       0
       0
       0
       0
       0
       1
       1
       0
       0
       0
       0
       0
       0
       0
       0
       0
       2
       0
       0
       0
       0
       0
       0
       1
       0
       0
       0
       0
       1
       0
       1
       0
       0
       0
       0
       0
       0
       0
       0
       0
       0
$ROI:
0
$PRESETS:
Live Time
1000
0
$ENER_FIT:
2.582191 3.337790
$MCA_CAL:
3
2.582191E+000 3.337790E+000 -4.023110E-005 keV
$SHAPE_CAL:
3
0.000000E+000 0.000000E+000 0.000000E+000
