$SPEC_ID:
No sample description was entered.
$SPEC_REM:
DET# 1
DETDESC# SPACESCIENCE7 digiBASE-RH SN 15121435
AP# Maestro Version 7.01
$DATE_MEA:
10/19/2018 17:14:50
$MEAS_TIM:
1000 1000
$DATA:
0 1023
       0
       0
       0
       0
       0
       0
       0
       0
       0
       0
       0
     239
     678
     681
     723
     747
     729
     872
     901
     999
    1173
    1276
    1267
    1504
    1545
    1631
    1703
    1704
    1846
    1923
    1922
    1869
    1850
    1791
    1875
    1823
    1821
    1790
    1852
    1773
    1725
    1673
    1664
    1607
    1553
    1541
    1487
    1454
    1444
    1431
    1405
    1318
    1352
    1263
    1296
    1177
    1222
    1145
    1188
    1089
    1067
    1033
    1048
    1006
     970
     981
     893
     906
     895
     875
     920
     848
     850
     817
     781
     785
     797
     721
     741
     749
     726
     689
     693
     659
     648
     654
     606
     607
     596
     583
     516
     519
     498
     485
     528
     476
     439
     465
     433
     451
     425
     423
     432
     402
     422
     367
     376
     384
     337
     340
     315
     353
     320
     323
     335
     347
     315
     337
     269
     324
     293
     288
     254
     286
     282
     266
     257
     224
     206
     267
     242
     217
     218
     197
     219
     232
     212
     219
     195
     209
     201
     170
     192
     205
     207
     182
     166
     165
     187
     185
     175
     148
     154
     164
     172
     157
     150
     180
     151
     148
     129
     161
     149
     150
     158
     162
     152
     146
     137
     118
     134
     148
     142
     148
     150
     133
     137
     124
     142
     139
     113
     137
     126
     118
     148
     128
     127
     140
     127
     137
     126
     128
     143
     117
     127
     119
     124
     148
     129
     112
     121
     126
     128
     121
      99
     117
     101
     114
     138
     104
     116
     129
     114
     110
     100
      99
      73
     107
     123
     104
     108
     109
     119
      94
      89
      99
      92
      99
      82
      98
      85
      92
      93
      78
      98
      98
      85
      92
      80
      78
      80
      93
      99
     109
      95
      83
      75
      86
      80
      87
      79
      98
      83
      92
      92
      90
      93
      89
      83
      89
      80
      94
      77
      83
     106
      80
      76
      78
      71
      87
      77
      91
     100
      87
      83
      79
      75
      80
      90
      87
      77
      75
      75
     118
      75
      93
      88
      69
      84
      85
     103
      79
      70
      72
      92
      93
      88
      83
      83
      77
      86
      73
      73
      77
      65
      94
      86
      81
      85
      84
      76
      69
      71
      60
      73
      63
      78
      79
      52
      60
      62
      71
      85
      54
      74
      66
      63
      52
      69
      69
      61
      64
      84
      63
      55
      58
      51
      66
      63
      42
      59
      68
      58
      71
      64
      57
      51
      60
      57
      69
      59
      70
      53
      68
      58
      70
      67
      77
      67
      67
      66
      66
      67
      81
      90
      83
      71
      88
      78
      90
      78
      82
      93
      99
      95
     100
     100
      85
      97
      97
      92
      88
      88
      86
      86
      91
      91
      70
      86
      83
      73
      83
      55
      77
      65
      58
      70
      50
      61
      40
      57
      57
      43
      46
      35
      54
      42
      55
      45
      49
      51
      55
      56
      57
      58
      56
      70
      63
      54
      69
      67
      81
      75
      81
      75
      83
      62
      73
      60
      66
      76
      61
      59
      71
      76
      65
      62
      61
      63
      49
      55
      47
      48
      52
      57
      45
      42
      48
      51
      47
      29
      30
      41
      40
      39
      37
      45
      41
      46
      44
      40
      43
      43
      46
      33
      29
      31
      37
      35
      34
      33
      30
      32
      42
      22
      27
      38
      25
      28
      30
      22
      23
      25
      19
      14
      20
      24
      18
      22
      19
      18
      21
      11
      16
      10
      12
      11
      17
      14
      17
       9
      16
      12
       6
      11
      14
       6
      10
      10
      12
      10
      10
       9
      11
       6
       9
       5
       8
       9
       3
       5
       7
       4
       9
       5
       6
       5
       6
       9
       6
       8
       4
       2
       4
       3
       2
       5
       7
       6
       7
       8
       4
       6
       4
       3
       4
       5
       9
       6
       1
       3
       4
       6
       9
       3
       1
       7
       3
       5
       5
       6
       4
       2
       8
       5
       5
       6
       8
       3
       4
       4
       3
       1
       3
       0
       7
       5
       2
       2
       1
       6
       3
       4
       3
       2
       3
       5
       1
       4
       4
       4
       2
       4
       2
       1
       2
       2
       3
       3
       5
       4
       1
       2
       1
       1
       5
       2
       3
       3
       0
       2
       4
       1
       1
       0
       2
       2
       0
       3
       0
       1
       2
       2
       2
       1
       0
       2
       3
       3
       1
       1
       3
       1
       0
       2
       0
       0
       1
       1
       8
       2
       2
       3
       3
       3
       3
       1
       2
       4
       0
       0
       2
       1
       2
       2
       1
       2
       2
       2
       0
       4
       3
       0
       5
       1
       5
       2
       3
       0
       4
       2
       0
       7
       2
       0
       3
       6
       4
       0
       4
       2
       7
       3
       6
       4
       3
       4
       1
       0
       1
       2
       1
       1
       2
       1
       3
       1
       2
       4
       5
       1
       3
       2
       1
       3
       1
       1
       3
       3
       1
       4
       2
       2
       1
       3
       1
       1
       1
       0
       1
       2
       1
       3
       5
       0
       6
       3
       0
       1
       1
       0
       2
       1
       1
       2
       3
       1
       4
       0
       1
       2
       2
       3
       3
       2
       3
       0
       1
       2
       1
       1
       0
       2
       7
       1
       1
       1
       1
       0
       0
       1
       1
       1
       1
       0
       0
       0
       0
       2
       1
       2
       1
       1
       0
       2
       2
       3
       1
       0
       3
       1
       2
       0
       1
       1
       0
       3
       1
       3
       0
       0
       1
       2
       1
       2
       3
       1
       1
       2
       2
       0
       3
       3
       0
       3
       0
       1
       3
       2
       1
       1
       1
       0
       2
       1
       2
       0
       0
       1
       0
       1
       1
       1
       3
       2
       1
       1
       0
       1
       1
       1
       1
       2
       3
       0
       0
       0
       2
       2
       1
       0
       0
       0
       1
       1
       0
       0
       0
       0
       0
       0
       1
       0
       1
       0
       0
       0
       0
       0
       1
       1
       0
       0
       0
       1
       1
       3
       1
       0
       0
       0
       0
       0
       0
       0
       0
       0
       1
       0
       1
       0
       1
       2
       0
       0
       0
       0
       0
       0
       1
       2
       0
       1
       0
       0
       1
       0
       0
       1
       0
       0
       0
       0
       0
       0
       0
       0
       0
       0
       0
       0
       0
       1
       1
       1
       0
       0
       0
       1
       0
       1
       0
       1
       0
       0
       0
       0
       0
       0
       0
       0
       1
       0
       0
       0
       0
       0
       0
       0
       0
       2
       0
       0
       0
       0
       0
       1
       0
       1
       0
       0
       0
       0
       0
       0
       0
       0
       1
       0
       0
       0
       0
       1
       0
       0
       0
       0
       0
       0
       1
       0
       0
       0
       0
       0
       1
       0
       2
       0
       0
       0
       1
       0
       0
       0
       0
       0
       1
       0
       0
       0
       0
       0
       0
       0
       0
       0
       0
       0
       0
       0
       0
       0
       0
       0
       0
       1
       0
       0
       0
       0
       1
       1
       0
       0
       0
       0
       2
       0
       0
       0
       0
       0
       0
$ROI:
0
$PRESETS:
Live Time
1000
0
$ENER_FIT:
2.582191 3.337790
$MCA_CAL:
3
2.582191E+000 3.337790E+000 -4.023110E-005 keV
$SHAPE_CAL:
3
0.000000E+000 0.000000E+000 0.000000E+000
