$SPEC_ID:
No sample description was entered.
$SPEC_REM:
DET# 1
DETDESC# SPACESCIENCE7 digiBASE-RH SN 15121435
AP# Maestro Version 7.01
$DATE_MEA:
10/19/2018 16:33:11
$MEAS_TIM:
1000 1000
$DATA:
0 1023
       0
       0
       0
       0
       0
       0
       0
       0
       0
       0
       0
     233
     766
     735
     692
     744
     790
     843
     956
    1046
    1154
    1270
    1357
    1476
    1582
    1649
    1711
    1856
    1885
    1961
    2009
    1837
    1892
    1898
    1828
    1877
    1808
    1865
    1855
    1750
    1729
    1698
    1586
    1715
    1527
    1585
    1534
    1485
    1468
    1445
    1400
    1388
    1333
    1288
    1334
    1204
    1237
    1118
    1062
    1149
    1064
    1053
     956
    1061
     984
     981
     936
     854
     897
     898
     927
     856
     873
     857
     810
     760
     790
     821
     738
     748
     757
     739
     708
     686
     669
     647
     652
     604
     632
     572
     561
     538
     537
     495
     509
     499
     484
     498
     449
     450
     451
     460
     430
     468
     454
     410
     417
     404
     407
     400
     372
     390
     353
     351
     355
     344
     364
     338
     319
     329
     351
     317
     278
     323
     286
     268
     281
     251
     274
     250
     245
     242
     235
     238
     233
     245
     227
     247
     213
     222
     225
     217
     223
     207
     194
     209
     204
     191
     217
     194
     177
     172
     152
     194
     166
     149
     170
     161
     173
     171
     158
     162
     143
     170
     137
     148
     175
     161
     158
     159
     138
     154
     152
     137
     181
     134
     151
     134
     151
     139
     160
     113
     129
     136
     143
     135
     149
     142
     149
     123
     134
     131
     136
     123
     152
     135
     156
     132
     134
     142
     140
     147
     122
     118
     116
     149
     146
     130
     127
     116
     135
     139
     138
     139
     114
     117
     131
     119
     121
     123
     127
     112
     112
     132
     111
     115
     113
     114
     105
     116
     108
     106
     108
     117
     107
      93
      88
     108
     106
     114
     108
     105
     101
     101
      97
     100
      91
      94
      97
      86
      89
      88
     103
     109
     104
      92
      88
     101
      87
     101
      84
      81
     105
      92
     119
      98
      97
     103
      92
      99
      97
      90
     115
     103
      79
      81
      89
     105
      99
      96
      92
     102
     106
      93
      77
      85
     104
     101
      93
      97
     117
     101
      92
     116
      86
     112
      91
      93
     110
      92
      99
      88
     107
      73
      78
      84
      87
      88
      85
      94
      77
      80
      81
      83
     103
      86
      80
      84
      71
      69
      90
      78
      69
      80
      76
      77
      58
      83
      56
      68
      78
      65
      81
      91
      76
      77
      63
      59
      64
      52
      80
      67
      59
      71
      71
      70
      70
      79
      67
      78
      71
      79
      84
      74
      60
      67
      86
      75
      73
      81
      74
      74
      79
      85
     103
      97
      99
     116
      97
      98
     105
      89
     108
     129
     123
     107
     108
     140
     106
     107
     109
     121
     124
     117
     104
     107
      96
      88
     124
      97
     103
      82
      81
      88
      89
      75
      78
      65
      82
      59
      63
      73
      50
      72
      64
      62
      74
      59
      53
      50
      77
      66
      87
      65
      78
      51
      75
      80
      62
      83
      76
      70
      79
      90
     103
      93
      78
      81
      82
      75
      83
      71
      84
      89
      82
      68
      74
      89
      78
      81
      64
      75
      50
      68
      62
      52
      46
      60
      54
      51
      50
      42
      50
      42
      51
      42
      44
      39
      43
      41
      56
      43
      33
      48
      40
      49
      45
      43
      41
      43
      30
      43
      44
      36
      39
      38
      36
      25
      27
      30
      32
      25
      24
      31
      21
      11
      23
      10
      16
      18
      21
      19
      15
      15
      15
      13
      12
      13
      17
      10
      11
       6
      10
       8
      12
      18
      13
       8
       6
       9
      14
      10
      11
       9
       8
      10
       6
       3
       5
       6
       3
       5
       5
       6
      10
       5
       8
       9
       6
       5
       6
       4
       6
       6
       5
       4
       6
       5
       5
       4
       7
       2
       3
       5
       2
       3
       5
       8
       2
       7
       6
       6
       1
       5
       3
       9
      10
       5
       4
       3
       4
       3
       7
       4
       6
       9
       4
       5
       8
       7
       3
       4
       3
       3
       2
       6
       5
       7
       2
       3
       2
       1
       2
       4
       4
       2
       2
       2
       5
       4
       4
       1
       3
       5
       5
       2
       3
       5
       4
       2
       7
       5
       3
       5
       1
       4
       5
       3
       2
       1
       3
       2
       1
       2
       2
       2
       2
       1
       2
       3
       0
       1
       2
       2
       4
       0
       3
       1
       3
       2
       1
       2
       1
       2
       0
       2
       3
       3
       1
       2
       1
       7
       3
       1
       2
       3
       6
       4
       3
       3
       4
       0
       4
       2
       2
       4
       2
       3
       0
       1
       2
       1
       1
       2
       1
       0
       2
       3
       1
       2
       4
       3
       2
       4
       1
       5
       1
       2
       3
       2
       3
       4
       4
       2
       3
       5
       3
       1
       2
       2
       3
       0
       7
       3
       1
       2
       3
       3
       2
       2
       2
       1
       6
       2
       1
       2
       1
       0
       2
       2
       1
       1
       2
       0
       1
       0
       2
       5
       0
       6
       1
       3
       0
       2
       2
       1
       1
       1
       1
       1
       2
       3
       2
       4
       2
       0
       0
       1
       0
       3
       0
       1
       4
       2
       2
       1
       2
       0
       0
       2
       0
       1
       1
       0
       2
       2
       1
       0
       2
       1
       2
       1
       1
       0
       0
       0
       3
       2
       3
       1
       0
       1
       1
       1
       2
       4
       3
       1
       1
       1
       0
       2
       2
       0
       1
       1
       1
       1
       0
       1
       1
       2
       1
       1
       0
       0
       2
       1
       1
       5
       4
       2
       1
       2
       3
       0
       1
       2
       0
       3
       2
       0
       1
       2
       2
       1
       1
       1
       2
       1
       0
       0
       3
       2
       2
       0
       1
       0
       1
       0
       0
       0
       1
       1
       3
       0
       1
       0
       0
       0
       2
       0
       2
       2
       1
       1
       0
       1
       0
       0
       1
       1
       0
       0
       0
       0
       1
       0
       0
       0
       2
       0
       1
       0
       1
       1
       0
       0
       0
       0
       0
       0
       0
       0
       1
       1
       0
       0
       0
       0
       0
       0
       1
       0
       1
       0
       0
       0
       2
       1
       0
       0
       1
       0
       0
       0
       0
       1
       0
       0
       0
       0
       0
       0
       0
       1
       0
       0
       0
       0
       0
       0
       0
       0
       1
       0
       0
       0
       0
       0
       0
       0
       0
       0
       0
       1
       0
       0
       0
       0
       0
       0
       1
       1
       0
       0
       0
       0
       0
       0
       0
       0
       0
       1
       0
       0
       0
       0
       0
       1
       0
       0
       0
       0
       0
       0
       0
       0
       0
       0
       0
       0
       0
       0
       1
       0
       0
       1
       0
       0
       1
       1
       0
       0
       1
       0
       0
       0
       1
       0
       1
       0
       0
       1
       0
       0
       0
       0
       0
       0
       1
       0
       0
       0
       0
       0
       0
       0
       1
       0
       1
       0
       0
       0
       0
       1
       0
       0
       0
       0
       0
       0
       0
       0
       0
       0
       0
       0
       0
       0
       0
       0
       0
       0
$ROI:
0
$PRESETS:
Live Time
1000
0
$ENER_FIT:
2.582191 3.337790
$MCA_CAL:
3
2.582191E+000 3.337790E+000 -4.023110E-005 keV
$SHAPE_CAL:
3
0.000000E+000 0.000000E+000 0.000000E+000
