$SPEC_ID:
No sample description was entered.
$SPEC_REM:
DET# 2
DETDESC# BGO detector for MSc Detector lab
AP# Maestro Version 7.01
$DATE_MEA:
11/09/2018 19:40:56
$MEAS_TIM:
300 302
$DATA:
0 1023
       0
       0
       0
       0
       0
     131
     778
     924
     972
    1072
    1369
    1637
    1979
    2406
    2687
    2837
    2811
    2697
    2653
    2386
    2099
    1873
    1582
    1345
    1110
     969
     897
     780
     707
     670
     674
     705
     674
     686
     668
     676
     723
     698
     788
     745
     772
     768
     800
     781
     811
     812
     852
     831
     869
     895
     916
     891
     863
     828
     869
     852
     895
     852
     858
     867
     904
     878
     841
     942
     882
     859
     908
     836
     843
     872
     890
     875
     868
     888
     824
     927
     859
     884
     942
     900
     884
     875
     902
     907
     923
     892
     887
     870
     884
     847
     860
     877
     929
     947
     899
     928
     901
     967
     963
     970
    1001
     933
    1037
    1050
     968
    1005
    1070
    1114
    1059
    1080
    1059
    1029
    1021
    1098
    1088
    1083
    1087
    1112
    1098
    1112
    1071
    1041
    1056
    1060
    1070
    1073
    1047
    1035
    1017
     994
     981
    1016
     964
     998
    1003
     980
     900
     918
     948
     933
     971
     946
     886
     847
     874
     837
     851
     852
     801
     818
     888
     821
     824
     822
     784
     778
     754
     828
     784
     798
     771
     725
     759
     758
     795
     698
     742
     669
     757
     711
     739
     670
     720
     711
     650
     699
     600
     631
     631
     677
     635
     669
     648
     644
     578
     630
     595
     555
     576
     593
     547
     566
     603
     607
     560
     536
     531
     528
     573
     584
     547
     587
     555
     560
     539
     523
     524
     537
     514
     498
     502
     513
     463
     507
     465
     472
     465
     453
     493
     446
     458
     446
     479
     457
     447
     433
     460
     446
     446
     444
     426
     414
     417
     413
     410
     391
     439
     400
     432
     422
     379
     425
     389
     410
     383
     367
     391
     396
     356
     416
     360
     368
     375
     377
     389
     345
     340
     383
     348
     381
     325
     333
     345
     329
     336
     317
     317
     344
     328
     341
     303
     306
     321
     329
     298
     334
     287
     278
     306
     248
     298
     306
     291
     273
     269
     246
     273
     276
     261
     269
     192
     245
     212
     240
     215
     229
     205
     219
     210
     203
     166
     198
     180
     173
     160
     187
     179
     179
     156
     144
     152
     150
     137
     127
     147
     150
     121
     135
     142
     147
     158
     120
     102
     123
     117
     113
     128
     120
     138
     128
     142
     123
     129
     156
     127
     131
     146
     156
     162
     150
     177
     148
     177
     168
     155
     183
     227
     214
     238
     230
     260
     254
     293
     280
     354
     360
     362
     386
     435
     437
     449
     500
     557
     627
     635
     686
     792
     822
     881
     856
     998
    1012
    1124
    1221
    1285
    1376
    1523
    1543
    1661
    1799
    1883
    1950
    2197
    2163
    2417
    2420
    2463
    2587
    2797
    2931
    2876
    3067
    3225
    3231
    3255
    3417
    3587
    3655
    3709
    3607
    3671
    3879
    3890
    3928
    3850
    3958
    3961
    3865
    3927
    3998
    3912
    3842
    3843
    3848
    3713
    3612
    3552
    3527
    3417
    3238
    3243
    3075
    3006
    2932
    2812
    2721
    2680
    2470
    2379
    2232
    2150
    1955
    1942
    1830
    1680
    1621
    1529
    1472
    1312
    1267
    1121
    1102
    1007
     936
     912
     772
     764
     722
     635
     582
     512
     505
     449
     378
     358
     344
     272
     279
     248
     202
     208
     178
     156
     131
     137
     113
     120
     127
      85
      73
      65
      45
      52
      46
      50
      34
      36
      24
      29
      36
      19
      20
      30
      21
      27
      19
      30
      22
      19
      18
      17
      16
      15
      13
      14
      17
      15
      16
      12
       3
      17
      10
      13
       5
       7
      11
      10
      14
      10
      10
      15
       9
      11
      15
      15
      19
      15
       7
      15
       9
      10
      18
       5
      12
      10
      13
      11
       5
       5
       9
       4
      10
       7
      16
      14
      11
      12
      11
       5
       7
      14
      11
      12
       9
      11
       4
       6
       6
      11
       8
       8
       3
       7
      12
      11
      15
      17
      15
      14
      14
       9
      10
       8
       9
      17
      10
      14
      15
       7
       6
       9
      11
       8
       8
       7
       9
      11
       7
       7
       9
       8
       8
       9
      12
      10
      14
       9
      13
       6
       5
      10
      14
      18
      12
      13
      10
      12
       9
       4
       9
      11
       9
      12
       8
      10
      10
       5
       7
      10
       6
       9
       7
      10
      11
       4
      11
       9
       8
       8
       5
       6
       9
      11
       9
      13
       8
       5
       6
      14
       7
       6
       6
       9
       9
      10
       6
       8
      11
       6
       7
      10
      10
       7
       4
      10
       9
      11
       6
       2
       6
       9
      10
       6
       5
       5
       6
       6
       9
       3
       4
       8
       9
       8
       7
       4
       7
       6
       2
       7
      11
       9
      13
       7
       3
      10
       4
       7
       9
       8
       5
       5
       4
       5
       4
      11
       6
       8
      10
       6
       8
       7
       8
       5
       7
       4
       8
       8
       9
       3
      11
       2
       4
      11
      13
       7
       5
       5
       3
       5
       6
      14
       7
      10
       3
      11
       8
       9
       4
      11
       7
       2
       3
       9
       7
       7
      11
       8
       8
       3
       4
       1
       3
       6
       8
       3
       5
       6
       6
       4
       5
       3
       4
       3
       8
       4
       2
       6
       4
       4
       8
       7
       8
       5
       6
       3
       9
       5
       4
       7
       9
       2
       6
       1
       6
       8
       6
       4
       2
       2
       5
       9
       5
       9
       6
       6
       6
       4
       5
       5
       8
       3
       5
       8
       4
       6
       3
       5
       7
       5
       3
       5
       9
       5
       8
       9
       5
       3
       5
       5
       5
       9
       5
       4
       3
       5
       4
       3
       3
       2
       5
       9
       2
       4
       4
       5
       4
       5
       3
       6
      10
       4
       5
       7
       2
       8
       1
       2
       4
       3
       3
       3
       8
       5
       5
       8
       4
       3
       8
       8
       4
       5
       8
       3
      14
       8
       6
       5
       5
       9
       7
      11
       4
       9
       6
       4
       9
       9
       5
       4
      11
      11
       7
       5
       5
      11
      11
      14
      11
       7
       7
       8
       9
       6
      19
       7
       9
      13
      10
      19
       8
      16
      13
      11
      10
       7
      18
      17
       8
      14
      12
      15
      17
      15
      14
      14
      14
      13
      17
      12
       8
      21
      10
      13
      11
      19
      16
      10
      15
       8
      10
       9
      17
      11
      17
      17
      10
      16
      16
      15
       8
      13
      10
      11
      11
      17
      17
      12
      15
      11
      16
       9
       6
      10
      10
       4
       3
      12
      10
       6
       9
       6
      14
       9
      11
       9
       7
      14
       9
       8
       5
       4
       4
       4
       3
       6
       3
       2
       7
       1
       4
       4
       2
       5
       5
       6
       3
       5
       3
       1
       2
       5
       2
       3
       0
       2
       0
       2
       3
       2
       4
       2
       1
       2
       5
       5
       1
       3
       1
       3
       1
       0
       0
       3
       2
       1
       1
       0
       1
       1
       1
       0
       0
       2
       0
       1
       1
       0
       1
       2
       1
       0
       2
       1
       2
       1
       1
       1
       3
       0
       0
       0
       1
       3
       0
$ROI:
1
356 503
$PRESETS:
Live Time
300
0
$ENER_FIT:
3.366946 1.602176
$MCA_CAL:
3
3.366946E+000 1.602176E+000 -1.165550E-005 keV
$SHAPE_CAL:
3
4.916061E+001 0.000000E+000 0.000000E+000
