$SPEC_ID:
No sample description was entered.
$SPEC_REM:
DET# 2
DETDESC# BGO detector for MSc Detector lab
AP# Maestro Version 7.01
$DATE_MEA:
11/12/2018 15:52:42
$MEAS_TIM:
300 302
$DATA:
0 1023
       0
       0
       0
       0
       0
     173
     967
    1127
    1030
    1169
    1373
    1535
    1811
    2136
    2436
    2460
    2626
    2602
    2476
    2243
    2011
    1753
    1560
    1350
    1214
    1125
     997
     834
     822
     775
     776
     735
     754
     708
     719
     768
     865
     811
     806
     828
     860
     871
     900
     985
     994
     946
     972
     986
    1027
     990
    1013
    1044
    1043
    1064
    1034
    1027
     998
    1064
    1105
    1015
    1048
     970
    1027
    1054
    1117
    1080
    1072
    1051
    1097
    1063
    1048
    1078
    1009
    1104
    1096
    1061
    1064
    1047
    1089
    1151
    1125
    1129
    1114
    1115
    1106
    1125
    1149
    1103
    1115
    1157
    1134
    1107
    1099
    1110
    1099
    1117
    1134
    1113
    1186
    1166
    1213
    1170
    1197
    1174
    1207
    1240
    1255
    1201
    1243
    1238
    1271
    1312
    1298
    1301
    1306
    1304
    1326
    1334
    1347
    1396
    1382
    1331
    1384
    1341
    1387
    1414
    1389
    1354
    1282
    1381
    1406
    1360
    1307
    1333
    1376
    1363
    1246
    1283
    1328
    1239
    1251
    1236
    1259
    1183
    1202
    1194
    1195
    1306
    1161
    1239
    1253
    1160
    1139
    1170
    1216
    1156
    1093
    1110
    1130
    1098
    1099
    1083
    1059
    1035
    1076
    1074
    1048
     993
    1061
    1032
    1041
     978
     930
     942
     968
     945
     945
     975
     918
     983
     918
     920
     871
     906
     910
     837
     886
     840
     867
     824
     831
     885
     841
     826
     830
     779
     821
     845
     800
     764
     795
     755
     762
     726
     691
     690
     728
     744
     724
     709
     683
     694
     716
     717
     722
     678
     676
     705
     702
     705
     696
     680
     631
     671
     649
     617
     618
     570
     621
     583
     633
     597
     587
     647
     612
     624
     588
     634
     576
     585
     590
     570
     558
     576
     528
     537
     539
     546
     505
     513
     576
     495
     535
     540
     502
     515
     533
     512
     482
     550
     540
     517
     504
     564
     509
     525
     526
     463
     483
     447
     494
     497
     433
     469
     507
     477
     473
     463
     438
     493
     484
     451
     444
     419
     426
     451
     439
     414
     408
     410
     389
     373
     420
     371
     369
     401
     365
     350
     383
     334
     377
     333
     384
     341
     312
     347
     331
     336
     322
     320
     304
     286
     290
     310
     301
     278
     296
     287
     299
     278
     298
     271
     276
     275
     283
     292
     251
     259
     272
     310
     298
     268
     285
     262
     301
     310
     280
     281
     292
     287
     292
     323
     280
     289
     315
     299
     299
     309
     331
     324
     343
     369
     398
     395
     420
     420
     454
     485
     475
     474
     549
     538
     599
     583
     663
     665
     712
     794
     803
     868
     895
     935
    1066
    1099
    1149
    1278
    1337
    1427
    1483
    1594
    1793
    1792
    1961
    2049
    2161
    2283
    2564
    2581
    2740
    2821
    3005
    3255
    3384
    3438
    3613
    3742
    3867
    4010
    4216
    4398
    4505
    4490
    4569
    4984
    4756
    4990
    5109
    5158
    5184
    5260
    5226
    5426
    5418
    5468
    5288
    5540
    5313
    5290
    5360
    5187
    5202
    5207
    5096
    5051
    4839
    4895
    4649
    4536
    4478
    4428
    4141
    4063
    3940
    3782
    3749
    3425
    3250
    3217
    2991
    2847
    2729
    2598
    2489
    2185
    2143
    2031
    1877
    1748
    1653
    1491
    1433
    1383
    1237
    1148
    1075
     959
     882
     805
     760
     743
     651
     639
     535
     463
     446
     387
     340
     305
     296
     262
     242
     228
     205
     165
     152
     120
     127
     121
      97
      97
      90
      64
      57
      65
      43
      51
      45
      44
      31
      30
      24
      33
      26
      29
      21
      21
      22
      14
      11
      14
      16
      15
      13
      14
      15
      14
      14
      12
      14
      14
      10
      13
      11
      16
      12
      14
      10
       6
      16
      12
      14
      10
      15
       9
      12
      15
      16
      14
      13
      16
      10
      14
       5
      11
      12
       8
      16
      16
       8
       9
      16
      16
       7
      12
      11
       7
       9
      16
       9
      14
       8
      17
       4
       7
       9
       9
      14
      13
      10
       7
      10
      14
      10
      14
       9
      14
      11
      11
       9
      15
      13
      12
      13
       9
      18
      13
      14
      13
       9
      12
      13
       8
      13
      11
      16
      14
      21
      10
       9
      13
      10
       9
       8
       9
       6
      17
      11
      10
       9
      10
      10
      12
      15
      10
      10
       8
       5
       6
       7
      13
      13
      16
       6
      10
      13
      14
      11
       9
       9
       7
       8
       7
      12
       4
       4
      11
       3
       8
      11
       7
       9
       9
       8
      12
       8
      11
       6
      13
       7
      10
       6
       5
       7
       8
       8
      12
       6
       7
       4
       8
       7
      10
       6
       3
       5
       7
       8
      10
      13
       6
      12
      11
       5
       6
      12
      10
       3
       7
       6
       8
       8
      10
       5
       8
       8
      11
       5
       2
      13
      13
       8
       6
       8
       8
       7
      17
      10
       2
       9
      13
       8
       7
       7
      12
       5
       6
       8
       8
      12
       6
      12
       7
      10
       9
      11
       6
       5
      11
       7
       6
       8
       9
       9
       8
       9
       5
       7
      13
      10
       6
       6
      11
       7
      10
       6
       7
       6
       4
       5
       7
       7
       5
       5
      15
      10
       6
       6
       8
       6
       7
       6
       6
       6
       8
       9
       8
      11
       2
       6
       6
       8
      10
       6
       5
       5
       9
       5
      11
       6
       4
       3
       4
       6
       5
       6
       9
       5
      16
       8
       6
       5
       3
       9
       2
       6
       5
       9
       7
       7
       6
       5
       3
       5
      13
       4
       7
       7
       9
       7
       5
       8
       5
       3
       3
       9
       5
       4
       6
       3
       5
      10
       8
       4
       7
       6
       6
       6
       4
       4
       9
       3
       7
       5
      13
       3
       4
       3
       8
       8
       7
       5
       5
       3
       4
       9
       4
       4
       4
       2
       6
       3
       5
       4
       3
       4
       5
       7
       6
       2
       4
       5
       4
       1
       9
       4
       3
       4
       5
       5
       4
       7
       6
       4
       7
       9
       5
       2
       7
       6
       7
      15
       1
       7
       6
       6
       7
       7
       6
       6
       5
       6
       9
       9
       6
       6
       9
      15
       6
       2
       6
      11
      12
      13
       9
       6
      14
      10
      16
      10
       9
      12
       6
      12
      10
       9
      11
       8
      12
       9
      13
       2
      10
      18
      14
      19
      11
      12
      13
       9
      12
      13
      11
       9
      18
      13
      10
      16
      19
      16
      16
      15
      13
      18
      14
      11
      12
      16
      16
      15
      19
      16
      13
      13
      10
      18
      14
      29
       9
      14
      11
      10
      10
      20
      10
      18
       9
      14
      13
      11
       4
      16
      13
      15
      16
      12
      16
      13
       9
       9
       7
      13
       8
       8
       6
       7
       6
       7
       9
       9
       6
       5
       5
       5
       6
       3
       9
       3
       6
       7
      10
       4
       9
       2
       3
       2
       6
       5
       7
       4
       6
       4
       4
       4
       1
       4
      10
       4
       6
       6
       2
       3
       1
       3
       1
       4
       2
       4
       3
       3
       1
       5
       2
       1
       2
       2
       1
       0
       2
       0
       2
       1
       2
       0
       1
$ROI:
1
356 503
$PRESETS:
Live Time
300
0
$ENER_FIT:
3.366946 1.602176
$MCA_CAL:
3
3.366946E+000 1.602176E+000 -1.165550E-005 keV
$SHAPE_CAL:
3
4.916061E+001 0.000000E+000 0.000000E+000
