$SPEC_ID:
No sample description was entered.
$SPEC_REM:
DET# 2
DETDESC# BGO detector for MSc Detector lab
AP# Maestro Version 7.01
$DATE_MEA:
11/09/2018 18:39:23
$MEAS_TIM:
300 302
$DATA:
0 1023
       0
       0
       0
       0
       0
     131
     939
    1212
    1314
    1410
    1818
    2206
    2681
    3187
    3441
    3577
    3687
    3591
    3362
    3104
    2667
    2399
    1880
    1760
    1429
    1235
    1032
     931
     870
     776
     810
     789
     699
     718
     750
     779
     734
     821
     776
     773
     833
     804
     856
     936
     896
     877
     969
     885
     913
     974
     957
     930
     982
     956
     885
     961
     979
     927
     914
     911
     940
     973
     989
     927
    1000
    1020
    1020
     977
    1005
     983
     922
     995
     984
     986
     999
     972
    1024
    1018
     991
     997
    1002
     981
     950
     955
     939
     946
    1016
    1032
    1014
    1007
     965
     973
    1014
    1043
    1061
    1074
    1017
    1097
    1058
    1103
    1003
    1088
    1140
    1082
    1171
    1193
    1177
    1218
    1153
    1203
    1166
    1214
    1200
    1244
    1307
    1276
    1234
    1238
    1251
    1318
    1301
    1300
    1323
    1244
    1253
    1289
    1212
    1243
    1301
    1281
    1208
    1262
    1263
    1269
    1285
    1221
    1275
    1269
    1232
    1237
    1157
    1185
    1166
    1116
    1122
    1164
    1120
    1135
    1144
    1069
    1068
    1062
    1128
    1068
    1065
    1026
    1052
    1089
    1029
    1033
     976
    1054
    1002
    1014
    1006
     929
    1001
     903
     947
     959
     952
     941
     942
     964
     977
     906
     878
     870
     830
     836
     834
     836
     834
     813
     817
     830
     784
     831
     724
     738
     770
     741
     763
     748
     755
     749
     690
     749
     729
     670
     705
     715
     666
     646
     690
     683
     703
     654
     672
     650
     620
     575
     597
     629
     651
     596
     579
     544
     571
     583
     599
     573
     551
     580
     549
     542
     552
     604
     536
     533
     510
     480
     505
     513
     506
     512
     543
     503
     505
     482
     526
     448
     462
     458
     468
     473
     474
     461
     449
     443
     437
     467
     465
     453
     421
     465
     424
     442
     414
     442
     381
     391
     442
     402
     437
     433
     402
     380
     374
     408
     364
     366
     373
     397
     383
     379
     328
     387
     349
     369
     327
     332
     357
     327
     307
     344
     324
     310
     361
     288
     327
     256
     298
     296
     302
     309
     276
     256
     257
     229
     259
     191
     239
     219
     228
     240
     209
     210
     198
     197
     169
     196
     193
     176
     214
     192
     174
     154
     170
     189
     177
     180
     163
     158
     174
     176
     147
     180
     169
     148
     150
     168
     165
     184
     186
     199
     195
     179
     200
     189
     224
     219
     213
     242
     262
     258
     259
     236
     289
     287
     322
     345
     380
     339
     427
     431
     487
     517
     525
     578
     588
     656
     677
     786
     858
     898
     978
     989
    1066
    1208
    1282
    1373
    1511
    1559
    1687
    1888
    1907
    2121
    2139
    2284
    2525
    2568
    2822
    2960
    3125
    3284
    3424
    3517
    3653
    3887
    4077
    4239
    4379
    4564
    4667
    4774
    4926
    5107
    5185
    5270
    5219
    5521
    5311
    5408
    5635
    5545
    5670
    5756
    5732
    5754
    5535
    5696
    5538
    5556
    5451
    5328
    5297
    5207
    5157
    4949
    4903
    4610
    4541
    4366
    4354
    4220
    4126
    3770
    3661
    3534
    3332
    3129
    2981
    2824
    2742
    2620
    2431
    2314
    2085
    1984
    1764
    1723
    1686
    1507
    1324
    1244
    1195
    1130
     992
     906
     893
     788
     691
     645
     596
     512
     482
     447
     412
     357
     298
     303
     261
     247
     183
     174
     153
     147
     132
     122
     106
      94
      70
      98
      69
      60
      53
      72
      62
      34
      33
      30
      27
      33
      21
      28
      19
      21
      24
      17
      26
      14
      10
       9
      11
      14
      14
      17
      14
       9
      16
      17
      12
      18
      15
      16
      23
      14
      11
      11
       9
      15
       9
      11
       4
      12
       9
      14
      10
       8
       9
       7
       7
      14
      14
       7
      12
      12
       6
      13
       6
       8
      12
      11
      16
      12
      12
      16
      14
      13
       8
      10
       5
       9
      11
      11
       9
      12
      12
      10
      14
      11
       9
       9
      10
      13
      13
      16
      10
      15
      10
      12
      16
      12
      18
      12
      13
       8
      11
      14
       9
      14
       9
       8
       6
       8
      10
      11
      10
      11
      11
      16
       8
      13
       7
       8
       7
      16
      14
      12
       7
       7
      11
       9
       9
       9
       6
      10
      15
       8
       9
       7
      13
      10
      13
       5
       8
      12
      13
       9
      11
       9
       4
       9
      11
       6
       8
       3
       5
       8
      11
       1
       7
      13
       8
      13
       9
       4
      11
       8
       4
      12
       7
       5
       6
       9
       8
       8
       8
       4
      10
       9
      13
       5
       5
       7
       8
       4
       8
       8
      14
       7
       7
       9
      10
       5
       4
       7
       6
       8
       7
      10
       6
      10
       5
       6
      11
       7
       5
       7
       6
       6
      11
       6
       8
       6
       5
       2
       7
      12
       7
       9
       2
      11
       8
       7
      12
       7
       3
      12
       2
       9
       4
      10
       5
       9
       3
      12
       8
       7
       3
       8
       7
      10
       9
       7
      12
      13
       3
       7
       6
      11
       9
       8
       9
       6
       8
       6
      11
       3
       6
       5
       7
       7
      10
       7
       9
       2
       9
       9
      10
       7
       5
       3
       5
      13
       6
       7
       7
       5
       6
      12
       3
       7
       2
       5
       6
       4
       5
       8
       4
       8
       3
       3
       4
       6
       6
       8
      11
       6
       6
       7
      11
      12
      13
       6
       8
       7
       7
       3
       5
       5
       5
       5
       7
       4
       5
       5
       4
       4
       8
       8
       3
       2
       8
       6
       2
       4
       1
       4
       5
       5
       6
       4
       6
       8
       9
      12
       3
       6
       5
      12
      10
       4
       3
       5
       5
       5
       3
       6
       8
       2
       6
       3
       3
      10
       5
       5
       3
       9
       6
       4
       8
       6
       3
       1
       3
       5
       6
       4
       6
       8
       6
       6
      10
       3
       5
       6
       7
       4
       6
       3
      10
       7
       3
       7
       7
      10
       9
       3
       3
       3
       6
       3
       9
       4
       8
      10
       9
       5
       6
      12
       9
       9
       2
      10
      15
       9
      11
      14
      10
       8
      12
       8
      12
       8
       6
       8
      14
       9
      10
      12
      16
      14
      12
      17
       9
       6
      16
      18
      15
      20
       9
      14
      10
      14
      16
      14
      17
      19
      15
      22
      16
       9
      15
      14
      16
      13
      12
      14
      15
      17
      13
      15
      15
      12
      12
       9
       8
      14
      12
      16
      17
      13
      17
      20
      13
      10
       7
       9
      15
      12
      15
      13
      11
      11
      10
      11
       8
       7
      11
      11
       8
       6
       7
       6
       6
      10
       3
       5
      10
      10
       5
       6
       4
       3
       4
       6
       8
       2
       2
       4
       4
       9
       4
       6
       4
       4
       1
       6
       3
       1
       5
       3
       7
       0
       1
       4
       4
       1
       0
       2
       1
       3
       6
       3
       0
       3
       1
       2
       0
       2
       2
       3
       0
       1
       2
       2
       3
       1
       2
       0
       3
       4
       4
       1
       3
       2
       4
       0
       2
       4
       0
       2
       0
       5
       0
       1
       0
       2
       3
       2
       3
       3
$ROI:
1
356 503
$PRESETS:
Live Time
300
0
$ENER_FIT:
3.366946 1.602176
$MCA_CAL:
3
3.366946E+000 1.602176E+000 -1.165550E-005 keV
$SHAPE_CAL:
3
4.916061E+001 0.000000E+000 0.000000E+000
