$SPEC_ID:
No sample description was entered.
$SPEC_REM:
DET# 2
DETDESC# BGO detector for MSc Detector lab
AP# Maestro Version 7.01
$DATE_MEA:
11/09/2018 18:54:59
$MEAS_TIM:
300 302
$DATA:
0 1023
       0
       0
       0
       0
       0
     104
     743
     845
     992
    1144
    1407
    1786
    2088
    2466
    2819
    2910
    3073
    3022
    2648
    2578
    2297
    1860
    1641
    1439
    1230
     986
     921
     808
     654
     671
     639
     596
     592
     612
     630
     625
     677
     641
     683
     700
     655
     699
     745
     706
     741
     798
     801
     799
     805
     788
     774
     793
     804
     774
     825
     784
     834
     839
     762
     763
     762
     783
     800
     802
     796
     803
     796
     780
     739
     792
     822
     807
     794
     783
     815
     755
     822
     829
     811
     731
     866
     785
     811
     815
     867
     823
     823
     822
     798
     797
     841
     789
     846
     881
     810
     855
     857
     889
     854
     903
     936
     915
     914
     919
     951
     940
     936
     966
     955
    1037
     984
     981
    1002
     999
    1009
     946
    1076
    1022
    1025
    1021
    1027
    1019
    1016
     986
    1021
     967
     976
     983
     947
     953
     962
     864
     941
     940
     941
     975
     891
     929
     873
     944
     922
     924
     866
     856
     854
     825
     812
     830
     836
     850
     821
     782
     788
     826
     807
     791
     819
     719
     793
     807
     756
     725
     761
     725
     740
     697
     744
     715
     738
     746
     724
     685
     695
     697
     702
     676
     685
     716
     665
     671
     645
     628
     602
     605
     648
     625
     602
     599
     605
     620
     604
     614
     581
     607
     581
     564
     593
     551
     565
     522
     585
     564
     487
     522
     480
     491
     532
     483
     535
     496
     491
     532
     493
     537
     480
     501
     484
     451
     466
     462
     465
     487
     459
     496
     422
     461
     416
     435
     473
     398
     424
     432
     403
     445
     378
     406
     445
     446
     394
     406
     381
     399
     398
     379
     400
     382
     368
     376
     353
     382
     395
     376
     359
     363
     353
     371
     374
     338
     344
     345
     363
     365
     350
     369
     355
     347
     330
     317
     340
     316
     287
     326
     324
     310
     357
     295
     338
     294
     313
     289
     292
     309
     299
     269
     265
     285
     269
     251
     260
     254
     231
     242
     228
     229
     221
     241
     200
     236
     205
     228
     196
     212
     200
     193
     193
     183
     168
     172
     170
     166
     181
     171
     165
     151
     146
     145
     127
     136
     154
     146
     147
     124
     142
     145
     137
     125
     119
     163
     137
     146
     141
     135
     132
     126
     131
     156
     154
     154
     156
     145
     154
     175
     172
     170
     152
     203
     187
     190
     188
     220
     231
     255
     250
     264
     282
     286
     321
     365
     352
     378
     441
     428
     484
     543
     530
     581
     714
     711
     766
     847
     865
     941
     991
    1116
    1162
    1318
    1405
    1474
    1565
    1705
    1771
    1874
    1954
    2083
    2212
    2316
    2442
    2490
    2599
    2767
    2963
    2956
    3161
    3331
    3407
    3341
    3530
    3647
    3755
    3918
    4006
    4071
    4165
    4128
    4236
    4195
    4314
    4196
    4197
    4190
    4067
    4094
    4184
    4195
    4122
    4099
    3948
    3981
    3843
    3661
    3618
    3545
    3385
    3371
    3156
    3132
    3004
    2969
    2706
    2708
    2545
    2430
    2291
    2247
    2056
    1987
    1824
    1718
    1655
    1528
    1439
    1354
    1258
    1176
    1024
     992
     938
     862
     822
     696
     609
     657
     592
     488
     436
     433
     360
     324
     326
     273
     251
     229
     195
     219
     177
     130
     117
     133
      81
      97
      84
      57
      72
      52
      62
      48
      40
      49
      44
      34
      36
      37
      39
      21
      28
      17
      19
      22
      20
      18
      14
      18
      22
      17
      13
      19
      10
       9
      14
       8
       7
      14
      13
       8
       9
       6
      10
       9
      17
      15
      13
      11
      16
       8
       4
      20
      10
       8
       6
       6
      16
      10
      12
      13
      17
      17
       8
       3
       5
       9
      17
       8
      11
       9
      10
       8
      10
      15
      13
       7
      16
       3
      11
       8
      13
       8
      15
      10
       8
      13
      15
      11
       6
      11
      10
      14
       7
      14
      16
       8
      12
       7
       7
      11
      11
      15
      11
      14
       9
      10
       8
       9
       7
      11
      15
      14
      12
      14
       8
      13
       8
       7
      10
       5
      15
       7
      14
      10
      11
      12
       6
       5
      15
       9
      12
       8
       5
      10
       9
      18
       8
       8
       8
      10
       5
       8
      11
       7
      12
      17
       9
      12
       6
       9
       7
      13
      11
       8
       7
      14
       9
       9
       5
       7
       6
       9
      13
       7
      13
       9
       7
       5
       5
       8
       9
       9
       8
       3
       9
       6
       4
       7
       6
       7
       8
       6
       5
       7
      13
       6
       8
       5
       7
       6
       8
       8
       3
       7
       4
       8
       1
       5
      11
       8
      12
       8
       7
       7
       3
       4
      10
       6
       5
       8
       7
       8
       5
       7
       6
       9
      10
      10
       4
       3
      10
      13
       7
       6
       9
       7
       7
       9
       5
       8
       6
       5
       9
       7
       4
       6
       7
       8
       4
       8
       9
       3
       7
       7
       2
       8
       8
       8
       6
       6
       4
       9
      11
       7
       3
      13
       5
       5
       3
       3
       4
       3
       4
       8
       5
       7
       6
       5
       4
       9
       6
       6
       6
       9
       7
       6
       7
       8
       3
       9
       7
       9
       9
       7
       6
       6
      11
       2
       6
       7
       7
       8
       4
       2
      10
       6
      10
       7
       1
       7
       8
       7
       4
       2
       5
       5
       6
       4
       4
       1
       8
       9
       6
       5
       3
       9
       6
       3
       6
       4
       5
       5
       6
       3
       4
       7
       3
       5
       4
       4
       3
       4
       3
      10
       6
       5
       7
       7
       6
       6
       6
       2
       6
       6
       5
       5
       4
       9
       2
       3
       2
       7
       1
       2
       2
       5
       5
       8
       6
       4
       6
       2
       0
       5
       2
       7
       3
       3
       9
       7
       9
       5
       2
       7
       3
       8
      13
       8
       2
       5
       8
       5
       5
       3
       5
       4
       8
       5
       4
       5
       7
       6
       9
      11
      10
      13
      12
       4
      10
       9
       8
      12
      13
       7
       8
      11
       5
       9
       9
       7
      11
       9
      17
      13
      12
       8
      12
      10
       8
      13
      13
      13
      15
      13
      17
      13
      15
      17
      21
      16
      12
      11
      14
      20
       9
      18
      14
      14
      18
      10
      13
      18
      14
      15
       7
      19
      13
      13
      16
      11
       8
      17
      12
      18
      18
      16
      10
      12
      22
      16
       9
      12
      10
      18
      17
      10
      13
       8
      10
      12
       8
       4
       9
      11
      13
       5
       3
       5
      11
      10
       8
      12
       7
      11
       7
       7
       7
       3
       5
       6
       3
       4
       5
       9
      10
       4
       4
       4
       3
       5
       3
       3
       6
       4
       7
       5
       6
       2
       7
       5
       2
       4
       4
       0
       4
       3
       4
       1
       1
       3
       0
       1
       2
       3
       3
       0
       0
       2
       1
       1
       1
       1
       6
       2
       2
       1
       2
       4
       0
       4
       1
       1
       5
       0
       1
       1
       1
       3
       2
       0
       2
       2
       1
       1
       1
       1
       1
       2
       3
       1
$ROI:
1
356 503
$PRESETS:
Live Time
300
0
$ENER_FIT:
3.366946 1.602176
$MCA_CAL:
3
3.366946E+000 1.602176E+000 -1.165550E-005 keV
$SHAPE_CAL:
3
4.916061E+001 0.000000E+000 0.000000E+000
