$SPEC_ID:
No sample description was entered.
$SPEC_REM:
DET# 2
DETDESC# BGO detector for MSc Detector lab
AP# Maestro Version 7.01
$DATE_MEA:
11/12/2018 16:14:52
$MEAS_TIM:
300 302
$DATA:
0 1023
       0
       0
       0
       0
       0
     149
     908
     998
     911
     793
     877
     936
    1022
    1113
    1191
    1226
    1213
    1182
    1218
    1122
    1112
    1010
     911
     847
     792
     791
     760
     654
     654
     732
     688
     769
     785
     775
     773
     826
     829
     881
     844
     856
     947
     941
     920
    1005
    1014
    1077
    1111
    1108
    1123
    1113
    1111
    1151
    1162
    1150
    1105
    1077
    1158
    1163
    1111
    1132
    1171
    1177
    1244
    1149
    1247
    1129
    1132
    1222
    1153
    1202
    1193
    1196
    1183
    1229
    1227
    1245
    1216
    1202
    1221
    1215
    1146
    1264
    1221
    1280
    1236
    1221
    1235
    1246
    1185
    1274
    1277
    1240
    1242
    1204
    1201
    1209
    1285
    1255
    1246
    1302
    1253
    1302
    1288
    1229
    1276
    1336
    1312
    1325
    1342
    1380
    1460
    1389
    1428
    1329
    1354
    1394
    1439
    1440
    1498
    1436
    1405
    1449
    1423
    1465
    1447
    1432
    1439
    1477
    1427
    1421
    1435
    1449
    1433
    1428
    1428
    1414
    1458
    1400
    1411
    1429
    1306
    1348
    1418
    1310
    1298
    1273
    1313
    1284
    1277
    1256
    1293
    1309
    1220
    1220
    1193
    1280
    1202
    1220
    1171
    1124
    1214
    1158
    1221
    1145
    1118
    1109
    1104
    1127
    1121
    1144
    1047
    1092
    1076
    1033
    1042
    1093
    1015
    1057
    1078
    1002
     963
     962
     926
     981
     949
     951
     945
     913
     883
     959
     972
     914
     916
     874
     892
     865
     857
     871
     840
     878
     841
     835
     888
     854
     854
     834
     809
     795
     841
     831
     796
     798
     810
     800
     756
     784
     768
     755
     739
     743
     752
     742
     766
     722
     707
     716
     718
     715
     703
     709
     717
     691
     672
     679
     646
     688
     670
     716
     656
     669
     618
     671
     656
     662
     637
     693
     597
     625
     649
     624
     614
     686
     604
     631
     649
     599
     574
     657
     647
     667
     646
     623
     624
     592
     598
     610
     582
     598
     562
     569
     633
     555
     580
     551
     556
     617
     526
     552
     557
     545
     519
     562
     606
     573
     495
     562
     570
     521
     552
     525
     535
     521
     516
     487
     539
     486
     482
     502
     551
     507
     494
     492
     488
     478
     460
     496
     455
     432
     458
     450
     459
     437
     429
     460
     408
     464
     432
     433
     401
     417
     472
     431
     440
     413
     429
     432
     401
     418
     432
     429
     411
     428
     424
     427
     422
     410
     444
     453
     451
     464
     464
     441
     489
     502
     499
     482
     465
     513
     474
     538
     536
     550
     555
     565
     576
     561
     586
     591
     624
     664
     677
     718
     782
     831
     875
     870
     880
     895
     982
     985
    1039
    1154
    1182
    1229
    1346
    1382
    1501
    1564
    1704
    1723
    1817
    1944
    2034
    2177
    2310
    2429
    2420
    2645
    2669
    2950
    3026
    3098
    3263
    3350
    3494
    3670
    3742
    3907
    3995
    4082
    4193
    4389
    4467
    4588
    4677
    4726
    4696
    4859
    4979
    4890
    4939
    4970
    5101
    5074
    5067
    4991
    5079
    5058
    4894
    4845
    4871
    4836
    4593
    4644
    4604
    4115
    4269
    4147
    4107
    3838
    3838
    3642
    3418
    3441
    3196
    3109
    2971
    2908
    2650
    2573
    2377
    2251
    2161
    2094
    1927
    1807
    1746
    1607
    1471
    1409
    1351
    1139
    1088
    1080
     924
     787
     811
     750
     672
     629
     596
     495
     453
     431
     376
     354
     318
     282
     265
     227
     205
     187
     176
     166
     146
     134
     103
      94
      93
      82
      78
      66
      53
      53
      53
      43
      37
      27
      44
      26
      28
      33
      26
      20
      20
      15
      27
      21
      14
      19
      15
      16
      13
      10
      20
      23
      20
      10
      14
      17
      12
      15
      11
      18
      15
      14
      14
      19
      13
      19
      14
      14
      14
       8
      12
      15
       9
      11
      17
      16
       7
       8
       8
      14
      11
      10
      13
      10
      14
      15
      14
      10
      21
      14
      15
      13
      13
      19
      10
       5
      10
       9
       9
      11
      11
       8
      12
       7
      15
      17
       6
      15
       6
       9
       9
       6
       9
      10
      12
      16
       9
      10
       7
       6
      15
      11
       6
      11
       8
      15
      10
      14
      18
      20
      13
       8
      13
       6
      10
      12
       9
       9
      12
       8
      11
      10
      11
       4
      16
       7
      11
       7
      14
       8
       8
       6
      12
      11
      10
      18
       5
       7
      12
       4
      11
      10
      10
       8
      13
       8
       9
       8
       7
       8
       8
       7
      13
      11
       9
       9
      10
      10
       6
       7
      10
       2
      10
       9
       6
       9
       8
      13
      10
       6
       7
      11
      12
      10
      11
       8
       3
       9
       5
       5
       3
       9
       3
       5
       8
       6
       9
      12
       9
       7
       5
      11
       7
       6
       5
       6
       6
       5
       6
       9
      10
       5
       3
       7
       3
       7
       6
      11
       3
       7
       9
       6
      10
      10
      12
       5
       7
       8
      13
      10
       7
       5
      14
      12
       7
      11
       7
      10
       5
       6
       5
       7
      10
       6
       3
       9
       8
      13
      11
       5
       5
       6
       5
      10
      12
       2
       8
       6
       3
       6
       3
       8
       5
       6
      10
      18
       7
       8
       4
       4
       5
       1
      13
       7
       7
       8
       6
       9
       6
       6
      11
       9
       5
       3
       6
       4
       9
       9
       5
       7
       6
       3
       8
       8
       7
       7
       8
      12
      10
       3
       8
       9
       6
      13
       2
       8
       3
       5
       7
       4
       9
       9
       5
       9
      13
       5
       4
      10
       8
       4
       5
       4
       7
       4
       5
       5
       5
       8
       5
       6
       2
       8
       6
       8
       4
       5
       4
       5
      10
       7
       9
       5
      10
       5
       6
       4
       9
       6
       7
       6
       6
       3
       3
       7
       7
       8
       8
       5
       4
       5
       6
       5
       4
       5
       4
       4
      10
       7
       1
       2
       6
       5
       5
       3
       2
       4
       5
       3
       2
       3
       2
       6
       6
       4
       3
       6
       4
       1
       4
       3
       6
       7
       3
       5
       3
       8
       6
       7
       4
       8
       6
       5
       3
       2
       9
       6
      12
       8
       8
       4
      10
       2
      11
       3
       6
       9
       6
      15
      13
       6
      10
       2
       8
       8
       5
       9
       5
      12
      15
       9
      16
       9
       9
      15
      12
       9
       9
      11
      13
      12
      13
      11
      13
      12
      19
      19
      13
      14
      12
      14
      16
      17
      17
      14
      12
      14
       8
      18
       9
      13
       7
      18
       9
      18
      18
      19
      15
      14
      15
      11
      20
      16
      11
      14
      16
      14
      17
      17
      13
      14
      10
       9
       6
      10
      21
       8
      11
       9
      16
       5
      10
       6
       5
       7
       7
      12
       7
      10
       8
       2
      10
      10
       4
       6
       5
      10
       4
       9
       6
       5
       6
       8
       6
       8
       4
       8
       6
       5
       4
       5
       6
       3
       4
       1
       3
       3
       3
       3
       2
       3
       5
       2
       1
       1
       4
       0
       5
       2
       2
       2
       1
       4
       3
       0
       1
       5
       4
       0
       3
       1
       1
       2
       2
       5
       1
       1
       1
       0
       3
       1
$ROI:
1
356 503
$PRESETS:
Live Time
300
0
$ENER_FIT:
3.366946 1.602176
$MCA_CAL:
3
3.366946E+000 1.602176E+000 -1.165550E-005 keV
$SHAPE_CAL:
3
4.916061E+001 0.000000E+000 0.000000E+000
