$SPEC_ID:
No sample description was entered.
$SPEC_REM:
DET# 2
DETDESC# BGO detector for MSc Detector lab
AP# Maestro Version 7.01
$DATE_MEA:
11/09/2018 19:07:27
$MEAS_TIM:
300 301
$DATA:
0 1023
       0
       0
       0
       0
       0
     109
     718
     799
     898
    1042
    1304
    1573
    1924
    2309
    2486
    2804
    2879
    2723
    2617
    2363
    2146
    1847
    1647
    1324
    1045
     953
     793
     707
     661
     595
     602
     544
     598
     558
     600
     602
     573
     558
     616
     593
     611
     706
     728
     745
     671
     738
     763
     700
     736
     733
     782
     753
     770
     743
     779
     785
     719
     791
     713
     785
     745
     730
     781
     777
     713
     745
     757
     751
     731
     748
     729
     755
     782
     712
     779
     740
     757
     745
     759
     841
     804
     760
     742
     793
     760
     781
     786
     786
     806
     725
     792
     758
     757
     783
     807
     849
     835
     772
     855
     819
     872
     748
     854
     832
     912
     853
     914
     861
     875
     897
     972
     944
     957
     912
     974
     979
     933
     942
     993
     948
     960
     957
     958
     953
     917
     944
     942
     944
     895
     960
     937
     906
     901
     859
     901
     873
     830
     837
     854
     771
     792
     765
     798
     832
     832
     761
     775
     737
     803
     788
     753
     771
     753
     772
     725
     742
     735
     705
     705
     657
     699
     691
     744
     693
     711
     720
     684
     662
     667
     692
     632
     631
     650
     580
     642
     622
     616
     597
     594
     594
     575
     577
     585
     616
     602
     536
     584
     541
     539
     551
     562
     527
     544
     516
     525
     487
     501
     544
     494
     483
     504
     503
     483
     459
     478
     470
     476
     466
     474
     463
     455
     422
     483
     449
     426
     442
     416
     415
     440
     390
     428
     436
     418
     407
     444
     402
     378
     395
     421
     388
     369
     392
     376
     389
     384
     375
     381
     345
     343
     320
     353
     381
     323
     387
     352
     325
     355
     329
     335
     327
     366
     315
     306
     315
     329
     340
     356
     300
     320
     326
     302
     345
     294
     323
     294
     297
     295
     293
     301
     310
     294
     278
     278
     270
     289
     293
     254
     266
     245
     279
     260
     286
     234
     280
     292
     243
     260
     226
     229
     237
     240
     238
     216
     227
     213
     204
     204
     181
     197
     192
     195
     207
     214
     173
     165
     159
     174
     166
     163
     156
     147
     137
     135
     144
     141
     127
     146
     131
     125
     130
     139
     133
     114
     125
     126
     108
     120
     117
     109
     106
     114
     110
     107
     126
     131
     111
     101
     121
     117
     146
     130
     111
     137
     135
     156
     174
     174
     177
     181
     182
     198
     219
     211
     227
     232
     265
     264
     306
     311
     375
     380
     402
     386
     481
     542
     570
     597
     643
     698
     754
     782
     846
     938
    1051
    1102
    1169
    1228
    1322
    1384
    1484
    1621
    1712
    1811
    1918
    2020
    2213
    2214
    2372
    2433
    2507
    2700
    2783
    2917
    3039
    3164
    3204
    3209
    3439
    3547
    3544
    3574
    3777
    3664
    3943
    3858
    3857
    3774
    3993
    4024
    3964
    3981
    3882
    3913
    3753
    3757
    3776
    3714
    3545
    3554
    3518
    3431
    3281
    3199
    3087
    2944
    2980
    2830
    2758
    2457
    2474
    2387
    2257
    2031
    2014
    1929
    1830
    1694
    1563
    1494
    1375
    1325
    1204
    1116
    1076
     958
     939
     831
     793
     688
     693
     609
     546
     568
     443
     405
     349
     356
     301
     273
     245
     236
     225
     200
     159
     147
     146
     139
      97
      81
      85
      67
      62
      60
      43
      44
      40
      38
      30
      42
      29
      30
      29
      23
      11
      15
      14
      11
      23
      14
      16
       9
      14
      21
      13
       8
      13
      14
      12
      14
      12
      10
      14
       7
       7
      12
      13
      12
       8
      10
      17
      12
      12
       7
      12
      13
       9
      12
      14
       9
      11
      13
      10
      10
      11
      10
       8
      10
      18
      13
       9
      10
       6
      10
       8
      10
       9
       7
      14
      15
       8
      17
       9
       9
      17
      11
      10
      23
       8
      10
      17
      12
       7
      10
       9
      14
      12
       8
       9
      19
       9
       6
      12
       6
      10
       8
       6
       6
      12
       7
       5
       8
      10
       7
      11
      11
      12
      21
      15
      16
      16
       7
      14
      11
      14
      10
      13
      15
       9
       8
      18
      12
      10
       5
       9
       6
       9
       7
      14
       8
      13
       6
      13
      11
      10
       8
      11
       9
       4
       3
       4
       9
       7
       9
      11
       5
       4
       5
       7
       4
       6
       4
       7
      15
      11
       4
       4
       5
       5
       6
       8
       4
      11
       5
       6
       7
      11
       7
       8
      10
      11
       9
       8
       3
       8
       8
       8
       5
       5
       5
       5
       8
       8
       7
       8
       7
       5
       8
       9
      10
      10
      10
       4
      11
       7
       9
       6
       5
       7
      11
       6
       7
      11
       7
       9
       7
       4
       5
       4
      10
       7
       7
       6
       8
       9
       6
       3
       6
      10
       9
       9
       8
       7
      10
       4
       9
       7
       7
       6
      10
       5
       8
      10
       8
       6
       6
      12
       7
       7
       9
       5
       8
       5
       5
       5
       6
       4
       8
       7
       8
       6
       3
       5
       6
       8
       4
       5
       7
       3
       3
       6
       8
       5
       4
       7
       6
       7
       5
       4
       8
       3
      10
       4
       3
       8
       2
       6
       8
       5
       6
      11
       5
       2
      11
      11
       4
       4
       2
       7
       8
       1
       4
       3
       6
       6
       2
       9
       4
       4
       6
       2
       3
       4
       4
       4
       5
       9
       3
       7
       2
       3
       5
       9
       5
       6
       8
       8
       3
       5
       5
       8
       4
       5
      11
       5
       5
       3
       1
       5
       7
       5
       2
       3
       6
       2
       5
       7
       3
       4
       4
       4
       4
       6
       6
       5
       2
       4
       4
       3
       5
       5
       2
       4
       7
       6
       2
       7
       5
       4
       1
       8
       9
       3
       3
       7
       4
       9
       3
       8
       6
       5
       5
       4
       6
       3
       3
       9
       8
       2
       4
       4
       7
       6
       7
      13
       9
      12
       6
      10
       5
      11
       5
      10
      14
       7
       5
       8
       9
       7
       6
      12
       9
      12
      12
      10
      11
      12
       6
      15
      14
      10
      10
      16
      13
      14
       8
      15
      11
      14
      15
      10
      19
      16
      11
      15
      17
      24
      17
      15
      12
      15
      15
      17
      12
      17
      15
       8
      16
      19
       8
      11
      13
      19
       9
      19
       6
      11
      14
      16
      13
      12
      15
      10
      16
      12
      16
      16
      15
      13
      14
       7
      11
      12
      11
      11
       7
      17
       6
      11
       8
      14
       7
      11
       6
      12
      10
       6
       9
       9
      10
       7
       7
      10
       2
       6
       7
       2
       6
       4
       8
       4
       4
       3
       6
       6
       4
       5
       3
       1
       3
       3
       0
       6
       3
       4
       2
       4
       3
       2
       1
       1
       5
       0
       2
       1
       3
       1
       3
       0
       4
       4
       0
       0
       0
       2
       0
       2
       2
       1
       2
       0
       3
       1
       5
       2
       0
       0
       0
       1
       0
       2
       2
       2
       0
       1
       0
       3
       2
       0
       1
       1
       1
       1
       2
       1
$ROI:
1
356 503
$PRESETS:
Live Time
300
0
$ENER_FIT:
3.366946 1.602176
$MCA_CAL:
3
3.366946E+000 1.602176E+000 -1.165550E-005 keV
$SHAPE_CAL:
3
4.916061E+001 0.000000E+000 0.000000E+000
