$SPEC_ID:
No sample description was entered.
$SPEC_REM:
DET# 2
DETDESC# BGO detector for MSc Detector lab
AP# Maestro Version 7.01
$DATE_MEA:
11/09/2018 18:05:35
$MEAS_TIM:
300 303
$DATA:
0 1023
       0
       0
       0
       0
       0
     234
    1355
    1593
    1450
    1517
    1675
    2035
    2330
    2568
    2941
    3051
    3003
    2989
    2896
    2683
    2463
    2098
    1782
    1549
    1452
    1259
    1155
    1090
     991
     954
     918
     998
     988
     971
     957
    1005
    1023
     993
    1007
    1032
    1152
    1200
    1125
    1166
    1187
    1261
    1213
    1136
    1271
    1249
    1258
    1303
    1308
    1276
    1349
    1317
    1309
    1332
    1307
    1353
    1357
    1353
    1311
    1301
    1297
    1440
    1395
    1378
    1379
    1334
    1389
    1350
    1368
    1445
    1363
    1376
    1461
    1394
    1411
    1477
    1423
    1405
    1438
    1362
    1388
    1426
    1486
    1434
    1463
    1446
    1443
    1443
    1437
    1419
    1504
    1484
    1450
    1462
    1531
    1573
    1531
    1536
    1556
    1535
    1537
    1628
    1682
    1695
    1637
    1675
    1608
    1810
    1773
    1688
    1747
    1753
    1816
    1747
    1779
    1852
    1724
    1817
    1826
    1761
    1795
    1809
    1845
    1832
    1900
    1849
    1783
    1905
    1893
    1841
    1859
    1768
    1848
    1811
    1762
    1705
    1851
    1765
    1701
    1790
    1697
    1743
    1731
    1734
    1605
    1647
    1618
    1673
    1632
    1586
    1591
    1585
    1593
    1535
    1573
    1568
    1534
    1483
    1542
    1450
    1421
    1438
    1458
    1474
    1453
    1435
    1431
    1410
    1345
    1402
    1370
    1378
    1328
    1289
    1280
    1355
    1278
    1263
    1297
    1284
    1201
    1191
    1212
    1206
    1226
    1125
    1165
    1181
    1046
    1114
    1144
    1141
    1144
    1104
    1108
    1057
    1043
    1104
    1089
    1071
    1107
    1028
    1030
    1117
     966
     981
    1053
     993
     935
     987
     996
     999
     921
     938
     887
     952
     918
     916
     931
     897
     836
     907
     920
     878
     877
     905
     864
     769
     848
     878
     853
     836
     809
     815
     822
     875
     784
     830
     785
     831
     780
     790
     797
     730
     761
     831
     707
     750
     733
     728
     768
     741
     746
     729
     746
     713
     710
     690
     711
     713
     739
     728
     773
     712
     696
     669
     690
     607
     634
     681
     630
     610
     631
     689
     615
     619
     582
     619
     542
     571
     579
     550
     536
     529
     562
     526
     572
     488
     515
     484
     494
     501
     523
     467
     471
     432
     411
     430
     435
     401
     416
     374
     404
     375
     401
     356
     379
     349
     341
     335
     321
     353
     348
     345
     360
     331
     326
     305
     352
     287
     290
     347
     308
     321
     302
     315
     316
     358
     351
     359
     345
     371
     368
     362
     409
     418
     399
     395
     392
     419
     424
     484
     480
     511
     558
     531
     552
     586
     620
     627
     692
     726
     813
     825
     915
     915
    1086
    1111
    1149
    1213
    1328
    1367
    1594
    1622
    1657
    1870
    1969
    2073
    2211
    2378
    2498
    2843
    2947
    3083
    3312
    3596
    3719
    3801
    4110
    4499
    4507
    4952
    4933
    5187
    5428
    5697
    5843
    6119
    6226
    6613
    6695
    6850
    7142
    7069
    7342
    7558
    7786
    7786
    7848
    7858
    7967
    8098
    8077
    8050
    8188
    8181
    8112
    8263
    7941
    7861
    7935
    7616
    7565
    7429
    7245
    7094
    6896
    6779
    6556
    6261
    6118
    5809
    5561
    5452
    5189
    4928
    4637
    4570
    4242
    4078
    3858
    3661
    3451
    3139
    2933
    2859
    2732
    2451
    2296
    2158
    2055
    1887
    1687
    1609
    1410
    1326
    1201
    1126
     990
     977
     880
     793
     714
     658
     598
     536
     482
     430
     382
     339
     320
     250
     253
     223
     206
     186
     159
     143
     137
     119
     103
      87
      82
      82
      62
      62
      60
      43
      41
      38
      23
      27
      43
      20
      28
      19
      20
      26
      18
      27
      18
      23
      20
      17
      17
      18
      14
      12
      14
      13
      18
      14
      17
      14
      18
      19
      19
      18
      12
      14
      12
      16
      12
      16
      15
      17
      21
      12
      17
      15
      19
      21
      17
      13
      13
      12
      15
      17
      14
       8
      15
      13
      10
      15
       7
      19
      14
      22
      10
      10
       9
      15
       8
      17
      12
      19
      12
       8
       7
      14
      10
      11
      13
      16
      16
      15
      10
      12
      11
      13
      11
      16
      11
       6
      13
      18
       6
       7
      15
      14
      10
      20
      13
      17
      12
      18
      11
       7
       9
      15
      16
      17
      16
      11
      11
       9
      16
      10
      21
      13
      15
      13
      12
       9
      14
      14
      15
      14
      10
      11
       7
      15
      20
       8
      18
      12
      13
       9
      13
      13
      14
       7
       8
       9
       5
      13
      11
      13
      15
      11
      12
      11
      10
       6
      10
      16
      10
      14
      17
       9
      11
      12
      18
      12
       9
       9
      13
       9
       9
      13
      10
       5
       7
       8
      14
       7
      11
       6
      10
       6
       3
       9
       7
       5
      10
       5
       2
      10
       6
      17
      12
      10
       7
       6
       5
      13
      11
       6
       7
      12
       5
      10
       7
      12
       8
       7
       8
       7
       9
       7
      10
      12
       9
       6
       8
       9
       9
      13
       7
       8
       5
      11
      10
       6
      10
      10
      11
      11
       9
       8
       9
       7
      10
       7
       6
       6
       9
      10
       7
       5
       7
      11
       7
      10
       8
      14
      11
      11
      10
      13
       8
      13
       6
      13
       6
       5
       7
      10
      10
       9
       8
      17
       8
       6
       5
       6
       3
       5
       8
      16
       6
       8
       6
       9
      13
       5
       6
       6
      14
       2
       3
      10
       4
       6
       6
       8
       9
       6
      11
       3
       5
       2
       6
      12
       8
       1
       8
       9
      11
       4
      13
       8
       4
       5
       5
       5
       8
       6
       5
       6
       8
       7
       5
       7
       6
      13
       4
       3
       5
       5
      11
       6
       5
       5
       5
       9
       7
       4
       9
       9
       5
       4
      10
       6
       8
       7
       6
       7
       8
       9
       1
       3
       4
       9
       6
       8
       3
       4
       5
       8
       6
       3
       2
      10
       5
       3
       8
       6
       3
       5
      10
       5
      10
       5
       4
       7
       5
       4
       8
       5
       6
       8
       6
       5
       7
       6
       8
      11
       6
       4
       7
       6
       9
       7
       2
       8
       5
       8
       7
       4
      11
       9
       7
       8
       2
       8
      11
       5
       3
      11
      11
      10
      11
       9
       8
      10
      10
       8
      10
      14
      12
       9
      18
      11
      12
      15
       8
      13
      13
      10
      10
       9
      12
      10
       8
      14
      20
      11
      13
      10
      13
      13
      13
       6
      16
      16
      16
      11
      20
      13
      12
       8
      11
      16
      20
      13
       9
      11
      18
      10
      14
      11
      20
      14
      17
      13
       9
       8
      10
      15
      16
      10
      10
       6
      15
      12
      13
      12
       8
       9
      12
       6
       9
      11
      10
       4
       6
       5
       4
       5
       4
       9
      10
       4
      10
       4
       5
       3
       9
       4
       6
       2
       4
       3
       2
       3
       3
       4
       3
       4
       2
       3
       4
       2
       1
       3
       3
       4
       0
       2
       0
       2
       2
       2
       2
       3
       1
       3
       2
       1
       0
       1
       2
       2
       0
       3
       1
       2
       2
       2
       3
       1
       1
       1
       0
       1
       3
       2
       2
       0
       1
       2
       2
       2
       0
       1
       0
       0
       0
       0
$ROI:
1
356 503
$PRESETS:
Live Time
300
0
$ENER_FIT:
3.366946 1.602176
$MCA_CAL:
3
3.366946E+000 1.602176E+000 -1.165550E-005 keV
$SHAPE_CAL:
3
4.916061E+001 0.000000E+000 0.000000E+000
