$SPEC_ID:
No sample description was entered.
$SPEC_REM:
DET# 2
DETDESC# BGO detector for MSc Detector lab
AP# Maestro Version 7.01
$DATE_MEA:
11/09/2018 17:52:17
$MEAS_TIM:
300 301
$DATA:
0 1023
       0
       0
       0
       0
       0
     100
     678
     795
     840
    1065
    1258
    1591
    1911
    2170
    2439
    2677
    2646
    2637
    2568
    2447
    2047
    1814
    1514
    1307
    1121
     938
     791
     695
     621
     613
     600
     592
     560
     517
     536
     548
     607
     626
     624
     652
     637
     684
     663
     676
     661
     709
     705
     671
     698
     766
     763
     731
     716
     723
     714
     746
     705
     720
     739
     753
     718
     763
     741
     749
     751
     737
     675
     747
     743
     738
     720
     776
     759
     812
     748
     753
     744
     783
     716
     784
     779
     727
     790
     705
     722
     732
     747
     802
     767
     776
     775
     750
     813
     814
     759
     770
     802
     801
     764
     847
     805
     803
     847
     859
     852
     830
     864
     886
     837
     890
     919
     869
     860
     919
     860
     927
     943
     910
     901
     954
     907
     912
     914
     959
     898
     888
     912
     874
     864
     903
     891
     849
     897
     802
     814
     886
     842
     855
     778
     821
     839
     782
     771
     780
     801
     738
     792
     780
     729
     750
     763
     730
     713
     720
     668
     733
     721
     652
     704
     665
     707
     653
     689
     657
     711
     687
     640
     638
     692
     613
     580
     617
     609
     617
     581
     619
     573
     565
     585
     587
     597
     571
     576
     608
     536
     600
     541
     573
     523
     558
     522
     519
     507
     501
     468
     510
     476
     491
     515
     449
     465
     456
     494
     459
     455
     470
     448
     433
     474
     405
     472
     420
     484
     423
     453
     409
     415
     422
     419
     402
     421
     393
     416
     403
     427
     398
     407
     435
     380
     394
     374
     346
     376
     359
     374
     338
     327
     384
     368
     384
     348
     343
     343
     366
     347
     358
     315
     346
     327
     354
     344
     326
     323
     300
     332
     351
     303
     312
     297
     288
     340
     339
     310
     334
     310
     294
     315
     293
     282
     298
     277
     300
     271
     241
     285
     272
     276
     265
     280
     300
     252
     252
     250
     253
     243
     248
     262
     230
     241
     226
     221
     242
     220
     226
     247
     215
     221
     198
     207
     233
     211
     204
     167
     190
     173
     190
     170
     165
     177
     174
     151
     158
     147
     151
     147
     147
     118
     134
     150
     112
     129
     114
     132
     129
     122
     100
     126
     122
     139
     121
     130
     103
     124
     100
     117
     128
     121
     121
     121
     127
     125
     157
     121
     141
     141
     154
     144
     155
     158
     179
     197
     188
     193
     197
     223
     228
     242
     260
     303
     313
     302
     315
     364
     435
     423
     458
     484
     559
     588
     615
     664
     795
     820
     895
     901
     969
    1072
    1148
    1211
    1375
    1380
    1479
    1551
    1689
    1818
    1889
    2019
    2143
    2207
    2261
    2489
    2600
    2551
    2731
    2862
    2986
    2918
    3185
    3247
    3254
    3392
    3349
    3437
    3640
    3532
    3689
    3708
    3722
    3862
    3893
    3861
    3849
    3851
    3890
    3652
    3755
    3646
    3662
    3595
    3458
    3476
    3344
    3219
    3205
    3059
    2987
    2831
    2765
    2735
    2510
    2574
    2401
    2300
    2095
    2076
    1958
    1819
    1827
    1586
    1556
    1452
    1328
    1207
    1235
    1138
     967
     965
     908
     819
     737
     728
     637
     541
     487
     450
     432
     396
     369
     332
     287
     306
     249
     224
     201
     201
     176
     144
     148
     123
     125
      84
      83
      67
      67
      57
      64
      46
      38
      49
      33
      41
      33
      23
      27
      25
      27
      24
      21
      20
      17
       4
      16
      20
      18
      16
      19
      11
      22
      17
       9
      12
      11
       9
       8
       8
       4
       9
      10
       5
      13
      17
       5
       6
      13
      14
      13
      16
      14
       8
       5
       8
      12
      12
      15
       6
      11
       7
       4
       5
       9
       2
      11
      15
      10
       5
      14
       9
      10
      14
      10
      10
      10
      18
      10
      15
       9
       8
       8
      15
       8
      10
      13
      17
      16
      14
      10
       9
       4
       7
       5
       9
      12
      10
      14
      10
      11
       8
      11
      10
      12
       9
      17
      11
      14
      13
       7
       7
       9
      10
      13
      13
       7
      11
       8
       8
       4
       9
       8
      13
       9
       8
      13
      11
      14
      11
      14
      14
       7
      17
       4
       9
       4
      10
       6
       4
      11
      11
       5
      10
       9
      11
      10
       5
       9
      12
      10
      16
       7
       3
       8
       3
       2
      10
      10
       6
       8
       4
       9
       2
       2
      13
       6
       6
       6
       5
       6
       6
       5
       6
       5
       4
       4
       7
      10
       6
       7
       5
      15
       9
       1
       7
       4
       4
       5
       6
       6
       5
       8
       4
       6
      10
       6
       3
       9
       5
      10
       3
      10
       9
       4
       5
       3
       6
      12
       9
       6
       4
       5
       9
      11
       8
       5
       5
      10
       5
       7
       7
       7
       5
      11
       5
       2
       9
       8
      11
      10
       8
       5
       8
       7
       3
       8
       5
       6
      11
      12
      12
       8
       6
       9
      11
       7
       7
      12
       9
       5
      13
       6
       6
       8
       8
       5
       5
       8
       7
       5
       8
       6
       9
       8
      10
       9
       3
       4
       9
       4
       5
       2
      13
       3
       2
       4
       3
       1
       8
       2
       1
      10
       3
       4
       8
       5
       7
       9
      11
       5
       7
       2
       3
       6
      10
       4
       7
       8
       2
       8
       7
       6
       6
       5
       4
       4
       4
       7
       4
       3
       6
       4
       7
       5
       0
       9
       5
       2
       7
       8
       4
       2
       2
       3
       2
       8
       8
       3
       6
       3
       6
       2
       3
       7
       4
       3
       4
       4
       6
       3
       3
       2
       6
       6
       5
       2
       7
       0
       6
       6
       2
       5
       6
       2
       5
       5
       4
       2
       2
       2
       6
       4
      11
       2
       5
       4
      10
       2
       8
       7
       7
       3
       2
       8
       3
       8
       4
       3
       3
       5
       5
       7
       4
      10
       6
       5
       8
       7
       7
       8
       5
       7
       7
       4
      11
       4
       5
       8
       5
       9
      10
      13
       5
      10
       9
       6
       9
       6
      13
      10
      11
      10
      12
      15
       9
      12
       9
      12
      11
      13
      18
      10
       7
      15
      13
       8
      13
      12
      10
       9
      11
      13
      12
      14
      15
      10
       8
      18
      10
      21
      18
      14
      10
      12
      15
      13
       9
      11
      17
      15
       9
      16
      19
       8
       9
       9
      18
      16
      10
      20
      15
      12
      12
       9
      10
      11
       7
      14
       6
      12
      10
      10
      12
      12
      13
      12
      11
      13
       6
       5
       6
       9
      11
       7
       8
       6
       7
       4
       6
       1
       7
       9
       2
       3
       5
       7
       5
       9
       6
      10
       7
       3
       3
       5
       5
       2
       6
       0
       3
       2
       2
       2
       1
       5
       2
       1
       4
       2
       3
       4
       5
       1
       0
       4
       2
       4
       1
       3
       4
       0
       3
       3
       2
       0
       3
       2
       1
       1
       0
       1
       1
       4
       1
       0
       0
       0
       1
       0
       1
       1
       0
       0
       2
       1
       2
       1
       1
       1
$ROI:
1
356 503
$PRESETS:
Live Time
300
0
$ENER_FIT:
3.366946 1.602176
$MCA_CAL:
3
3.366946E+000 1.602176E+000 -1.165550E-005 keV
$SHAPE_CAL:
3
4.916061E+001 0.000000E+000 0.000000E+000
