$SPEC_ID:
No sample description was entered.
$SPEC_REM:
DET# 2
DETDESC# BGO detector for MSc Detector lab
AP# Maestro Version 7.01
$DATE_MEA:
11/09/2018 18:46:50
$MEAS_TIM:
300 302
$DATA:
0 1023
       0
       0
       0
       0
       0
     142
     818
    1041
    1164
    1286
    1553
    2091
    2469
    2765
    3033
    3362
    3383
    3393
    3107
    2779
    2539
    2105
    1849
    1559
    1347
    1117
     991
     882
     734
     761
     714
     705
     686
     695
     687
     678
     757
     738
     775
     781
     708
     780
     771
     783
     832
     808
     816
     875
     867
     899
     839
     852
     873
     851
     855
     899
     838
     858
     871
     851
     875
     866
     944
     884
     891
     867
     933
     888
     895
     900
     903
     890
     890
     885
     921
     924
     886
     872
     882
    1001
     922
     884
     870
     886
     942
     955
     912
     881
     889
     850
     918
     951
     947
     917
     929
     947
     939
     982
     975
     950
     965
     988
     971
     990
    1014
    1063
    1025
    1076
    1071
    1122
    1122
    1154
    1044
    1138
    1076
    1195
    1146
    1143
    1233
    1144
    1153
    1143
    1141
    1188
    1130
    1122
    1137
    1094
    1119
    1126
    1031
    1155
    1084
    1034
    1085
    1062
    1131
    1036
    1037
    1037
     961
    1000
    1038
     958
    1001
     975
     943
    1027
     974
     908
     993
     970
     987
     984
     923
     916
     896
     958
     953
     883
     907
     858
     901
     917
     833
     866
     847
     852
     825
     822
     808
     775
     802
     781
     843
     808
     776
     766
     740
     750
     758
     691
     704
     699
     738
     694
     698
     712
     645
     653
     711
     678
     697
     658
     668
     629
     637
     655
     654
     657
     652
     619
     605
     601
     603
     598
     640
     567
     594
     578
     561
     600
     541
     583
     519
     579
     537
     556
     512
     545
     536
     514
     520
     527
     543
     443
     520
     473
     508
     445
     500
     474
     474
     478
     446
     479
     454
     451
     457
     454
     454
     448
     465
     451
     414
     454
     432
     428
     400
     413
     395
     424
     412
     443
     403
     384
     417
     359
     400
     349
     375
     354
     395
     385
     381
     356
     365
     395
     379
     320
     363
     340
     342
     335
     314
     346
     328
     327
     306
     328
     316
     307
     285
     294
     312
     321
     324
     292
     285
     284
     307
     284
     268
     271
     229
     245
     253
     244
     230
     248
     200
     210
     210
     221
     213
     185
     187
     206
     220
     191
     156
     167
     166
     181
     173
     191
     175
     158
     146
     153
     137
     173
     136
     138
     158
     164
     148
     145
     147
     143
     137
     130
     153
     157
     157
     180
     162
     151
     168
     183
     183
     183
     229
     183
     197
     219
     242
     248
     244
     275
     279
     282
     327
     316
     349
     342
     402
     420
     447
     477
     493
     563
     596
     673
     666
     737
     743
     841
     916
     978
    1102
    1056
    1243
    1291
    1415
    1486
    1664
    1689
    1795
    1942
    2072
    2175
    2373
    2454
    2525
    2758
    2829
    2979
    3170
    3245
    3376
    3518
    3615
    3737
    3878
    4017
    4183
    4376
    4452
    4387
    4573
    4673
    4656
    4681
    4767
    4978
    4802
    4838
    4872
    4974
    4887
    4912
    4892
    4877
    4663
    4721
    4589
    4400
    4391
    4335
    4264
    4027
    3916
    3891
    3633
    3466
    3463
    3355
    3241
    3133
    2822
    2813
    2638
    2473
    2413
    2141
    2095
    1978
    1832
    1753
    1616
    1554
    1384
    1341
    1210
    1071
    1056
     927
     932
     785
     714
     744
     623
     590
     489
     475
     394
     431
     323
     297
     256
     284
     238
     232
     168
     186
     163
     113
     130
     108
      91
      62
      74
      60
      59
      48
      48
      40
      43
      41
      38
      37
      34
      24
      29
      24
      14
      17
      16
      16
      13
      12
       7
      12
      10
      17
      16
      15
      13
       8
      18
      14
      11
      10
       9
       9
      11
      11
       8
      15
       6
      10
      15
      10
      13
       5
      16
      11
      13
      11
       8
      15
      13
      11
      18
      14
      10
      10
      14
      10
      20
       8
      10
       6
       8
      13
       8
      13
       9
       9
      12
       8
      12
      11
      16
      16
       6
       3
      13
      15
       8
      11
      12
       9
       6
       7
       6
      15
       8
      15
      16
      14
       8
       9
      16
      17
      15
      11
      10
       9
      10
      15
      11
       5
       8
       8
      16
      12
      10
      16
      10
       8
      13
       5
       7
       7
      11
      12
      19
       8
      15
      11
      10
       9
      14
      15
       6
      10
       9
       4
      10
       5
      13
      15
       6
       9
       5
      10
      12
      10
      14
       7
       5
       7
      12
       7
      10
       4
       5
       4
       8
      13
       5
       9
       7
       7
       7
       3
       6
      10
      11
       6
       6
      12
      14
       6
       9
       5
       7
       4
       5
      11
       8
       6
       9
       5
       8
       7
       6
       9
       7
       6
       6
       9
      10
       5
      11
       9
       6
      11
       9
       6
      10
       8
       5
       5
       6
       5
       9
       5
       6
       9
       6
       5
       7
       9
       9
       5
       9
       5
       8
       7
       9
       7
       5
       9
       6
       9
       8
       7
       3
       6
       7
       8
      14
       9
       7
       5
      10
       6
       5
       2
       5
       5
       9
       8
       8
      10
       7
       5
       8
       8
       3
       5
       8
       6
       7
       6
      10
       5
       5
       6
       7
       8
      16
       9
       7
       4
       1
       8
       6
      14
       8
       8
       6
       9
       4
       6
       9
       7
       4
       9
       4
       5
       5
       5
      11
      10
       7
       6
       4
       7
       6
       4
       2
       5
       3
       3
      12
      10
       4
       3
      11
       6
       9
       8
       6
       7
       4
       5
       5
       5
       6
       6
       4
       4
       5
       5
       5
       2
       6
       7
       6
       3
       6
       5
       3
       6
       6
       8
       8
       6
       2
       6
       5
       4
       5
       6
       7
       4
       6
       8
       2
       6
       3
       5
       4
       1
       5
       6
       5
       2
       6
       3
       3
       5
       4
       8
       3
       5
       3
       4
       4
       6
       1
       8
       3
       4
       9
       3
       4
       8
      11
       4
       1
       0
       5
       6
       3
       5
       3
       4
       5
       5
       8
       5
       7
       6
       7
      10
       6
       6
       8
      13
       3
       8
       8
      12
      10
       6
       3
       9
       2
       7
      11
      14
      11
       3
      14
      15
      14
       6
       9
       7
       6
      10
       9
      13
      12
       9
      13
      15
      15
       9
      20
      15
      16
      15
      12
      14
      12
      12
      17
      22
      11
      21
      13
      15
      17
      14
       9
      16
      10
      19
      17
      11
      14
      17
      14
      10
      21
      20
      19
      11
      10
       9
      13
      15
      15
      12
      13
      13
      14
      15
      13
      12
      17
       7
      12
       6
      13
      10
       7
       6
      14
       9
      12
       8
      12
       5
      11
       9
       4
       9
       5
       6
       5
      14
       5
       6
       2
       4
       7
       8
       9
       9
       6
       7
       5
       4
       4
       5
       4
       3
       5
       3
       5
       9
       3
       5
       3
       5
       2
       6
       3
       3
       3
       2
       2
       1
       1
       3
       0
       1
       1
       1
       8
       4
       0
       0
       0
       0
       2
       2
       2
       2
       1
       1
       2
       1
       0
       1
       1
       3
       2
       1
       2
       0
       1
       3
       1
       4
       1
       0
       3
       1
       1
       2
       2
       0
       2
       0
       0
       1
$ROI:
1
356 503
$PRESETS:
Live Time
300
0
$ENER_FIT:
3.366946 1.602176
$MCA_CAL:
3
3.366946E+000 1.602176E+000 -1.165550E-005 keV
$SHAPE_CAL:
3
4.916061E+001 0.000000E+000 0.000000E+000
