$SPEC_ID:
No sample description was entered.
$SPEC_REM:
DET# 2
DETDESC# BGO detector for MSc Detector lab
AP# Maestro Version 7.01
$DATE_MEA:
11/09/2018 19:50:42
$MEAS_TIM:
300 302
$DATA:
0 1023
       0
       0
       0
       0
       0
     138
     805
     945
     972
    1250
    1434
    1760
    2023
    2372
    2631
    2743
    2770
    2760
    2604
    2252
    1977
    1837
    1554
    1347
    1119
     983
     834
     820
     708
     722
     708
     627
     653
     704
     671
     745
     752
     730
     750
     751
     784
     755
     819
     869
     807
     832
     905
     893
     922
     912
     854
     862
     884
     849
     994
     940
     902
     935
     919
     906
     892
     866
     881
     864
     907
     930
     915
     926
     914
     926
     936
     942
     938
     947
     939
     869
     964
     938
     947
     927
     889
     962
     871
     937
     875
     915
     972
     907
     948
     987
     942
     934
    1010
     976
     933
     956
    1037
    1038
    1049
    1056
    1028
    1050
    1055
    1049
    1075
    1120
    1091
    1117
    1158
    1115
    1152
    1131
    1155
    1197
    1180
    1088
    1209
    1151
    1180
    1139
    1111
    1097
    1118
    1098
    1119
    1124
    1046
    1122
    1041
    1077
    1036
    1082
    1018
    1052
     995
    1063
     986
    1004
     984
    1004
     958
     915
     970
     911
     936
     925
     889
     951
     897
     898
     878
     882
     909
     887
     865
     889
     821
     831
     826
     836
     796
     791
     788
     749
     803
     804
     806
     711
     778
     759
     810
     723
     705
     709
     742
     710
     689
     703
     664
     696
     663
     647
     665
     662
     637
     642
     651
     681
     620
     627
     621
     650
     596
     641
     566
     579
     548
     574
     550
     554
     594
     557
     546
     577
     582
     571
     580
     522
     531
     554
     525
     562
     552
     537
     553
     480
     491
     462
     514
     484
     469
     488
     519
     459
     491
     507
     483
     459
     442
     450
     431
     447
     462
     401
     436
     394
     407
     402
     417
     437
     399
     377
     438
     392
     391
     413
     409
     396
     397
     405
     393
     348
     361
     368
     396
     366
     372
     359
     397
     345
     327
     355
     370
     332
     309
     334
     328
     345
     349
     311
     350
     310
     323
     310
     326
     293
     298
     307
     304
     329
     265
     255
     284
     286
     263
     246
     284
     254
     261
     261
     235
     264
     220
     218
     218
     248
     228
     244
     212
     194
     215
     192
     177
     178
     189
     173
     175
     173
     175
     170
     158
     160
     146
     143
     117
     145
     129
     147
     141
     129
     130
     140
     124
     136
     123
     128
     134
     120
     123
     129
     156
     138
     141
     129
     152
     156
     145
     182
     156
     177
     181
     181
     192
     177
     208
     221
     217
     221
     266
     253
     268
     281
     288
     325
     332
     394
     400
     419
     451
     505
     538
     597
     652
     665
     766
     773
     897
     922
     918
    1063
    1081
    1249
    1329
    1422
    1546
    1520
    1615
    1715
    1918
    1986
    2093
    2241
    2381
    2455
    2572
    2593
    2842
    2935
    3000
    3102
    3242
    3483
    3453
    3607
    3690
    3747
    3717
    4061
    3966
    4170
    4149
    4105
    4178
    4146
    4240
    4135
    4172
    4211
    4183
    4183
    4221
    4126
    4005
    4102
    3982
    3974
    3848
    3643
    3713
    3560
    3362
    3331
    3100
    3028
    3007
    2819
    2649
    2634
    2412
    2341
    2293
    2191
    1939
    1906
    1770
    1692
    1602
    1502
    1333
    1315
    1198
    1155
    1025
     985
     866
     831
     795
     706
     649
     577
     548
     455
     458
     402
     377
     314
     318
     261
     236
     209
     201
     173
     159
     154
     113
     112
     113
      93
      98
      73
      60
      66
      54
      46
      41
      50
      34
      28
      23
      39
      32
      24
      25
      22
      11
      12
      13
      14
      21
      21
      14
      17
      20
      16
      15
      12
       9
      11
       9
      15
      12
      17
      14
      10
      13
      20
       5
      15
      10
      11
      11
      11
      12
      11
      17
      18
      10
      14
       9
       5
      11
       7
      13
       8
      11
       8
       9
       6
       8
       6
      10
      14
      15
      11
      12
       4
      11
       8
       7
      11
      12
      11
      11
      14
      10
      11
      16
      14
      11
      12
       5
      12
      11
      11
      12
       7
       6
      16
       7
       7
       8
       9
      10
      12
      14
      13
      11
      16
      13
      15
       6
      12
      11
       8
       8
       8
      11
      10
      21
       7
      10
      11
       4
       7
       8
      11
       8
       6
       7
      19
      11
       8
      10
      11
      12
      12
       8
      11
      15
       8
       6
       7
       4
       8
       4
      11
      10
       9
       6
       7
       9
      13
       7
       8
       7
      11
       6
       9
       9
       9
       5
       8
      10
       9
       6
       6
       5
       3
       5
       7
       8
      10
       6
       6
       5
       7
      13
      12
       4
       6
       5
       7
      12
       5
       9
       7
       9
      12
       9
       4
       7
      10
       6
      17
       3
       9
       5
       5
       9
       7
       8
       6
       6
       7
      11
       4
       6
       5
       7
       4
       8
       5
      12
       6
       8
       9
      11
      10
       4
      10
       8
       8
       5
      10
       8
       7
      11
       9
      10
      12
      11
       6
       6
       6
       7
       7
       8
      10
       5
       5
      12
       5
       9
       9
       5
      14
       6
       3
       6
       5
       5
       9
       7
       4
      10
       9
      10
       5
       6
       6
       5
       2
       6
       5
       4
       4
       5
       9
       7
       7
       8
       6
       6
       2
       9
       5
       6
       5
       3
       6
       7
       3
       5
       3
       5
       5
       2
       6
       6
       6
       6
       5
       5
       8
       7
       5
       4
      10
       8
      10
       3
       7
       6
       5
      11
       8
       4
       3
       8
       5
      11
       2
       8
       1
       4
       1
       6
       8
       8
       4
       4
       5
       5
       6
       3
       3
       6
       3
       2
       3
       5
       8
       6
       1
       4
       5
       5
       7
       9
       4
       7
       2
       5
       7
       4
       6
       4
       5
       5
       3
       4
       8
       8
       4
       3
       5
       4
      10
       3
       8
       3
       4
       3
       5
       6
       1
       1
       4
       8
       5
       1
       2
       9
       1
      10
       4
       5
       4
       5
       7
       5
       4
       7
       6
       7
       3
       8
       6
       7
       4
       5
      14
       5
       7
       8
       7
       8
       8
      11
       2
       9
       5
       9
       8
       8
       8
       7
       6
       6
       7
       7
      14
       9
       6
       9
       4
      13
      13
      15
      14
      10
      16
       9
      15
      20
      14
      11
      16
      10
      21
       8
      11
      12
      12
      17
      16
      16
      12
      12
      19
      20
      18
      10
      14
      17
      13
       8
      20
      10
       9
      20
      19
      19
      12
      11
      14
      17
      11
      12
      14
      16
      16
       9
      16
      11
      12
       9
      11
      10
      12
      10
      10
       7
      10
      12
      11
      14
       8
       7
       6
      10
       9
      12
       5
       5
       5
       6
       7
       7
       6
       2
       7
      13
       5
       7
       5
       5
       6
       3
       5
       6
       5
       5
       4
       2
       8
       6
       1
       6
       5
       2
       4
       6
       2
       5
       3
       6
       3
       2
       1
       0
       2
       2
       1
       2
       7
       3
       0
       2
       1
       2
       0
       3
       3
       0
       0
       3
       2
       0
       0
       2
       3
       2
       3
       0
       1
       3
       1
       1
       1
       1
       1
       1
       0
       1
       1
       2
       0
       3
       0
       2
       1
       0
       2
$ROI:
1
356 503
$PRESETS:
Live Time
300
0
$ENER_FIT:
3.366946 1.602176
$MCA_CAL:
3
3.366946E+000 1.602176E+000 -1.165550E-005 keV
$SHAPE_CAL:
3
4.916061E+001 0.000000E+000 0.000000E+000
