$SPEC_ID:
No sample description was entered.
$SPEC_REM:
DET# 2
DETDESC# BGO detector for MSc Detector lab
AP# Maestro Version 7.01
$DATE_MEA:
11/09/2018 18:30:50
$MEAS_TIM:
300 302
$DATA:
0 1023
       0
       0
       0
       0
       0
     152
    1090
    1247
    1335
    1524
    2008
    2434
    2864
    3271
    3642
    3928
    3994
    3812
    3535
    3342
    3025
    2512
    2135
    1721
    1551
    1294
    1041
     978
     907
     874
     782
     812
     787
     840
     814
     821
     785
     873
     870
     893
     906
     915
     889
     928
     966
     929
    1004
     962
     961
     993
    1029
     996
     976
    1018
    1042
    1038
     972
     997
     986
    1049
    1008
    1004
    1057
    1028
    1045
    1087
    1068
     996
    1057
    1055
    1062
    1061
    1061
    1069
    1074
    1144
    1069
    1090
    1095
    1072
    1097
    1095
    1114
    1107
    1041
    1079
    1090
    1066
    1110
    1040
    1091
    1108
    1107
    1117
    1182
    1142
    1117
    1216
    1133
    1136
    1211
    1227
    1199
    1232
    1280
    1310
    1293
    1285
    1281
    1331
    1341
    1293
    1379
    1340
    1373
    1426
    1439
    1392
    1451
    1374
    1425
    1427
    1438
    1491
    1424
    1407
    1399
    1459
    1421
    1462
    1430
    1398
    1318
    1365
    1352
    1386
    1372
    1378
    1388
    1296
    1338
    1311
    1298
    1275
    1316
    1252
    1260
    1307
    1319
    1332
    1203
    1266
    1261
    1165
    1177
    1255
    1189
    1141
    1126
    1172
    1147
    1118
    1142
    1130
    1068
    1060
    1006
    1065
    1092
    1037
    1078
    1070
     992
     973
     992
     996
     990
    1039
     988
     941
     963
     921
     932
     918
     883
     863
     875
     845
     862
     878
     812
     812
     847
     749
     810
     779
     803
     756
     744
     781
     791
     730
     799
     726
     753
     698
     696
     687
     709
     722
     722
     710
     656
     668
     604
     680
     642
     663
     612
     631
     576
     585
     623
     626
     576
     565
     601
     535
     584
     550
     545
     554
     564
     511
     506
     564
     550
     526
     512
     540
     501
     489
     546
     490
     521
     489
     449
     472
     470
     507
     470
     499
     503
     451
     451
     455
     458
     491
     457
     439
     419
     430
     420
     409
     401
     434
     444
     410
     419
     419
     365
     395
     370
     394
     387
     382
     375
     401
     377
     347
     362
     355
     380
     357
     358
     358
     331
     324
     332
     311
     290
     318
     324
     300
     303
     311
     270
     285
     251
     282
     237
     258
     253
     242
     254
     208
     233
     227
     236
     214
     243
     199
     194
     191
     204
     189
     173
     162
     166
     173
     202
     171
     198
     172
     157
     171
     196
     158
     170
     189
     181
     193
     197
     191
     181
     189
     219
     213
     214
     212
     243
     215
     269
     226
     258
     247
     293
     339
     352
     360
     383
     406
     407
     472
     450
     508
     530
     581
     617
     601
     725
     777
     786
     926
     864
    1031
    1149
    1167
    1387
    1421
    1503
    1591
    1761
    1958
    2015
    2100
    2284
    2398
    2589
    2763
    2854
    3065
    3191
    3493
    3674
    3817
    4001
    4186
    4400
    4653
    4747
    4982
    5178
    5189
    5519
    5576
    5652
    6038
    5811
    6113
    6298
    6382
    6351
    6319
    6579
    6590
    6490
    6751
    6622
    6560
    6516
    6596
    6597
    6308
    6277
    6173
    5954
    6035
    5792
    5744
    5494
    5310
    5261
    5027
    4945
    4742
    4516
    4349
    4123
    3838
    3776
    3644
    3381
    3225
    2957
    2783
    2700
    2579
    2376
    2303
    2045
    1956
    1794
    1696
    1540
    1458
    1369
    1227
    1128
    1029
     938
     863
     761
     713
     662
     569
     530
     479
     403
     389
     374
     336
     319
     253
     233
     198
     210
     161
     137
     141
     132
     100
      89
      87
     111
      61
      74
      67
      53
      40
      32
      45
      38
      23
      26
      17
      21
      20
      18
      29
      28
      20
      15
      17
      19
      22
      17
      27
      13
      15
      20
      18
      17
      18
       8
      11
      13
      13
      18
       9
       9
      15
      11
      18
      15
      10
       9
      13
      17
      20
      13
      11
       9
      14
      15
       9
      14
      11
      14
      11
      13
       9
      17
      14
       7
       8
      11
      10
      12
      13
      14
      12
      13
      10
      14
      10
       6
       9
       7
      10
      11
      12
      13
      15
      15
      10
       9
      12
      10
       5
      10
       8
      13
      10
      12
      16
      12
       8
      13
      15
       7
       7
      11
      13
       9
       6
      12
       9
      13
      14
       7
      12
      11
      10
      10
      13
       9
      11
      13
      15
       9
      18
      10
       3
      12
      10
      11
       5
      10
       6
      15
       8
      10
      12
      11
      10
       8
       9
       9
       6
      10
      19
      11
       9
       9
       8
      10
       7
       6
      11
       8
      11
       4
       6
       7
       8
       9
       9
       8
      15
       7
       5
       4
      10
       8
       8
       7
       8
       7
       9
       5
       8
       7
       9
       7
      11
       6
       4
       6
       8
       6
      12
       8
       7
       6
       5
       3
       7
       6
      10
       8
       8
       8
       8
       4
       2
       7
       8
       9
       4
       4
       9
       8
       7
       5
       9
       6
      12
      11
       7
      12
       9
      11
       9
      10
       3
      11
      12
       8
       9
      11
      13
       6
      11
       8
       8
       9
       6
      14
       8
       3
      11
       8
      11
      10
       7
       4
       7
       6
       6
      10
       8
      11
       5
       3
      11
       9
      11
       5
       6
       7
       4
       9
       6
       5
       9
       9
       9
      13
       7
       4
      14
      12
       2
       5
       4
       8
       4
       7
       8
       5
       9
       6
       5
       5
      10
       6
       8
       7
       5
       4
      12
       5
       6
       3
       6
       6
      10
       6
      11
       6
       7
       4
       7
       3
       4
       9
       6
       4
       8
      10
       4
       3
       2
       6
       5
       8
       6
       5
       4
       5
       7
       7
       8
       2
       5
       6
       7
       6
       7
       8
      10
       4
       7
       7
       8
       3
       6
       7
       4
       4
       3
       4
       6
       5
       5
       7
       4
       4
       7
       9
       2
       5
       8
       8
       5
       5
       6
       5
       5
       6
       4
       5
       6
       3
      11
      10
       7
       4
       4
      10
       5
       7
       4
       4
       3
       4
       4
       7
       7
      11
       7
       4
       5
       5
       3
       4
       8
       6
       5
       7
       6
       3
       5
      12
       5
       4
       7
       5
       5
       5
       7
       8
       7
       3
       8
       8
       3
      12
      18
      14
       7
       4
       6
       9
      11
       6
      10
       4
      15
      12
      14
      10
       7
       8
      13
      12
       6
      19
       8
      13
      13
      20
      20
      14
      16
      13
      10
      20
      21
      20
       8
       8
      12
      10
      10
      21
      14
      15
      11
      13
      10
      11
      12
      11
      16
      13
      12
      10
      20
      12
       9
      10
       4
      15
      10
      13
       9
      10
      14
      10
      11
      13
       7
      16
      12
      10
       9
      12
       6
      10
      11
      14
       7
       8
       5
       6
       8
      13
      12
      10
       1
       6
       3
       7
       4
       6
       8
       1
       6
       5
       4
       4
       4
       6
       2
       4
       7
       7
       5
       0
       6
       4
       2
       2
       3
       3
       2
       5
       3
       5
       1
       2
       2
       1
       2
       2
       2
       1
       1
       3
       1
       1
       3
       1
       0
       2
       0
       2
       1
       2
       1
       3
       1
       2
       4
       1
       1
       2
       1
       2
       0
       3
       2
       2
       0
       3
       0
       1
       0
       0
       1
       2
       1
$ROI:
1
356 503
$PRESETS:
Live Time
300
0
$ENER_FIT:
3.366946 1.602176
$MCA_CAL:
3
3.366946E+000 1.602176E+000 -1.165550E-005 keV
$SHAPE_CAL:
3
4.916061E+001 0.000000E+000 0.000000E+000
