$SPEC_ID:
No sample description was entered.
$SPEC_REM:
DET# 1
DETDESC# SPACESCIENCE7 digiBASE-RH SN 15121435
AP# Maestro Version 7.01
$DATE_MEA:
10/26/2018 14:49:32
$MEAS_TIM:
1000 1002
$DATA:
0 1023
       0
       0
       0
       0
       0
       0
       0
       0
       0
       0
      81
   16374
   50771
   46516
   29625
   15958
    8839
    5875
    5264
    5298
    5614
    5792
    5874
    6052
    6278
    7096
    8010
    9086
   10881
   12864
   14394
   14306
   13208
   10527
    8234
    6322
    4958
    4356
    3836
    3780
    3685
    3479
    3444
    3357
    3249
    3330
    3342
    3265
    3212
    3169
    3329
    3179
    3399
    3448
    3409
    3549
    3535
    3448
    3516
    3464
    3512
    3257
    3249
    3132
    3116
    3045
    2943
    2870
    2886
    2793
    2613
    2576
    2368
    2370
    2243
    2213
    2116
    2117
    2039
    1915
    1876
    1814
    1742
    1760
    1619
    1552
    1612
    1570
    1578
    1571
    1618
    1660
    1668
    1712
    1997
    2051
    2102
    2232
    2255
    2343
    2508
    2527
    2737
    2530
    2642
    2731
    2723
    2671
    2467
    2396
    2312
    2232
    2284
    2379
    2559
    2751
    3048
    3363
    3681
    3966
    4279
    4583
    4581
    4631
    4668
    4567
    4243
    4059
    3581
    3259
    2911
    2554
    2192
    1969
    1686
    1514
    1195
    1097
     909
     784
     665
     604
     474
     430
     390
     311
     266
     265
     244
     211
     198
     169
     171
     156
     155
     141
     141
     165
     112
     116
     120
     111
     108
     108
     102
      97
     123
      99
     119
      97
      94
      98
     102
      88
      82
      90
      91
      85
      84
      92
     110
      94
      94
      94
      96
      89
      92
      80
      83
      94
      91
      88
      93
      92
      88
     104
     107
      95
      84
      96
      85
      82
      89
      69
      90
      94
      83
      86
      87
      95
      95
      73
      64
      76
      78
      72
      76
      62
      56
      62
      78
      61
      65
      55
      65
      60
      43
      57
      45
      30
      53
      79
      55
      53
      39
      47
      43
      42
      53
      51
      62
      49
      44
      43
      50
      47
      48
      46
      43
      47
      51
      42
      40
      36
      60
      49
      48
      43
      44
      35
      29
      43
      41
      40
      54
      50
      42
      41
      46
      35
      29
      39
      42
      45
      37
      41
      37
      38
      32
      40
      40
      42
      33
      40
      37
      39
      41
      36
      33
      40
      31
      47
      42
      46
      29
      53
      33
      28
      46
      38
      40
      49
      34
      33
      33
      23
      36
      51
      32
      28
      35
      25
      31
      50
      39
      40
      32
      35
      44
      32
      37
      43
      38
      44
      36
      32
      41
      32
      28
      44
      31
      36
      32
      29
      27
      31
      24
      29
      16
      36
      25
      33
      33
      35
      29
      30
      30
      27
      32
      32
      40
      23
      17
      28
      32
      32
      31
      21
      33
      36
      22
      33
      31
      42
      29
      36
      22
      41
      29
      22
      28
      31
      42
      36
      25
      21
      32
      25
      26
      29
      22
      30
      25
      24
      26
      34
      20
      28
      27
      19
      25
      33
      25
      27
      24
      16
      22
      30
      23
      28
      21
      17
      18
      23
      24
      19
      14
      23
      16
      18
      15
      14
      16
      28
      17
      19
      16
      16
      21
       9
      11
      24
      10
      17
      12
      17
      13
      14
      12
      18
      12
      12
      11
      19
      23
      13
      11
      13
      10
      13
      14
      15
      12
      17
      12
      19
      14
      19
      20
      25
      24
      17
      24
      16
      18
      21
      25
      20
      31
      26
      23
      28
      35
      30
      37
      32
      31
      32
      35
      35
      28
      34
      28
      26
      19
      26
      23
      28
      21
      25
      23
      31
      23
      17
      24
      19
      13
      10
      17
      23
      11
      20
      21
      20
      17
      14
      17
      15
      16
      10
      15
      14
       9
       8
      13
       3
       9
       7
       3
      12
      10
       8
      13
       5
       7
      10
      10
       8
       8
       7
       9
      10
       5
       9
       6
      10
       5
       9
       7
       3
       6
       9
       6
       7
       4
       4
       7
       8
       7
       9
       3
       9
       3
       3
       4
       6
       3
       5
       6
       8
       6
       3
       3
       2
       4
       3
      10
       2
       7
       6
       4
       1
       5
       7
       5
       4
       7
       5
       5
       4
       6
       3
       5
       6
       3
       4
       3
       2
       4
       6
       3
       4
       7
       2
       2
       5
       3
       4
       6
       8
       6
       3
       1
       7
       7
       1
       4
       5
       4
       3
       4
       2
       3
       2
       4
       2
       2
       1
       2
       2
       0
       3
       1
       2
       5
       3
       1
       1
       4
       1
       2
       2
       2
       0
       1
       1
       3
       2
       1
       3
       1
       1
       3
       1
       2
       2
       0
       0
       3
       1
       4
       1
       1
       1
       2
       4
       0
       4
       2
       3
       7
       1
       2
       3
       4
       0
       2
       3
       0
       3
       3
       3
       2
       2
       1
       4
       2
       3
       2
       3
       1
       1
       4
       3
       0
       2
       2
       1
       1
       3
       4
       2
       1
       2
       2
       1
       3
       5
       2
       2
       3
       0
       3
       1
       0
       1
       0
       4
       1
       3
       0
       2
       1
       7
       4
       4
       1
       1
       2
       1
       4
       2
       1
       0
       5
       0
       1
       0
       2
       4
       0
       1
       4
       5
       0
       1
       2
       1
       4
       2
       5
       2
       5
       0
       1
       2
       1
       3
       1
       1
       2
       0
       3
       1
       4
       0
       1
       1
       0
       1
       0
       1
       0
       0
       1
       2
       0
       1
       0
       1
       1
       2
       0
       0
       2
       1
       2
       2
       1
       0
       2
       0
       2
       1
       5
       1
       0
       0
       0
       0
       0
       3
       2
       2
       2
       1
       0
       2
       1
       1
       0
       2
       2
       0
       0
       2
       2
       3
       3
       3
       2
       0
       5
       1
       3
       0
       0
       2
       0
       0
       3
       2
       0
       0
       1
       1
       1
       0
       2
       1
       1
       3
       3
       2
       0
       0
       0
       1
       2
       0
       0
       0
       2
       2
       4
       0
       0
       0
       2
       3
       1
       1
       0
       0
       2
       1
       1
       0
       2
       0
       1
       0
       0
       0
       0
       1
       1
       0
       1
       1
       0
       2
       2
       1
       0
       0
       0
       0
       0
       0
       0
       1
       1
       0
       1
       1
       0
       0
       0
       0
       0
       0
       0
       1
       0
       0
       0
       0
       1
       0
       0
       0
       0
       0
       0
       0
       1
       1
       1
       0
       0
       0
       0
       0
       0
       0
       0
       0
       2
       0
       0
       0
       0
       1
       0
       0
       0
       1
       0
       0
       0
       0
       0
       0
       1
       1
       0
       0
       0
       1
       1
       0
       0
       0
       0
       0
       1
       1
       0
       0
       0
       0
       0
       0
       0
       0
       1
       1
       0
       0
       1
       0
       0
       1
       0
       0
       0
       1
       0
       0
       0
       0
       0
       2
       0
       0
       0
       0
       0
       0
       0
       1
       0
       0
       0
       0
       1
       0
       1
       1
       0
       1
       0
       0
       1
       0
       0
       0
       0
       0
       0
       0
       2
       1
       0
       0
       0
       0
       0
       0
       0
       0
       1
       0
       1
       0
       1
       0
       0
       0
       0
       1
       0
       0
       0
       0
       0
       0
       3
       0
       0
       0
       1
       0
$ROI:
0
$PRESETS:
Live Time
1000
0
$ENER_FIT:
2.582191 3.337790
$MCA_CAL:
3
2.582191E+000 3.337790E+000 -4.023110E-005 keV
$SHAPE_CAL:
3
0.000000E+000 0.000000E+000 0.000000E+000
