$SPEC_ID:
No sample description was entered.
$SPEC_REM:
DET# 1
DETDESC# SPACESCIENCE7 digiBASE-RH SN 15121435
AP# Maestro Version 7.01
$DATE_MEA:
10/25/2018 16:31:53
$MEAS_TIM:
1000 1002
$DATA:
0 1023
       0
       0
       0
       0
       0
       0
       0
       0
       0
       0
     105
   19414
   57347
   48643
   29267
   15262
    8626
    6325
    6366
    6905
    7495
    7617
    7784
    7936
    8569
    9540
   10513
   11914
   13308
   15098
   16070
   15616
   13753
   10863
    8338
    6341
    5071
    4410
    4253
    4000
    3884
    3971
    3779
    3699
    3724
    3827
    3775
    3664
    3708
    3759
    3814
    3904
    3856
    3974
    3965
    4000
    4029
    4001
    4035
    4021
    3810
    3666
    3584
    3594
    3578
    3435
    3381
    3309
    3320
    3032
    2994
    2863
    2802
    2715
    2608
    2556
    2367
    2368
    2300
    2099
    2149
    1958
    2075
    2001
    1942
    1923
    1851
    1790
    1932
    1967
    2018
    2111
    2150
    2260
    2442
    2534
    2607
    2768
    2857
    2988
    3092
    3223
    3220
    3190
    3252
    3360
    3336
    3189
    3126
    3076
    2970
    2946
    3090
    3202
    3370
    3608
    4021
    4382
    4728
    5057
    5452
    5450
    5651
    5598
    5516
    5247
    4950
    4562
    4245
    3765
    3378
    3029
    2687
    2288
    1995
    1685
    1496
    1331
    1114
     992
     870
     736
     629
     538
     422
     374
     351
     303
     259
     248
     233
     207
     199
     160
     179
     165
     146
     138
     129
     116
     139
     116
     135
     120
     113
     120
     103
     109
     108
      97
     122
     102
      93
      97
     102
      92
     104
      87
      89
     105
      97
     103
      80
      90
      88
      85
     106
      97
      91
      90
      98
     101
     100
      85
      87
     102
      89
      89
      94
     101
      89
     101
      90
      99
      93
      88
      94
      90
      87
      78
      93
      88
      78
      74
      74
      91
      65
      71
      62
      69
      67
      73
      63
      72
      50
      66
      54
      71
      77
      59
      66
      66
      58
      61
      51
      62
      61
      54
      57
      43
      48
      39
      48
      48
      53
      46
      45
      48
      40
      47
      49
      44
      58
      37
      42
      55
      30
      37
      56
      47
      57
      52
      42
      49
      43
      45
      43
      29
      50
      32
      44
      50
      51
      43
      42
      36
      40
      28
      43
      45
      38
      34
      52
      45
      34
      42
      43
      30
      36
      43
      32
      43
      40
      37
      35
      46
      39
      41
      37
      34
      31
      45
      37
      40
      42
      44
      41
      41
      47
      37
      39
      39
      34
      34
      33
      38
      27
      27
      29
      36
      39
      51
      40
      34
      44
      29
      27
      29
      24
      31
      32
      31
      29
      32
      27
      36
      21
      35
      24
      31
      30
      27
      29
      27
      29
      33
      31
      32
      22
      29
      31
      34
      25
      40
      28
      27
      26
      26
      29
      30
      30
      27
      22
      24
      32
      31
      26
      30
      35
      25
      20
      34
      36
      30
      24
      29
      35
      26
      36
      31
      37
      23
      19
      24
      24
      26
      18
      25
      25
      25
      24
      28
      24
      34
      20
      25
      24
      29
      25
      24
      19
      18
      24
      21
      28
      17
      17
      19
      22
      14
      21
      17
      14
      22
      18
       7
      15
      16
      16
      26
      12
      13
      13
      12
      19
      16
      14
      23
      17
      17
      16
      13
      16
      20
      24
      14
      17
      12
      23
      15
      17
      13
      19
      13
      14
      19
      20
      17
      17
      12
      22
      22
      21
      29
      29
      19
      24
      21
      28
      31
      25
      34
      33
      28
      26
      31
      41
      29
      44
      33
      19
      26
      30
      34
      26
      30
      25
      25
      25
      29
      25
      26
      22
      22
      18
      17
      19
      14
      18
      20
      19
      17
      15
      12
      17
      16
       8
      13
      15
      15
      15
       8
      12
      13
      10
      14
       7
       8
       5
      12
       6
       6
       8
       7
       9
       7
      14
      13
      10
       2
       2
       3
       6
       4
       4
       6
       9
       4
       4
      10
       4
       8
       8
       8
       9
       8
       4
       1
       8
       7
       9
       3
       7
       5
       7
       2
       7
       7
       7
       6
       3
       3
       4
       5
       2
       7
       5
       7
       6
       3
       8
       6
       2
       5
       5
       4
       4
       6
       2
       3
       8
       7
       3
       4
       7
       6
       5
       2
       0
       4
       0
       1
       1
       4
       6
       4
       3
       4
       6
       2
       0
       4
       2
       0
       4
       1
       3
       5
       1
       3
       4
       3
       8
       3
       2
       1
       1
       7
       5
       0
       4
       6
       2
       6
       1
       3
       4
       3
       4
       5
       4
       0
       1
       5
       2
       0
       4
       4
       3
       0
       1
       3
       2
       2
       3
       2
       3
       4
       1
       2
       4
       0
       3
       2
       4
       2
       3
       2
       2
       4
       1
       2
       0
       3
       4
       7
       4
       4
       3
       4
       0
       1
       4
       7
       1
       0
       3
       2
       0
       6
       3
       4
       3
       1
       5
       4
       1
       3
       0
       5
       2
       1
       1
       1
       3
       4
       2
       1
       1
       0
       1
       2
       3
       4
       2
       2
       0
       2
       3
       2
       0
       2
       2
       3
       2
       2
       3
       0
       5
       5
       2
       3
       1
       1
       2
       2
       1
       0
       1
       2
       1
       0
       1
       2
       1
       2
       1
       4
       1
       1
       1
       2
       3
       1
       0
       1
       0
       0
       0
       3
       3
       2
       3
       1
       1
       2
       1
       0
       2
       0
       3
       0
       2
       3
       1
       0
       3
       0
       1
       4
       0
       1
       1
       1
       1
       0
       1
       1
       1
       3
       0
       4
       4
       1
       1
       3
       1
       1
       0
       2
       1
       1
       1
       3
       2
       1
       0
       0
       1
       2
       0
       0
       3
       0
       1
       1
       3
       1
       1
       1
       4
       5
       2
       1
       2
       3
       0
       4
       0
       1
       2
       2
       1
       4
       1
       1
       0
       2
       2
       2
       0
       2
       2
       1
       3
       0
       1
       2
       1
       1
       0
       1
       1
       0
       1
       1
       0
       2
       0
       0
       1
       1
       0
       2
       1
       2
       1
       1
       0
       1
       1
       0
       0
       0
       0
       0
       1
       0
       0
       0
       0
       0
       0
       0
       1
       0
       0
       0
       0
       3
       0
       1
       0
       0
       0
       1
       0
       0
       1
       1
       0
       0
       0
       0
       1
       0
       0
       0
       0
       0
       0
       0
       1
       0
       0
       1
       0
       0
       0
       0
       1
       1
       0
       1
       1
       1
       0
       0
       0
       0
       0
       0
       0
       0
       0
       0
       0
       0
       0
       0
       0
       0
       2
       0
       0
       1
       0
       0
       0
       0
       0
       0
       0
       0
       0
       0
       0
       0
       0
       1
       0
       0
       0
       0
       0
       1
       0
       0
       1
       0
       0
       0
       0
       0
       0
       0
       0
       0
       0
       1
       0
       0
       0
       1
       1
       0
       0
       0
       0
       0
       0
       0
       0
       0
       0
       0
       1
       0
       0
       0
       0
       0
       0
       0
       0
       0
       0
       0
       0
       0
       1
       0
       0
       0
       0
       0
       0
       0
       0
       1
       0
       0
       0
       0
       0
       0
       0
       1
       0
       0
       0
       1
       0
       0
       0
       0
       1
       0
       0
       0
       0
       0
       0
       0
$ROI:
0
$PRESETS:
Live Time
1000
0
$ENER_FIT:
2.582191 3.337790
$MCA_CAL:
3
2.582191E+000 3.337790E+000 -4.023110E-005 keV
$SHAPE_CAL:
3
0.000000E+000 0.000000E+000 0.000000E+000
