$SPEC_ID:
No sample description was entered.
$SPEC_REM:
DET# 1
DETDESC# SPACESCIENCE7 digiBASE-RH SN 15121435
AP# Maestro Version 7.01
$DATE_MEA:
10/25/2018 15:56:04
$MEAS_TIM:
1000 1003
$DATA:
0 1023
       0
       0
       0
       0
       0
       0
       0
       0
       0
       0
     158
   25562
   72426
   59179
   33997
   16720
    8988
    7124
    7589
    8777
    9328
    9703
    9962
   10341
   10994
   12253
   13604
   15050
   16797
   18470
   18986
   17971
   14987
   11876
    8782
    6548
    5212
    4682
    4451
    4365
    4452
    4342
    4383
    4329
    4322
    4340
    4240
    4294
    4344
    4308
    4388
    4456
    4489
    4645
    4755
    4698
    4725
    4774
    4654
    4531
    4564
    4600
    4462
    4290
    4344
    4172
    4096
    3864
    3878
    3673
    3538
    3405
    3241
    3238
    3045
    2822
    2805
    2782
    2745
    2686
    2504
    2500
    2378
    2361
    2275
    2235
    2281
    2332
    2387
    2306
    2446
    2623
    2694
    2961
    3081
    3109
    3254
    3401
    3631
    3704
    3824
    3995
    4065
    4241
    4249
    4224
    4290
    4120
    4064
    3996
    3944
    4029
    4157
    4237
    4514
    4788
    5154
    5637
    6000
    6402
    6721
    7071
    7133
    6976
    6866
    6480
    6181
    5630
    5328
    4815
    4314
    3755
    3313
    2971
    2565
    2322
    2051
    1642
    1402
    1242
    1092
     905
     806
     667
     616
     451
     400
     350
     311
     308
     236
     218
     227
     203
     198
     168
     133
     155
     122
     110
     129
     146
     119
     140
     119
     108
      92
     100
     129
     106
     110
     116
     107
      90
     103
      80
     100
      87
      89
      90
      90
      98
     105
      89
      82
      87
      86
      78
      84
      88
      79
      88
      93
      96
      85
      94
      84
      80
      92
      89
      82
      81
      93
      98
      84
      80
      80
      79
      76
      98
      63
      82
      72
      78
      70
      54
      72
      59
      66
      56
      70
      60
      61
      63
      53
      52
      52
      62
      51
      53
      51
      47
      47
      46
      52
      51
      53
      52
      61
      47
      62
      47
      59
      45
      50
      47
      53
      28
      44
      47
      47
      58
      43
      37
      37
      41
      40
      62
      42
      46
      48
      52
      48
      36
      31
      43
      37
      38
      49
      41
      38
      36
      35
      46
      32
      29
      39
      37
      45
      48
      36
      39
      38
      42
      31
      36
      39
      31
      37
      42
      40
      37
      48
      31
      47
      37
      36
      29
      37
      20
      40
      40
      44
      46
      49
      36
      39
      39
      40
      30
      39
      33
      40
      31
      49
      45
      39
      33
      40
      28
      29
      26
      31
      29
      36
      29
      21
      37
      37
      30
      31
      28
      30
      26
      30
      33
      21
      24
      33
      30
      37
      23
      27
      33
      27
      23
      35
      17
      34
      29
      28
      25
      31
      23
      31
      31
      28
      28
      25
      23
      26
      20
      29
      26
      29
      27
      35
      32
      21
      27
      23
      24
      24
      36
      30
      30
      28
      26
      21
      16
      24
      22
      26
      42
      31
      29
      28
      16
      21
      15
      32
      17
      22
      21
      17
      17
      25
      28
      24
      16
      21
      18
      23
      25
      17
      22
      18
      14
      15
      13
      21
      20
      11
      23
      17
      17
      15
      17
      10
      15
      17
      22
      25
      16
      20
      13
      16
      14
      18
      11
      16
      15
      13
      12
      14
      14
      20
      13
      18
      21
      23
      15
      23
      18
      17
      21
      24
      24
      24
      25
      20
      24
      23
      31
      15
      24
      21
      26
      24
      29
      30
      39
      34
      28
      27
      34
      31
      25
      33
      31
      27
      28
      28
      35
      37
      25
      24
      21
      27
      26
      19
      16
      19
      23
      23
      18
      19
      18
      19
      11
      13
      15
      18
      14
      11
      11
       4
      14
      15
      10
      12
       6
      12
      14
       6
      10
       4
       7
       7
       7
      15
      12
       8
       9
       9
      11
       9
       5
       7
       7
       6
       6
       8
       5
       0
       8
       4
      13
       2
       2
       3
       6
       4
       3
       6
       3
       8
       7
       5
       4
       6
       3
       3
       2
       9
       5
       8
       6
       3
       4
       4
       3
       3
       2
       5
       6
       4
       0
       7
       1
       4
       2
       0
       3
       4
       7
       4
       5
       3
       7
       4
       4
       2
       3
       2
       1
       1
       7
       2
       1
       3
       6
       3
       1
       2
       4
       2
       1
       1
       3
       2
       2
       4
       3
       3
       4
       0
       3
       5
       4
       2
       2
       4
       3
       2
       2
       3
       1
       3
       4
       3
       1
       3
       2
       1
       2
       1
       4
       3
       3
       3
       2
       4
       0
       2
       0
       1
       1
       3
       2
       1
       3
       1
       2
       3
       3
       1
       3
       0
       4
       0
       1
       1
       3
       3
       4
       4
       1
       3
       3
       0
       3
       2
       2
       2
       2
       0
       1
       7
       3
       5
       6
       3
       4
       1
       0
       2
       3
       8
       1
       2
       3
       2
       4
       4
       2
       3
       1
       4
       3
       3
       1
       4
       2
       2
       4
       4
       2
       1
       5
       5
       1
       3
       1
       1
       0
       4
       2
       2
       4
       0
       2
       2
       4
       1
       2
       2
       0
       2
       2
       0
       3
       1
       3
       3
       2
       0
       2
       3
       0
       2
       3
       3
       1
       2
       2
       2
       2
       3
       3
       3
       1
       3
       2
       1
       1
       3
       1
       2
       4
       2
       3
       2
       2
       1
       0
       3
       2
       1
       1
       1
       0
       0
       2
       0
       2
       1
       0
       0
       2
       1
       1
       1
       1
       0
       0
       1
       2
       0
       0
       0
       0
       3
       1
       1
       2
       0
       0
       1
       3
       4
       2
       1
       3
       3
       1
       1
       2
       2
       0
       1
       2
       4
       4
       2
       1
       4
       5
       0
       2
       3
       2
       2
       0
       4
       3
       1
       1
       1
       1
       1
       1
       0
       1
       1
       4
       1
       0
       2
       1
       2
       2
       1
       0
       0
       0
       1
       1
       2
       1
       2
       0
       0
       0
       1
       0
       0
       0
       0
       0
       0
       0
       1
       2
       1
       0
       1
       1
       0
       0
       0
       0
       0
       0
       0
       0
       0
       0
       0
       0
       0
       0
       1
       1
       2
       2
       1
       2
       0
       0
       1
       0
       0
       0
       0
       0
       0
       0
       0
       0
       0
       0
       0
       0
       1
       0
       0
       0
       0
       1
       0
       0
       2
       1
       0
       0
       1
       0
       0
       0
       0
       0
       0
       0
       0
       0
       1
       0
       0
       1
       0
       0
       1
       0
       1
       1
       1
       0
       0
       0
       1
       0
       0
       0
       0
       0
       0
       0
       0
       0
       0
       0
       0
       0
       0
       0
       0
       0
       0
       0
       0
       0
       0
       0
       1
       0
       1
       0
       0
       1
       0
       0
       0
       0
       0
       1
       1
       1
       0
       0
       1
       0
       0
       0
       0
       0
       0
       2
       0
       0
       0
       0
       0
       1
       0
       0
       0
       0
       0
       0
       0
       1
       0
       0
       0
       0
       0
       0
       0
       0
       0
       0
       0
       0
       0
       0
       0
       0
       0
       0
       0
       1
       2
       0
       0
       0
       0
       0
       0
       0
       0
       1
       0
       0
       0
       0
       0
       1
       0
       0
       0
       0
       0
       0
$ROI:
0
$PRESETS:
Live Time
1000
0
$ENER_FIT:
2.582191 3.337790
$MCA_CAL:
3
2.582191E+000 3.337790E+000 -4.023110E-005 keV
$SHAPE_CAL:
3
0.000000E+000 0.000000E+000 0.000000E+000
