$SPEC_ID:
No sample description was entered.
$SPEC_REM:
DET# 1
DETDESC# SPACESCIENCE7 digiBASE-RH SN 15121435
AP# Maestro Version 7.01
$DATE_MEA:
10/26/2018 15:48:57
$MEAS_TIM:
1000 1003
$DATA:
0 1023
       0
       0
       0
       0
       0
       0
       0
       0
       0
       0
      89
   16859
   49691
   41314
   23823
   12252
    7556
    6826
    7720
    8919
    9609
   10082
    9754
   10136
   10864
   11854
   12837
   14257
   16152
   18146
   18642
   17482
   14799
   11519
    8693
    6806
    5802
    5136
    4894
    4838
    4882
    4673
    4610
    4613
    4837
    4591
    4609
    4615
    4681
    4584
    4764
    4767
    4768
    5015
    5008
    5113
    5044
    5039
    5241
    4995
    5008
    4831
    4791
    4780
    4637
    4492
    4339
    4157
    4064
    3960
    3775
    3686
    3570
    3419
    3412
    3246
    3299
    3054
    2991
    2948
    2855
    2797
    2750
    2612
    2584
    2616
    2657
    2568
    2595
    2713
    2785
    2811
    2998
    3018
    3159
    3277
    3461
    3623
    3640
    3901
    4019
    4200
    4344
    4462
    4439
    4511
    4324
    4288
    4199
    4149
    4091
    4016
    4046
    4155
    4525
    4827
    5210
    5380
    5865
    6337
    6623
    6886
    6993
    7169
    6863
    6506
    6261
    5993
    5338
    5006
    4564
    4124
    3682
    3168
    2863
    2530
    2109
    1930
    1762
    1439
    1280
    1100
     878
     804
     684
     589
     510
     422
     363
     324
     268
     248
     222
     220
     171
     193
     153
     140
     132
     144
     126
     119
     127
     112
     118
     130
     112
      88
      86
     106
     117
      91
     103
      77
      86
      89
     108
     105
      89
      81
      89
     107
      72
      97
      89
      96
      82
      93
      87
      70
     111
      82
      89
      76
      93
      79
      89
      87
      72
      69
      95
      68
      82
      89
      90
      81
      92
      73
      85
      71
      93
      83
      76
      65
      70
      62
      61
      76
      64
      73
      66
      69
      66
      61
      65
      40
      58
      56
      53
      50
      48
      50
      59
      54
      64
      49
      53
      47
      49
      66
      38
      47
      52
      63
      40
      50
      52
      50
      51
      54
      56
      49
      49
      50
      46
      56
      47
      42
      41
      48
      44
      42
      35
      47
      38
      48
      38
      52
      31
      43
      43
      40
      45
      45
      40
      40
      51
      47
      38
      29
      53
      42
      43
      45
      30
      41
      40
      31
      34
      35
      49
      42
      33
      37
      41
      29
      51
      30
      41
      41
      34
      32
      35
      34
      38
      30
      37
      41
      37
      34
      49
      38
      39
      34
      33
      34
      37
      23
      44
      33
      23
      34
      42
      33
      29
      44
      32
      30
      34
      38
      42
      26
      32
      28
      34
      29
      29
      24
      37
      32
      26
      33
      37
      31
      30
      38
      25
      29
      35
      37
      28
      22
      34
      30
      22
      39
      39
      25
      27
      40
      30
      27
      30
      31
      31
      33
      35
      28
      23
      29
      28
      28
      34
      31
      26
      36
      32
      36
      31
      20
      38
      24
      18
      22
      31
      23
      27
      28
      39
      19
      30
      31
      29
      26
      23
      29
      16
      32
      23
      20
      19
      24
      24
      11
      29
      13
      19
      15
      21
      14
      16
      21
      13
      22
      12
      12
      22
      14
      18
      15
      19
      20
      11
      11
      15
      11
      18
      11
      16
      22
      16
      13
      15
      19
      18
       9
      18
      22
      17
      11
      14
      17
      17
      17
      14
      18
      16
      16
      19
      18
      18
      27
      18
      15
      22
      26
      25
      22
      29
      31
      21
      33
      27
      29
      23
      24
      32
      31
      25
      19
      37
      35
      35
      31
      36
      26
      26
      36
      28
      29
      25
      32
      25
      27
      25
      20
      19
      20
      22
      22
      17
      17
      14
       9
      17
      12
      19
      17
      12
      15
      11
      11
      10
       7
       5
      11
       8
       8
      11
       9
      10
       6
      11
      10
      17
       3
      11
       5
       4
       9
       6
       8
       4
       8
       9
       8
       7
       5
       9
       6
       9
       4
       9
       4
       5
       5
       2
       7
       4
       4
       5
       3
       3
       4
       4
      11
       5
       6
       7
       5
       3
       2
       5
       2
       2
       3
       3
       7
       6
       7
       5
       7
       3
       7
       9
       1
       4
       5
       4
       4
       4
       8
       4
       8
       3
       8
       1
       5
       7
       4
       1
       4
       3
       6
       4
       5
       5
       4
       6
       3
       2
       1
       3
       3
       2
       3
       2
       8
       5
       3
       5
       4
       1
       4
       3
       1
       1
       1
       1
       3
       1
       2
       2
       3
       4
       3
       6
       4
       1
       2
       2
       1
       1
       0
       0
       2
       3
       1
       1
       1
       3
       3
       1
       2
       1
       1
       3
       3
       2
       5
       1
       1
       0
       1
       3
       2
       2
       0
       0
       1
       3
       3
       2
       3
       2
       3
       0
       3
       3
       3
       2
       1
       0
       3
       2
       0
       1
       3
       3
       2
       2
       4
       0
       1
       4
       3
       3
       3
       3
       2
       4
       1
       2
       6
       3
       2
       4
       3
       3
       2
       4
       0
       3
       3
       1
       2
       1
       1
       2
       4
       3
       3
       3
       2
       4
       6
       3
       3
       1
       2
       1
       4
       0
       3
       0
       2
       1
       1
       2
       3
       2
       1
       0
       2
       0
       3
       3
       1
       2
       2
       0
       0
       4
       2
       1
       3
       1
       1
       0
       0
       1
       1
       0
       2
       2
       2
       3
       0
       2
       0
       2
       2
       1
       0
       0
       1
       3
       2
       1
       2
       1
       1
       0
       0
       2
       1
       0
       1
       3
       3
       3
       1
       3
       1
       1
       0
       3
       0
       2
       0
       0
       0
       0
       1
       2
       1
       1
       1
       3
       1
       1
       0
       0
       3
       1
       2
       0
       2
       2
       2
       0
       0
       2
       4
       2
       2
       2
       2
       3
       2
       1
       3
       1
       3
       1
       3
       3
       2
       3
       5
       1
       2
       0
       4
       1
       1
       2
       2
       0
       2
       1
       0
       2
       0
       0
       0
       0
       0
       4
       2
       0
       1
       1
       0
       3
       0
       0
       2
       0
       0
       0
       1
       0
       0
       0
       1
       0
       0
       1
       1
       0
       3
       1
       0
       1
       0
       1
       0
       1
       2
       1
       3
       0
       0
       1
       0
       0
       0
       1
       1
       0
       0
       0
       2
       0
       0
       2
       0
       0
       1
       0
       0
       0
       0
       1
       0
       0
       0
       1
       0
       0
       1
       1
       0
       0
       0
       0
       0
       0
       0
       0
       0
       0
       1
       0
       0
       0
       0
       0
       0
       0
       0
       0
       0
       1
       0
       0
       0
       0
       0
       0
       1
       0
       0
       0
       0
       1
       0
       0
       0
       0
       1
       1
       0
       0
       0
       0
       0
       1
       0
       0
       0
       0
       0
       1
       0
       0
       0
       2
       0
       0
       0
       0
       0
       0
       0
       0
       2
       0
       0
       0
       0
       0
       0
       1
       1
       0
       0
       0
       0
       0
       0
       1
       0
       0
       1
       1
       0
       0
       1
       0
       0
       0
       0
       0
       0
       0
       0
       0
       0
       1
       0
       0
       0
       2
       0
       0
       0
       0
       1
       0
       0
       1
       0
       1
       1
       0
       1
       0
       0
       0
       0
       0
       0
$ROI:
0
$PRESETS:
Live Time
1000
0
$ENER_FIT:
2.582191 3.337790
$MCA_CAL:
3
2.582191E+000 3.337790E+000 -4.023110E-005 keV
$SHAPE_CAL:
3
0.000000E+000 0.000000E+000 0.000000E+000
