$SPEC_ID:
No sample description was entered.
$SPEC_REM:
DET# 1
DETDESC# SPACESCIENCE7 digiBASE-RH SN 15121435
AP# Maestro Version 7.01
$DATE_MEA:
10/26/2018 15:09:32
$MEAS_TIM:
1000 1002
$DATA:
0 1023
       0
       0
       0
       0
       0
       0
       0
       0
       0
       0
      98
   19238
   57059
   47417
   27906
   13904
    7620
    5941
    5867
    6470
    6975
    7059
    7109
    7421
    7867
    8736
    9902
   11204
   13172
   15070
   16309
   15770
   13574
   10612
    7824
    6045
    5004
    4301
    4086
    3813
    3788
    3793
    3751
    3683
    3598
    3576
    3571
    3588
    3553
    3623
    3587
    3674
    3668
    3711
    3873
    3825
    4005
    4015
    3817
    3827
    3745
    3796
    3690
    3550
    3527
    3443
    3351
    3286
    3239
    3099
    2978
    2897
    2716
    2599
    2611
    2397
    2364
    2278
    2244
    2148
    1987
    1977
    1941
    1875
    1857
    1809
    1813
    1783
    1734
    1796
    1879
    1927
    1910
    2197
    2074
    2268
    2371
    2527
    2543
    2722
    2827
    2935
    3018
    3076
    3273
    3196
    3028
    3035
    2945
    2781
    2808
    2694
    2718
    2847
    3129
    3328
    3614
    3931
    4245
    4528
    4815
    5154
    5304
    5269
    5173
    4962
    4741
    4469
    4045
    3625
    3331
    2943
    2639
    2269
    1985
    1821
    1586
    1318
    1112
     919
     810
     724
     640
     535
     467
     388
     360
     319
     286
     263
     234
     211
     194
     186
     181
     170
     151
     142
     106
     134
     132
     118
     103
     105
      99
     127
     118
      96
      97
     116
     121
     109
      87
      88
      98
     105
      87
      92
     107
      89
      93
      94
     100
      90
      72
      98
     104
      74
      85
      78
      80
      74
      98
      84
      79
      77
     104
      79
      80
      98
     102
      94
     102
     104
     105
     109
      78
     106
      72
      77
      94
      95
      63
      75
      91
      83
      58
      79
      62
      65
      52
      53
      64
      63
      54
      50
      57
      48
      53
      55
      53
      48
      54
      47
      60
      65
      62
      57
      45
      46
      51
      51
      47
      52
      50
      46
      42
      59
      42
      54
      50
      49
      44
      40
      40
      41
      39
      48
      43
      50
      53
      44
      56
      41
      32
      64
      46
      35
      22
      51
      43
      33
      43
      39
      32
      42
      48
      54
      39
      39
      41
      38
      38
      35
      42
      57
      36
      33
      35
      40
      35
      41
      47
      44
      44
      63
      45
      36
      30
      42
      34
      33
      36
      28
      50
      37
      34
      41
      42
      40
      39
      46
      29
      36
      37
      41
      24
      23
      29
      30
      34
      29
      33
      33
      31
      24
      32
      33
      23
      33
      31
      23
      23
      28
      35
      40
      31
      21
      30
      35
      26
      31
      21
      25
      29
      28
      26
      21
      29
      26
      22
      31
      28
      38
      23
      25
      26
      25
      27
      23
      29
      22
      40
      32
      23
      25
      39
      29
      27
      33
      22
      31
      28
      21
      27
      28
      38
      24
      30
      29
      28
      23
      32
      24
      23
      24
      16
      30
      26
      27
      25
      16
      33
      37
      19
      21
      24
      19
      30
      23
      20
      19
      21
      21
      21
      26
      16
      17
      19
      20
      15
      27
      16
      12
      16
      13
      24
      16
      17
      20
      15
      14
      24
      15
       9
      18
      17
      21
      27
      16
      21
      13
      20
      17
      18
      18
      18
      14
      14
      20
       9
      14
      17
      19
      20
      12
      20
      26
      24
      14
      26
      20
      20
      18
      21
      21
      26
      32
      20
      25
      25
      18
      34
      35
      35
      30
      33
      32
      35
      20
      32
      31
      19
      23
      26
      41
      27
      32
      23
      26
      15
      28
      23
      23
      22
      12
      21
      26
      26
      23
      18
      25
      12
      16
      18
      16
      12
      12
      23
      11
       9
      11
       5
      10
      13
      11
      12
      16
       6
       9
      12
      11
       8
       6
       2
      11
       5
       4
      10
      10
      10
       7
      10
      11
       6
      10
       7
      10
       3
       4
       9
       6
       5
       6
       4
       7
       3
       6
       4
       6
       2
       4
      10
       9
       9
       6
       5
       3
      11
       4
       4
       3
       3
       1
       4
       7
       7
       7
       6
       6
       6
       5
       5
       5
       5
       4
       2
       6
       3
       3
       5
       6
       6
       4
       4
       2
       5
       4
       5
       3
       4
       4
       5
       6
       3
       1
       3
       3
       2
       2
       2
       1
       4
       3
       2
       4
       1
       0
       1
       3
       2
       0
       5
       2
       3
       3
       4
       6
       4
       2
       0
       0
       2
       3
       3
       2
       1
       4
       0
       1
       1
       4
       2
       4
       2
       3
       1
       0
       3
       2
       2
       2
       1
       7
       2
       0
       2
       2
       3
       3
       0
       2
       3
       4
       4
       2
       2
       4
       3
       3
       1
       2
       1
       1
       1
       5
       2
       2
       0
       3
       2
       0
       2
       2
       5
       1
       2
       1
       5
       0
       2
       3
       4
       4
       8
       3
       3
       3
       1
       3
       2
       1
       4
       3
       2
       2
       3
       0
       0
       1
       4
       1
       3
       0
       1
       1
       2
       3
       1
       2
       2
       3
       1
       3
       3
       4
       5
       2
       1
       1
       0
       3
       3
       4
       3
       3
       0
       2
       1
       1
       2
       2
       1
       1
       1
       3
       4
       2
       1
       2
       0
       3
       1
       3
       0
       3
       1
       0
       4
       0
       0
       1
       0
       0
       4
       1
       1
       2
       1
       2
       1
       2
       2
       1
       2
       0
       2
       1
       2
       1
       1
       0
       2
       1
       0
       3
       2
       1
       0
       1
       1
       2
       2
       0
       1
       1
       1
       1
       1
       0
       2
       3
       2
       1
       1
       0
       1
       3
       1
       3
       2
       2
       1
       1
       1
       2
       0
       0
       2
       2
       0
       2
       3
       1
       5
       4
       1
       4
       4
       1
       1
       1
       3
       1
       1
       2
       5
       1
       4
       0
       1
       5
       3
       2
       1
       1
       1
       2
       0
       0
       0
       1
       2
       2
       0
       1
       0
       0
       1
       1
       1
       2
       0
       0
       0
       4
       0
       0
       0
       1
       1
       0
       3
       2
       0
       1
       0
       2
       0
       0
       0
       0
       1
       1
       1
       0
       2
       0
       0
       0
       0
       0
       0
       1
       0
       1
       0
       0
       0
       1
       1
       0
       0
       0
       0
       0
       2
       0
       0
       0
       1
       2
       0
       0
       0
       0
       0
       0
       0
       1
       0
       1
       0
       0
       0
       1
       0
       0
       0
       0
       0
       0
       1
       1
       0
       0
       0
       0
       0
       0
       0
       0
       0
       0
       0
       0
       2
       0
       0
       0
       0
       0
       0
       0
       0
       0
       0
       0
       0
       0
       0
       0
       0
       0
       0
       1
       0
       0
       0
       0
       0
       0
       0
       0
       0
       3
       0
       0
       1
       0
       0
       0
       0
       0
       0
       1
       0
       0
       0
       0
       0
       0
       0
       0
       0
       1
       0
       1
       0
       1
       0
       0
       0
       0
       0
       0
       0
       0
       0
       0
       0
       1
       0
       1
       0
       0
       0
       0
       0
       1
       0
       0
       1
       1
       0
       0
       0
       0
       0
       0
       1
       0
       0
       1
       0
       1
       0
       0
       0
       1
       0
       0
       0
       0
$ROI:
0
$PRESETS:
Live Time
1000
0
$ENER_FIT:
2.582191 3.337790
$MCA_CAL:
3
2.582191E+000 3.337790E+000 -4.023110E-005 keV
$SHAPE_CAL:
3
0.000000E+000 0.000000E+000 0.000000E+000
