$SPEC_ID:
No sample description was entered.
$SPEC_REM:
DET# 1
DETDESC# SPACESCIENCE7 digiBASE-RH SN 15121435
AP# Maestro Version 7.01
$DATE_MEA:
10/25/2018 16:56:59
$MEAS_TIM:
1000 1002
$DATA:
0 1023
       0
       0
       0
       0
       0
       0
       0
       0
       0
       0
      80
   16550
   51220
   47007
   30884
   17229
    9583
    6486
    5506
    5701
    5920
    6053
    6287
    6350
    6801
    7485
    8430
    9438
   11083
   12976
   15037
   14788
   13264
   10882
    8510
    6695
    5297
    4665
    4100
    3899
    3663
    3605
    3474
    3346
    3302
    3388
    3364
    3275
    3345
    3280
    3402
    3458
    3386
    3572
    3524
    3553
    3570
    3499
    3525
    3516
    3415
    3286
    3300
    3306
    3106
    3108
    3058
    2912
    2833
    2757
    2719
    2605
    2493
    2333
    2328
    2199
    2166
    2089
    2007
    1965
    1891
    1821
    1841
    1772
    1683
    1672
    1610
    1646
    1665
    1665
    1653
    1850
    1846
    1987
    2080
    2199
    2330
    2325
    2325
    2516
    2686
    2748
    2845
    2850
    2914
    2951
    2703
    2688
    2623
    2537
    2436
    2425
    2467
    2691
    2760
    3110
    3373
    3840
    4105
    4465
    4758
    4862
    4991
    4863
    4753
    4614
    4367
    4036
    3576
    3346
    2820
    2418
    2229
    1951
    1722
    1383
    1277
    1058
     936
     787
     667
     603
     464
     407
     396
     335
     285
     237
     239
     203
     182
     165
     158
     143
     165
     143
     147
     105
     107
     128
     116
     132
     112
     141
     119
     123
     105
     111
      99
     120
     106
     117
     113
      86
     111
      95
      83
      94
     114
      97
      76
      80
      98
      86
      97
     101
      98
     100
      86
      83
      90
      76
      96
      81
     113
      93
     102
      80
      92
      90
      91
      85
      79
      85
      76
      84
      90
      96
      87
      83
      56
      71
      72
      83
      94
      95
      63
      86
      64
      70
      64
      63
      50
      64
      67
      49
      54
      61
      58
      54
      64
      61
      54
      64
      48
      55
      53
      53
      52
      51
      44
      53
      55
      44
      52
      49
      61
      45
      39
      52
      45
      43
      51
      46
      48
      32
      49
      40
      45
      46
      50
      39
      48
      48
      43
      47
      48
      42
      49
      37
      46
      39
      45
      41
      48
      47
      35
      32
      44
      30
      42
      29
      37
      49
      38
      34
      42
      37
      46
      42
      42
      47
      34
      27
      29
      30
      41
      42
      43
      42
      44
      33
      33
      42
      44
      39
      42
      35
      33
      29
      40
      41
      40
      54
      41
      31
      33
      33
      31
      25
      36
      38
      38
      42
      35
      26
      27
      35
      37
      32
      33
      29
      25
      37
      36
      31
      25
      22
      40
      42
      27
      30
      35
      34
      31
      33
      23
      29
      35
      27
      31
      29
      33
      30
      27
      18
      23
      30
      37
      32
      27
      20
      34
      33
      36
      31
      37
      32
      34
      30
      27
      20
      35
      24
      33
      29
      20
      25
      33
      30
      25
      34
      27
      25
      21
      23
      21
      27
      23
      18
      28
      22
      20
      25
      22
      22
      27
      30
      19
      18
      23
      17
      17
      19
       9
      27
      26
      14
      22
      14
      14
      15
      15
      21
      18
      15
      13
      15
      13
      17
      21
      16
      19
      16
      14
      14
      19
      12
      12
      16
      18
      22
      16
      20
      16
      14
      12
      17
      16
      16
      21
       9
      16
      12
      14
      23
      26
      20
      20
      30
      22
      17
      32
      11
      31
      16
      30
      30
      30
      27
      38
      41
      33
      38
      28
      29
      23
      34
      33
      40
      32
      30
      29
      35
      34
      24
      22
      24
      20
      22
      27
      22
      16
      32
      22
      31
      21
      21
      18
      22
      20
      12
      17
      13
       9
       7
       8
      18
      10
      13
      18
       8
      11
      16
       9
       7
      12
       8
       9
       8
      10
       9
       5
       9
       8
      10
       6
      14
       7
       8
       3
       5
       9
      12
       4
       5
       8
      10
       4
       4
       4
       4
       3
       3
       5
       5
       4
       5
       6
       8
       3
       7
       6
       8
       7
       3
       9
       8
       4
       4
       2
       5
       2
       6
       3
       5
       3
       6
       8
       9
       1
       4
       5
       6
       7
       4
       3
       1
       4
       3
       5
       5
       5
       2
       4
       2
       5
       3
       1
       5
       2
       4
       2
       4
       0
       4
       2
       3
       2
       3
       0
       1
       5
       2
       6
       2
       1
       1
       2
       5
       1
       4
       5
       1
       1
       4
       4
       2
       5
       1
       4
       0
       2
       0
       0
       0
       1
       3
       3
       3
       2
       2
       4
       2
       1
       0
       2
       2
       0
       0
       3
       1
       3
       4
       2
       2
       1
       1
       3
       4
       4
       1
       3
       5
       2
       0
       2
       3
       0
       4
       3
       1
       5
       2
       4
       4
       2
       2
       1
       1
       5
       7
       1
       1
       1
       0
       1
       2
       1
       1
       1
       5
       2
       0
       5
       2
       3
       1
       3
       4
       1
       1
       2
       1
       3
       5
       1
       2
       2
       3
       4
       2
       2
       0
       4
       3
       2
       2
       2
       2
       2
       1
       1
       3
       2
       6
       3
       1
       3
       3
       3
       0
       5
       3
       0
       2
       5
       2
       3
       2
       2
       2
       0
       0
       2
       0
       0
       2
       3
       1
       1
       2
       0
       1
       0
       2
       1
       4
       2
       1
       3
       1
       1
       3
       1
       1
       2
       3
       1
       0
       0
       1
       1
       0
       2
       2
       1
       0
       1
       0
       1
       0
       2
       0
       1
       2
       1
       2
       2
       1
       0
       1
       1
       1
       0
       2
       1
       2
       0
       2
       0
       3
       0
       2
       0
       0
       0
       0
       3
       0
       2
       2
       2
       4
       1
       1
       1
       1
       2
       0
       0
       1
       0
       0
       1
       2
       0
       3
       2
       0
       4
       2
       1
       2
       2
       0
       1
       2
       0
       1
       1
       1
       1
       1
       0
       0
       0
       0
       0
       0
       0
       1
       1
       0
       2
       0
       0
       0
       2
       1
       1
       3
       0
       0
       0
       0
       1
       1
       0
       1
       1
       1
       0
       0
       0
       0
       0
       0
       0
       2
       1
       0
       1
       0
       0
       1
       0
       0
       0
       2
       2
       0
       0
       0
       1
       1
       0
       0
       1
       0
       1
       1
       0
       0
       0
       0
       0
       1
       3
       2
       0
       0
       0
       0
       0
       0
       0
       0
       0
       0
       1
       0
       0
       0
       0
       0
       1
       0
       0
       0
       0
       0
       1
       0
       0
       0
       0
       0
       0
       0
       0
       0
       0
       0
       1
       0
       1
       0
       0
       0
       0
       0
       0
       0
       1
       0
       0
       0
       0
       1
       0
       1
       0
       0
       0
       1
       0
       0
       0
       1
       0
       0
       0
       0
       0
       0
       1
       0
       1
       0
       0
       0
       0
       0
       0
       0
       0
       0
       0
       0
       0
       0
       1
       0
       0
       0
       0
       0
       1
       0
       0
       0
       0
       1
       1
       0
       0
       0
       0
       1
       0
       0
       0
       0
       1
       0
       1
       0
       0
       0
       0
       0
       0
       0
       0
       0
       0
       2
       0
       0
       0
       1
       0
       0
       0
       0
       0
       0
       0
       0
       0
       0
       0
       0
$ROI:
0
$PRESETS:
Live Time
1000
0
$ENER_FIT:
2.582191 3.337790
$MCA_CAL:
3
2.582191E+000 3.337790E+000 -4.023110E-005 keV
$SHAPE_CAL:
3
0.000000E+000 0.000000E+000 0.000000E+000
