$SPEC_ID:
No sample description was entered.
$SPEC_REM:
DET# 1
DETDESC# SPACESCIENCE7 digiBASE-RH SN 15121435
AP# Maestro Version 7.01
$DATE_MEA:
10/26/2018 11:15:24
$MEAS_TIM:
1000 1002
$DATA:
0 1023
       0
       0
       0
       0
       0
       0
       0
       0
       0
       0
      70
   14987
   48476
   47457
   32015
   17909
    9653
    5768
    4487
    4330
    4677
    4725
    5116
    5273
    5656
    6085
    6695
    7676
    9373
   11343
   13042
   13459
   12453
   10349
    8263
    6497
    5278
    4486
    3948
    3654
    3424
    3272
    3278
    3201
    3047
    3122
    3154
    2979
    3058
    3101
    3119
    3116
    3078
    3175
    3315
    3267
    3310
    3269
    3197
    3235
    3087
    3060
    2926
    2984
    2747
    2810
    2645
    2604
    2521
    2468
    2398
    2401
    2244
    2147
    2049
    2043
    1931
    1970
    1795
    1824
    1735
    1700
    1688
    1527
    1541
    1447
    1459
    1397
    1420
    1422
    1494
    1535
    1624
    1646
    1782
    1888
    1922
    2032
    2135
    2234
    2233
    2429
    2533
    2567
    2605
    2481
    2495
    2470
    2316
    2337
    2162
    2083
    2099
    2177
    2268
    2442
    2738
    2979
    3455
    3796
    4068
    4274
    4441
    4450
    4556
    4243
    4222
    3979
    3552
    3122
    2885
    2421
    2223
    1890
    1661
    1417
    1266
    1080
     886
     783
     637
     582
     488
     413
     406
     312
     297
     269
     250
     212
     204
     179
     165
     170
     160
     133
     153
     143
     136
     125
     125
     120
     119
     128
     100
     121
     110
      96
     105
      99
     110
     110
     102
      86
     121
     106
     101
      94
     100
      95
      90
     102
     103
      79
      95
      97
      81
      78
      89
      87
      80
      99
      94
      89
      81
      84
     109
      82
     111
      79
      91
      82
      94
      87
      79
     103
      85
     103
     112
      85
      82
      71
      68
      92
      84
      71
      78
      79
      95
      60
      80
      65
      69
      62
      56
      61
      67
      62
      64
      53
      66
      68
      46
      59
      53
      55
      60
      52
      53
      51
      61
      58
      38
      50
      53
      45
      54
      48
      55
      55
      44
      52
      50
      48
      47
      61
      52
      54
      52
      56
      56
      40
      33
      43
      41
      37
      55
      40
      42
      41
      36
      39
      41
      36
      42
      40
      45
      28
      36
      45
      37
      30
      35
      32
      39
      31
      36
      43
      37
      39
      35
      29
      35
      34
      35
      39
      48
      30
      43
      33
      34
      38
      39
      28
      41
      31
      33
      26
      34
      35
      19
      32
      31
      43
      33
      41
      25
      33
      33
      34
      39
      43
      35
      27
      30
      33
      27
      36
      37
      21
      28
      36
      26
      31
      32
      30
      33
      35
      31
      30
      30
      18
      35
      27
      21
      17
      19
      28
      26
      25
      35
      27
      39
      41
      26
      28
      24
      36
      25
      32
      30
      29
      32
      28
      34
      44
      32
      37
      31
      23
      25
      35
      24
      26
      27
      33
      32
      25
      26
      23
      20
      26
      25
      29
      26
      28
      30
      23
      29
      31
      21
      19
      25
      21
      29
      28
      17
      26
      20
      19
      17
      19
      22
      16
      20
      14
      20
      21
      20
      13
      20
      15
      16
      16
      13
      23
      18
      17
      20
      20
      20
      10
      20
      17
      17
      17
      15
      21
      13
      14
      13
      14
      13
      20
      15
      16
      21
      13
      15
      23
      12
      12
      16
      20
      19
      20
      16
      19
      16
      22
      17
      19
      17
      26
      26
      20
      22
      25
      16
      27
      21
      28
      19
      29
      32
      30
      23
      28
      35
      19
      32
      31
      32
      26
      29
      31
      30
      33
      34
      24
      23
      21
      22
      22
      17
      15
      19
      18
      21
      18
      17
      19
      17
      21
       9
      23
      21
      13
      16
      10
      13
       6
      11
      11
       7
      10
       6
       6
      16
       7
      10
       7
       7
       7
       6
       9
       5
      11
       6
       7
       8
       8
       5
      11
       7
       7
      12
       5
       5
       9
       6
       6
       9
       9
       7
       8
       3
       5
       5
       5
       5
       4
       8
       1
       8
       4
       5
       4
       3
       2
       6
       8
       8
       5
       6
       8
       5
       5
      12
       9
       7
       7
       4
       4
       3
       5
       3
       5
       6
       5
       8
       4
       9
      12
       4
       7
       4
       7
       6
       3
       3
       3
       2
       1
       1
       5
       4
       4
       7
       3
       2
       6
       0
       4
       5
       3
       2
       1
       5
       1
       7
       2
       4
       3
       4
       6
       3
       0
       4
       1
       1
       0
       2
       4
       5
       5
       2
       1
       3
       2
       4
       1
       1
       2
       3
       2
       2
       3
       0
       1
       2
       1
       1
       3
       2
       0
       3
       2
       1
       0
       1
       3
       4
       1
       2
       2
       0
       2
       0
       1
       2
       1
       6
       4
       3
       0
       2
       2
       4
       1
       4
       2
       2
       3
       3
       2
       4
       2
       6
       2
       4
       4
       3
       4
       3
       3
       2
       0
       1
       1
       1
       3
       5
       3
       5
       1
       1
       1
       1
       6
       2
       4
       2
       0
       0
       4
       1
       2
       3
       1
       0
       3
       1
       1
       1
       4
       1
       2
       1
       1
       2
       2
       1
       1
       1
       0
       2
       3
       1
       2
       1
       3
       3
       2
       2
       3
       2
       0
       2
       3
       0
       5
       0
       5
       2
       3
       0
       2
       2
       0
       2
       1
       0
       3
       2
       1
       1
       1
       1
       3
       0
       3
       2
       0
       4
       1
       1
       2
       1
       1
       2
       0
       0
       1
       1
       0
       0
       3
       0
       0
       0
       2
       0
       1
       3
       3
       3
       0
       0
       3
       2
       3
       0
       1
       1
       0
       1
       1
       0
       1
       4
       2
       3
       3
       2
       0
       2
       4
       2
       0
       0
       2
       5
       0
       1
       1
       1
       2
       1
       1
       1
       3
       4
       3
       1
       1
       1
       1
       3
       1
       3
       1
       0
       2
       1
       3
       3
       1
       1
       0
       1
       1
       1
       2
       1
       1
       0
       1
       1
       2
       0
       1
       0
       1
       1
       1
       2
       0
       0
       1
       0
       1
       0
       0
       1
       0
       3
       0
       0
       0
       1
       1
       0
       0
       1
       0
       1
       0
       1
       0
       2
       0
       1
       0
       0
       0
       1
       0
       1
       0
       0
       0
       0
       0
       0
       1
       0
       1
       1
       1
       0
       0
       1
       0
       0
       1
       0
       0
       0
       0
       0
       0
       0
       0
       0
       1
       0
       2
       0
       0
       0
       0
       0
       0
       0
       0
       0
       0
       1
       0
       1
       0
       0
       0
       2
       0
       0
       0
       0
       0
       0
       0
       0
       1
       0
       0
       0
       0
       0
       0
       0
       2
       0
       0
       0
       1
       0
       1
       0
       0
       0
       0
       0
       0
       0
       0
       0
       0
       1
       0
       0
       0
       1
       0
       0
       0
       0
       0
       0
       0
       1
       0
       0
       0
       0
       1
       0
       0
       0
       0
       0
       0
       1
       0
       0
       0
       1
       0
       2
       0
       0
       0
       0
       1
       0
       1
       0
       0
       0
       0
       0
       0
       1
       0
       0
       0
       0
       0
       0
       1
       1
       1
       0
       2
       0
       0
       0
       0
       0
       2
       0
       0
       0
       0
$ROI:
0
$PRESETS:
Live Time
1000
0
$ENER_FIT:
2.582191 3.337790
$MCA_CAL:
3
2.582191E+000 3.337790E+000 -4.023110E-005 keV
$SHAPE_CAL:
3
0.000000E+000 0.000000E+000 0.000000E+000
