$SPEC_ID:
No sample description was entered.
$SPEC_REM:
DET# 1
DETDESC# SPACESCIENCE7 digiBASE-RH SN 15121435
AP# Maestro Version 7.01
$DATE_MEA:
10/15/2018 17:21:24
$MEAS_TIM:
200 200
$DATA:
0 1023
       0
       0
       0
       0
       0
       0
       0
       0
       0
       0
       5
    1292
    3654
    3285
    2075
    1388
    1085
     838
     840
     834
     884
     875
     907
     942
     998
    1051
     982
    1038
    1115
    1087
    1057
    1080
    1145
    1133
    1115
    1076
    1144
    1189
    1093
    1143
    1113
    1132
    1132
    1134
    1150
    1145
    1121
    1106
    1103
    1116
    1114
    1079
    1108
    1139
    1090
    1137
    1165
    1195
    1167
    1218
    1157
    1211
    1268
    1268
    1266
    1249
    1191
    1265
    1212
    1223
    1174
    1209
    1085
    1119
    1088
    1051
    1062
    1046
     994
    1000
    1029
    1037
    1019
     968
     966
     950
     935
     907
     898
     849
     838
     802
     796
     781
     814
     761
     766
     780
     763
     736
     759
     681
     709
     720
     682
     659
     676
     661
     676
     661
     650
     619
     663
     642
     656
     610
     619
     613
     589
     619
     594
     577
     613
     564
     581
     624
     586
     594
     548
     563
     524
     566
     593
     525
     574
     589
     560
     509
     561
     512
     525
     522
     480
     460
     464
     449
     405
     402
     388
     372
     319
     307
     261
     267
     248
     259
     230
     234
     179
     197
     198
     181
     175
     161
     160
     163
     165
     137
     153
     154
     156
     132
     134
     146
     137
     153
     139
     164
     154
     154
     160
     176
     174
     188
     220
     240
     243
     268
     328
     380
     396
     502
     607
     675
     747
     882
    1006
    1127
    1287
    1420
    1592
    1764
    1827
    1947
    1990
    2084
    2027
    2054
    1991
    1925
    1905
    1768
    1595
    1523
    1348
    1268
    1132
     908
     849
     780
     638
     569
     487
     460
     357
     334
     290
     259
     213
     200
     143
     147
     124
     104
      96
      89
      67
      56
      58
      43
      38
      19
      25
      18
      17
      16
       8
       8
      13
      13
      17
      14
      11
      10
      10
      11
      10
       9
       6
       9
      11
       9
       9
      12
       4
       6
      11
      11
       6
       8
       7
       7
       7
       9
      11
      11
      11
       6
       5
       9
       7
      12
       6
       5
       7
       8
       6
       1
      11
       4
      10
       7
       8
       3
       5
       7
       4
      10
       7
       7
      11
      10
       8
       7
       3
       2
       6
       7
       4
       5
       8
       3
      10
       6
       8
       6
       7
       6
       4
       4
       5
       7
       5
       6
       7
       2
       4
      12
       3
       4
       8
      10
       5
      12
       7
       8
       7
       6
       7
       8
       5
       7
       5
       7
       3
       7
       4
       5
       8
       8
       6
       4
       3
       6
       7
       4
       4
       4
       5
       2
       2
       5
       2
       2
       6
       4
       2
       3
       3
       3
       3
       5
      10
       2
       0
       5
       2
       6
       2
       6
       5
       1
       2
       4
       5
       6
       4
       5
       2
       3
       5
       3
       5
       1
       8
       3
       2
       3
       2
       4
       4
       4
       2
       4
       2
       4
       8
       6
       8
       5
       0
       5
       4
       4
       6
       3
       6
       9
       8
       2
       4
       3
       6
       8
       3
       3
       3
       6
       4
       4
       9
       6
       3
       4
      10
       9
       5
       5
       5
       7
       6
       6
       7
       5
       3
       7
       7
       6
       6
       4
       2
       6
      11
       8
       5
       4
       5
       2
       2
       1
       1
       6
       7
       5
       3
       2
       0
       2
       1
       1
       1
       5
       1
       0
       1
       1
       2
       1
       2
       3
       1
       0
       0
       0
       3
       3
       4
       5
       3
       2
       1
       1
       1
       2
       3
       1
       0
       0
       2
       2
       0
       1
       1
       0
       0
       1
       0
       1
       1
       2
       2
       4
       1
       0
       1
       0
       3
       1
       3
       1
       1
       1
       2
       0
       0
       3
       0
       0
       1
       3
       2
       1
       2
       0
       0
       2
       0
       0
       0
       1
       2
       1
       0
       2
       1
       0
       1
       0
       0
       0
       1
       1
       2
       0
       1
       0
       0
       2
       2
       0
       1
       2
       0
       0
       1
       1
       2
       1
       0
       1
       1
       0
       1
       0
       0
       0
       1
       0
       2
       0
       0
       1
       0
       0
       0
       0
       0
       0
       0
       1
       0
       0
       0
       0
       0
       2
       2
       1
       0
       2
       1
       0
       0
       0
       0
       1
       0
       2
       2
       2
       0
       1
       0
       1
       1
       0
       0
       0
       1
       0
       1
       0
       2
       1
       0
       2
       1
       0
       0
       0
       1
       0
       1
       1
       1
       1
       0
       0
       2
       0
       0
       0
       0
       0
       0
       0
       0
       0
       0
       0
       0
       2
       0
       0
       2
       0
       0
       2
       0
       0
       1
       0
       0
       0
       0
       0
       0
       0
       0
       0
       0
       0
       1
       0
       0
       0
       1
       0
       0
       0
       0
       2
       0
       0
       0
       0
       0
       0
       0
       0
       1
       0
       0
       1
       1
       1
       0
       0
       0
       2
       0
       1
       0
       0
       0
       0
       1
       1
       0
       0
       1
       0
       0
       0
       0
       0
       0
       0
       0
       0
       0
       0
       2
       0
       0
       0
       0
       0
       0
       0
       0
       0
       2
       1
       0
       1
       0
       0
       2
       0
       0
       0
       1
       0
       0
       0
       1
       0
       0
       0
       1
       0
       0
       0
       0
       0
       1
       0
       2
       0
       0
       0
       0
       0
       0
       0
       0
       1
       0
       0
       0
       0
       0
       1
       0
       0
       0
       0
       1
       0
       0
       0
       1
       0
       0
       0
       0
       0
       0
       0
       0
       0
       0
       0
       0
       0
       0
       0
       0
       0
       0
       0
       0
       0
       0
       0
       0
       0
       0
       0
       0
       1
       0
       0
       0
       0
       0
       0
       0
       0
       0
       0
       0
       0
       0
       0
       0
       0
       1
       0
       0
       0
       0
       0
       0
       0
       0
       0
       0
       0
       0
       0
       0
       0
       0
       0
       0
       0
       0
       1
       0
       0
       0
       0
       0
       0
       0
       1
       0
       0
       0
       0
       0
       0
       0
       0
       0
       0
       0
       1
       0
       0
       0
       0
       0
       0
       0
       0
       0
       0
       0
       0
       0
       0
       0
       0
       0
       0
       0
       0
       0
       0
       0
       0
       0
       0
       1
       0
       0
       0
       0
       0
       0
       0
       0
       0
       0
       0
       0
       0
       0
       0
       0
       0
       0
       0
       0
       0
       0
       0
       0
       0
       0
       1
       0
       0
       0
       0
       0
       0
       0
       0
       0
       1
       0
       0
       1
       0
       0
       0
       0
       0
       0
       1
       0
       0
       0
       0
       0
       0
       0
       0
       0
       0
       0
       0
       0
       0
       0
       0
       0
       0
       0
       0
       0
       1
       0
       0
       0
       0
       0
       0
       0
       0
       0
       0
       0
       0
       0
       0
       0
       0
       0
       0
       0
       0
       0
       0
       0
       0
       0
       0
       0
       0
       0
       0
       0
       0
       0
       0
       0
       0
       0
       0
       0
       0
       0
       0
       0
       0
       0
       0
       0
       1
       0
       0
       0
       0
       0
       0
       0
       0
       0
       0
$ROI:
0
$PRESETS:
Live Time
200
0
$ENER_FIT:
2.582191 3.337790
$MCA_CAL:
3
2.582191E+000 3.337790E+000 -4.023110E-005 keV
$SHAPE_CAL:
3
0.000000E+000 0.000000E+000 0.000000E+000
