$SPEC_ID:
No sample description was entered.
$SPEC_REM:
DET# 1
DETDESC# SPACESCIENCE7 digiBASE-RH SN 15121435
AP# Maestro Version 7.01
$DATE_MEA:
10/15/2018 17:02:15
$MEAS_TIM:
200 200
$DATA:
0 1023
       0
       0
       0
       0
       0
       0
       0
       0
       0
       0
       7
    1643
    4286
    3350
    2160
    1501
    1171
    1079
    1018
    1118
    1121
    1129
    1170
    1318
    1266
    1299
    1318
    1368
    1398
    1474
    1425
    1446
    1418
    1497
    1443
    1420
    1416
    1447
    1467
    1522
    1502
    1534
    1506
    1520
    1557
    1519
    1508
    1453
    1469
    1440
    1514
    1426
    1429
    1491
    1473
    1485
    1497
    1548
    1545
    1527
    1575
    1654
    1632
    1704
    1746
    1651
    1745
    1703
    1754
    1660
    1713
    1621
    1602
    1546
    1568
    1652
    1479
    1447
    1435
    1512
    1323
    1389
    1363
    1308
    1295
    1232
    1277
    1195
    1224
    1247
    1159
    1103
    1115
    1157
    1118
    1097
    1088
    1019
    1051
    1055
     998
    1004
    1050
    1020
    1000
     991
     951
     956
     865
     962
     834
     842
     880
     886
     907
     873
     838
     881
     824
     845
     801
     795
     792
     733
     817
     718
     730
     796
     774
     807
     740
     735
     745
     760
     744
     723
     699
     660
     653
     626
     599
     580
     643
     579
     544
     516
     499
     461
     437
     444
     382
     363
     346
     327
     350
     298
     287
     261
     241
     231
     257
     249
     222
     226
     224
     222
     233
     191
     214
     204
     233
     209
     214
     210
     213
     275
     272
     258
     241
     256
     286
     302
     322
     357
     400
     417
     459
     491
     553
     602
     661
     775
     851
     903
    1125
    1224
    1395
    1572
    1750
    1873
    2114
    2167
    2321
    2389
    2497
    2611
    2599
    2576
    2517
    2464
    2325
    2212
    2015
    1882
    1679
    1619
    1399
    1283
    1175
     986
     876
     837
     661
     605
     527
     481
     449
     350
     325
     280
     260
     192
     228
     166
     159
     117
     119
      97
      76
      67
      52
      38
      32
      31
      22
      22
      23
      13
      14
      13
      11
      10
      15
      13
      14
      15
      14
       9
       8
       6
       9
       7
       9
       8
      11
      10
       6
       9
       9
       9
       9
       7
       5
       9
       9
       7
       8
       8
       6
      11
       9
       9
      13
      11
      11
      10
       9
       3
      10
       8
       5
       4
       6
       7
       8
       7
      12
       9
      10
       4
       5
       4
       8
       3
       2
       9
      15
       4
      10
      11
       5
       5
       7
       6
       5
      10
       9
      11
       6
       6
       6
       6
       4
       1
       7
       6
       8
       3
       8
       9
       9
       9
       5
       7
       6
      10
       8
       5
      11
      10
       5
       8
      10
       8
       6
       5
       7
       5
      12
       6
       3
       2
       4
       4
       6
       5
       7
       5
       6
       3
       9
       6
       0
       6
       5
       6
       7
       5
       9
       7
       7
       3
       1
       7
       4
       8
       3
       3
       6
       5
       4
       5
       2
       6
       8
       4
       6
       2
       6
       6
       5
       3
       4
       2
       1
       2
       0
       3
       2
       1
       0
       1
       6
       3
       2
       8
       3
       9
       2
       3
       5
       6
       4
       7
      10
       4
       5
       3
       4
       5
       4
       6
       7
       3
       5
       7
       7
       5
       5
       4
       9
       4
      12
       5
       4
      10
       4
       5
       4
       6
       8
       7
       4
       6
       2
       3
       7
       2
       5
       5
       7
       5
       7
       4
       3
       6
       5
       5
       1
       3
       4
       3
       6
       2
       4
       3
       3
       2
       3
       1
       2
       1
       3
       3
       3
       2
       1
       4
       3
       4
       2
       3
       2
       2
       2
       4
       3
       1
       1
       1
       2
       1
       2
       2
       3
       0
       0
       1
       0
       1
       2
       0
       1
       1
       3
       0
       1
       4
       0
       1
       1
       1
       1
       2
       2
       3
       0
       2
       1
       0
       2
       1
       0
       0
       0
       1
       0
       0
       1
       1
       0
       2
       2
       1
       2
       0
       1
       0
       0
       2
       0
       1
       0
       0
       1
       0
       2
       0
       2
       0
       0
       1
       0
       0
       0
       1
       1
       0
       0
       1
       0
       0
       2
       0
       2
       0
       0
       0
       0
       0
       1
       0
       0
       0
       1
       0
       1
       1
       1
       1
       1
       1
       0
       0
       1
       1
       1
       1
       1
       0
       0
       1
       2
       0
       0
       2
       1
       0
       0
       0
       1
       1
       0
       0
       0
       0
       1
       2
       1
       0
       0
       1
       2
       1
       0
       0
       0
       0
       0
       0
       0
       0
       0
       0
       0
       1
       0
       1
       0
       1
       1
       1
       2
       2
       0
       0
       0
       1
       0
       0
       0
       0
       1
       0
       1
       0
       1
       1
       0
       3
       1
       1
       0
       2
       0
       1
       1
       1
       1
       0
       0
       1
       1
       2
       1
       1
       0
       1
       0
       1
       1
       1
       0
       1
       1
       0
       0
       1
       0
       1
       1
       0
       0
       1
       0
       0
       0
       0
       0
       0
       0
       0
       0
       0
       0
       0
       0
       1
       3
       0
       0
       0
       0
       0
       0
       0
       0
       1
       1
       0
       0
       0
       0
       0
       0
       0
       0
       0
       1
       0
       0
       0
       0
       1
       0
       1
       0
       0
       0
       0
       1
       0
       1
       0
       0
       0
       0
       1
       0
       0
       1
       0
       1
       0
       0
       0
       0
       0
       0
       0
       1
       1
       1
       0
       0
       1
       1
       0
       0
       0
       2
       1
       0
       0
       1
       1
       0
       0
       0
       0
       2
       0
       0
       0
       0
       0
       0
       0
       0
       0
       0
       0
       1
       1
       0
       0
       1
       0
       0
       0
       0
       0
       0
       1
       0
       0
       0
       0
       0
       0
       0
       0
       0
       0
       0
       1
       0
       0
       0
       0
       0
       0
       0
       0
       0
       0
       0
       0
       0
       0
       0
       0
       0
       0
       0
       0
       0
       0
       0
       0
       0
       0
       0
       0
       0
       0
       0
       0
       0
       0
       0
       0
       0
       1
       0
       0
       0
       0
       0
       1
       0
       0
       1
       0
       0
       0
       0
       0
       0
       0
       0
       0
       1
       0
       0
       0
       1
       0
       0
       0
       0
       1
       0
       0
       0
       0
       0
       0
       0
       0
       0
       0
       0
       0
       0
       0
       0
       0
       0
       0
       0
       0
       0
       0
       0
       0
       0
       0
       0
       0
       0
       0
       0
       0
       0
       0
       0
       0
       0
       0
       0
       0
       0
       0
       0
       0
       0
       0
       0
       0
       0
       0
       0
       0
       0
       0
       0
       0
       0
       0
       0
       0
       0
       0
       0
       0
       0
       0
       0
       0
       0
       0
       0
       0
       0
       0
       0
       0
       0
       1
       0
       0
       0
       0
       0
       0
       0
       0
       0
       0
       0
       0
       0
       0
       0
       0
       0
       0
       0
       0
       0
       0
       0
       0
       0
       0
       0
       0
       0
       0
       0
       0
       0
       0
       0
       0
       0
       0
       0
       0
       0
       0
       0
       0
       0
       0
       0
       0
       0
       0
       0
       0
       0
       0
       0
       0
       0
       0
       0
       0
       0
       0
       0
       0
       0
       0
       0
       0
       0
       0
       0
       0
       0
       0
$ROI:
0
$PRESETS:
Live Time
200
0
$ENER_FIT:
2.582191 3.337790
$MCA_CAL:
3
2.582191E+000 3.337790E+000 -4.023110E-005 keV
$SHAPE_CAL:
3
0.000000E+000 0.000000E+000 0.000000E+000
