$SPEC_ID:
No sample description was entered.
$SPEC_REM:
DET# 1
DETDESC# SPACESCIENCE7 digiBASE-RH SN 15121435
AP# Maestro Version 7.01
$DATE_MEA:
10/15/2018 17:46:33
$MEAS_TIM:
200 201
$DATA:
0 1023
       0
       0
       0
       0
       0
       0
       0
       0
       0
       0
       3
    1860
    4782
    3429
    2043
    1420
    1186
    1155
    1177
    1188
    1142
    1306
    1316
    1270
    1367
    1357
    1414
    1527
    1413
    1501
    1514
    1440
    1579
    1573
    1491
    1485
    1567
    1572
    1529
    1599
    1525
    1551
    1553
    1593
    1556
    1601
    1520
    1505
    1429
    1517
    1533
    1495
    1502
    1556
    1608
    1550
    1552
    1548
    1538
    1585
    1554
    1626
    1649
    1713
    1600
    1644
    1723
    1702
    1653
    1646
    1728
    1697
    1647
    1712
    1711
    1665
    1729
    1696
    1627
    1585
    1522
    1515
    1486
    1514
    1477
    1474
    1404
    1405
    1386
    1319
    1272
    1353
    1276
    1193
    1246
    1222
    1220
    1150
    1126
    1142
    1191
    1114
    1106
    1081
    1085
    1044
    1087
    1040
    1025
    1033
     964
    1021
     982
     987
     921
     919
     908
     882
     922
     920
     873
     900
     889
     837
     881
     880
     853
     849
     837
     846
     819
     803
     873
     793
     819
     748
     778
     766
     770
     732
     705
     658
     652
     632
     605
     550
     506
     534
     440
     475
     433
     394
     396
     397
     342
     337
     330
     272
     306
     284
     281
     235
     258
     264
     251
     254
     230
     220
     241
     225
     273
     232
     235
     263
     291
     291
     276
     306
     312
     304
     357
     355
     397
     386
     416
     434
     486
     546
     618
     714
     750
     890
     989
    1143
    1276
    1471
    1602
    1799
    1948
    2232
    2301
    2504
    2653
    2789
    2750
    2785
    2784
    2847
    2852
    2742
    2658
    2441
    2246
    2045
    1910
    1666
    1604
    1430
    1303
    1053
    1065
     893
     751
     668
     618
     616
     495
     439
     415
     332
     333
     263
     245
     220
     206
     157
     134
     108
     107
      80
      64
      50
      56
      27
      34
      23
      20
      22
      21
      15
      21
      11
      18
      14
       6
      11
      10
       8
       5
       6
      10
      10
       7
      10
       7
      10
      10
      13
       8
       9
      13
       8
       7
      11
       3
      10
      10
      10
       8
       7
      11
       9
       9
       8
      10
       8
      11
       9
       6
       9
       7
      12
      14
      11
       9
       6
       4
       7
       8
       7
       5
       3
      11
       5
       9
       5
       7
       2
       6
       5
      14
       8
       4
       7
       8
       5
       7
       7
       4
       4
       8
       4
       5
       6
       2
       8
       4
       7
       4
       9
       3
      12
       7
       6
       5
      11
       2
       8
      11
       5
       7
       9
       1
       6
       6
       7
       5
       6
      11
       4
       6
       8
       4
      10
       6
      10
       2
       6
       3
       6
       4
       7
       8
       7
       5
       5
       5
       6
       9
       2
       7
       3
       5
       9
       3
       5
       0
       4
       5
       7
       8
       7
       6
       5
       3
       5
       6
       4
       4
       3
       2
       4
       4
       7
       4
       4
       2
       1
       1
       4
       5
       3
       3
       2
       2
       7
       1
       5
       2
       3
       4
       7
       0
       4
       9
       3
       1
       4
       4
       7
       4
       4
       3
       6
       6
       5
       6
       5
       6
       7
       7
       6
       7
       6
       6
       7
       5
       7
       6
       5
       6
       7
       3
       9
       3
       6
       6
       4
       6
       6
       3
       4
       7
       6
       3
       2
       2
       5
       5
       4
       4
       2
       1
       3
       1
       2
       4
       3
       5
       1
       2
       2
       2
       1
       0
       2
       3
       0
       1
       1
       3
       1
       4
       1
       2
       2
       2
       1
       0
       1
       4
       5
       1
       2
       0
       3
       4
       2
       0
       2
       1
       0
       0
       1
       0
       1
       1
       0
       0
       1
       0
       3
       1
       3
       2
       1
       0
       0
       3
       2
       0
       0
       0
       1
       1
       0
       2
       1
       0
       1
       2
       1
       1
       0
       1
       1
       2
       2
       1
       0
       0
       1
       0
       0
       0
       0
       1
       2
       0
       1
       2
       1
       2
       1
       0
       2
       1
       0
       0
       2
       1
       0
       1
       3
       1
       0
       0
       1
       2
       0
       0
       1
       1
       2
       1
       0
       0
       0
       0
       0
       1
       1
       0
       0
       0
       0
       0
       0
       2
       1
       0
       1
       0
       0
       1
       1
       0
       0
       1
       0
       0
       0
       0
       2
       0
       0
       0
       0
       0
       1
       1
       0
       0
       0
       1
       2
       2
       0
       0
       0
       0
       0
       0
       0
       1
       1
       0
       0
       0
       1
       1
       0
       1
       0
       0
       0
       0
       0
       0
       0
       1
       2
       1
       0
       0
       0
       0
       1
       2
       0
       1
       3
       0
       0
       0
       0
       0
       0
       1
       0
       0
       0
       0
       1
       0
       1
       0
       0
       0
       0
       0
       0
       0
       0
       1
       1
       1
       0
       0
       0
       0
       0
       0
       0
       0
       0
       0
       1
       1
       1
       1
       2
       0
       0
       2
       0
       0
       0
       0
       0
       0
       0
       0
       0
       0
       0
       0
       0
       0
       0
       0
       0
       0
       0
       1
       0
       1
       0
       0
       1
       1
       0
       0
       0
       0
       0
       2
       0
       0
       0
       0
       1
       1
       0
       0
       0
       0
       0
       0
       0
       0
       0
       0
       1
       0
       2
       2
       0
       1
       0
       0
       0
       0
       0
       0
       0
       0
       1
       1
       0
       2
       1
       0
       1
       0
       1
       0
       0
       0
       0
       0
       0
       0
       1
       1
       0
       0
       1
       0
       0
       0
       0
       0
       1
       0
       0
       0
       0
       0
       0
       0
       0
       1
       2
       0
       0
       0
       2
       0
       0
       0
       0
       0
       1
       1
       0
       0
       0
       0
       0
       0
       0
       0
       0
       0
       0
       0
       0
       0
       0
       0
       0
       0
       0
       0
       0
       0
       0
       0
       0
       1
       0
       0
       0
       0
       0
       0
       0
       0
       0
       0
       0
       0
       0
       0
       0
       0
       0
       0
       0
       0
       1
       0
       0
       0
       0
       0
       0
       0
       0
       0
       0
       0
       0
       0
       0
       0
       0
       0
       0
       0
       0
       0
       0
       0
       0
       0
       0
       0
       0
       0
       0
       0
       1
       0
       0
       0
       0
       0
       0
       0
       0
       0
       0
       0
       0
       0
       0
       0
       0
       0
       0
       0
       0
       0
       0
       0
       0
       1
       0
       0
       0
       0
       0
       0
       0
       0
       0
       0
       0
       0
       0
       0
       0
       0
       0
       0
       0
       0
       0
       0
       0
       0
       0
       0
       0
       0
       0
       0
       0
       0
       0
       0
       0
       0
       0
       0
       0
       0
       0
       0
       0
       0
       0
       0
       0
       0
       0
       0
       0
       1
       1
       0
       0
       0
       0
       0
       1
       0
       0
       0
       0
       0
       0
       0
       0
       0
       0
       0
       0
       0
       0
       0
       0
       0
       0
       0
       0
       0
       0
       0
       0
       0
       0
       0
       1
       0
       0
       0
       0
       0
       0
       0
       0
       0
       0
       0
       0
       0
       0
       0
       0
       0
       0
       0
       0
       0
       0
       0
       0
       0
       0
       0
       0
$ROI:
0
$PRESETS:
Live Time
200
0
$ENER_FIT:
2.582191 3.337790
$MCA_CAL:
3
2.582191E+000 3.337790E+000 -4.023110E-005 keV
$SHAPE_CAL:
3
0.000000E+000 0.000000E+000 0.000000E+000
