$SPEC_ID:
No sample description was entered.
$SPEC_REM:
DET# 1
DETDESC# SPACESCIENCE7 digiBASE-RH SN 15121435
AP# Maestro Version 7.01
$DATE_MEA:
10/15/2018 17:06:03
$MEAS_TIM:
200 200
$DATA:
0 1023
       0
       0
       0
       0
       0
       0
       0
       0
       0
       0
       8
    1451
    4005
    3312
    2217
    1456
    1157
    1049
     951
    1027
    1064
    1048
    1112
    1192
    1146
    1222
    1207
    1283
    1309
    1268
    1277
    1338
    1274
    1241
    1410
    1250
    1280
    1408
    1338
    1375
    1355
    1400
    1351
    1404
    1343
    1417
    1338
    1270
    1280
    1309
    1305
    1392
    1260
    1360
    1309
    1329
    1305
    1328
    1315
    1379
    1415
    1479
    1457
    1516
    1476
    1506
    1532
    1511
    1474
    1430
    1454
    1380
    1444
    1296
    1339
    1399
    1323
    1317
    1326
    1220
    1241
    1171
    1254
    1181
    1217
    1195
    1107
    1112
    1110
    1111
    1060
    1007
    1042
     986
     990
     987
     947
     977
     881
     880
     885
     887
     934
     888
     827
     825
     850
     850
     777
     774
     789
     795
     769
     781
     733
     721
     739
     737
     725
     724
     722
     690
     727
     721
     699
     668
     736
     653
     648
     662
     668
     649
     700
     646
     677
     636
     628
     599
     618
     636
     542
     590
     540
     515
     499
     487
     470
     444
     387
     390
     379
     340
     332
     325
     319
     279
     253
     260
     253
     254
     265
     180
     211
     192
     182
     184
     203
     201
     176
     215
     172
     170
     169
     182
     207
     207
     205
     212
     194
     232
     206
     241
     234
     272
     329
     335
     380
     419
     457
     483
     599
     651
     703
     814
     948
    1094
    1223
    1367
    1534
    1692
    1897
    1903
    2144
    2121
    2252
    2321
    2396
    2306
    2281
    2228
    2049
    1910
    1853
    1712
    1585
    1366
    1243
    1080
     949
     875
     713
     660
     581
     504
     440
     355
     331
     308
     263
     219
     211
     171
     149
     129
      96
      99
      89
      80
      63
      48
      52
      38
      39
      25
      28
      14
      17
      11
      13
      18
      10
      15
      10
       9
       6
       3
      11
      12
       8
      10
       7
       6
       8
       6
      10
      12
       8
      10
       8
      10
       8
      11
       9
       7
      13
      11
       6
       4
      11
      11
       9
      11
       6
      11
       3
      10
       9
       7
       7
      10
       8
       7
      15
       6
       4
       4
       7
       9
       8
       8
       7
       2
       9
      12
       3
       5
       8
       6
       3
       9
       6
       5
       7
       4
       7
       4
      11
       9
       7
       4
       7
       3
       5
       4
       4
       9
       4
       7
       6
      11
       9
       8
       7
       5
       3
       6
       7
      12
       6
       6
       8
       5
       3
       4
       1
       3
       5
       4
       1
       5
       4
      11
       7
       9
       6
      10
       5
       4
       9
       4
       7
       5
       2
       1
       2
       3
       7
       8
       6
      10
       5
       1
       5
       4
       3
       5
       2
       4
       4
       6
       5
       2
       6
       5
       2
       3
       7
       3
       0
       4
       1
       3
       6
       4
       1
       2
       4
       2
       5
       7
       5
       4
       3
       2
       4
       4
       6
       4
       4
       1
       5
       8
       5
       3
       5
       5
       4
       1
       5
      10
       4
       7
       2
       2
       5
       7
       2
       9
       5
       4
       1
       7
       7
       8
       9
       8
       6
      10
       4
       3
       5
       4
      10
       3
       8
       7
       7
       8
       7
       4
       5
       2
       5
       5
       4
       2
       4
       2
       4
       2
       3
       4
       3
       2
       4
       5
       2
       2
       0
       3
       3
       4
       2
       0
       3
       0
       1
       1
       2
       2
       2
       2
       2
       0
       2
       2
       1
       1
       1
       1
       0
       2
       1
       2
       0
       1
       2
       2
       2
       3
       1
       0
       0
       1
       1
       0
       0
       1
       0
       3
       2
       2
       0
       2
       3
       0
       1
       1
       1
       3
       2
       0
       2
       2
       0
       0
       1
       1
       0
       0
       1
       0
       3
       0
       1
       0
       0
       1
       1
       1
       2
       2
       1
       0
       1
       1
       1
       0
       0
       0
       1
       1
       1
       0
       3
       0
       1
       0
       1
       0
       1
       0
       2
       0
       1
       2
       1
       0
       1
       1
       1
       1
       0
       1
       0
       0
       0
       2
       1
       1
       0
       1
       2
       1
       0
       0
       1
       0
       1
       0
       0
       1
       0
       0
       1
       2
       1
       0
       0
       0
       1
       0
       1
       0
       2
       0
       0
       0
       1
       0
       1
       2
       1
       0
       0
       0
       0
       2
       0
       0
       1
       1
       0
       1
       1
       1
       1
       0
       1
       0
       0
       0
       1
       0
       0
       0
       0
       0
       1
       1
       0
       1
       1
       0
       0
       1
       0
       0
       0
       0
       0
       0
       2
       0
       0
       0
       2
       0
       0
       0
       0
       1
       2
       2
       0
       0
       2
       0
       0
       0
       1
       0
       0
       0
       0
       0
       0
       0
       1
       0
       0
       0
       0
       1
       1
       1
       0
       0
       0
       0
       1
       0
       0
       0
       0
       0
       0
       0
       0
       0
       0
       0
       0
       1
       0
       1
       0
       0
       0
       1
       0
       0
       0
       0
       0
       0
       0
       0
       0
       0
       0
       1
       0
       0
       1
       1
       1
       0
       1
       0
       0
       0
       0
       1
       2
       0
       1
       0
       1
       1
       0
       0
       2
       0
       0
       0
       1
       0
       0
       1
       0
       1
       0
       0
       1
       0
       2
       0
       0
       1
       0
       0
       2
       0
       0
       0
       0
       0
       0
       0
       0
       1
       0
       0
       0
       0
       0
       0
       0
       0
       0
       0
       0
       0
       0
       0
       0
       0
       0
       1
       0
       0
       0
       1
       0
       1
       0
       0
       0
       1
       0
       0
       0
       0
       0
       0
       0
       0
       0
       0
       0
       0
       0
       0
       0
       0
       0
       0
       0
       0
       0
       0
       0
       0
       0
       0
       0
       0
       0
       1
       0
       0
       0
       0
       0
       0
       0
       0
       0
       0
       0
       0
       0
       0
       0
       0
       0
       0
       0
       0
       0
       0
       0
       0
       0
       0
       0
       0
       0
       0
       0
       0
       0
       0
       0
       0
       0
       0
       0
       0
       0
       0
       0
       0
       0
       0
       1
       0
       0
       0
       0
       0
       0
       0
       0
       0
       0
       0
       0
       0
       0
       0
       0
       0
       0
       0
       0
       0
       0
       0
       1
       0
       0
       0
       0
       0
       0
       1
       1
       0
       0
       0
       0
       0
       0
       0
       0
       0
       0
       0
       0
       0
       0
       1
       0
       0
       0
       1
       0
       1
       0
       0
       0
       0
       0
       0
       0
       0
       0
       0
       0
       0
       0
       0
       1
       0
       0
       0
       0
       0
       0
       0
       0
       0
       0
       0
       0
       0
       0
       0
       0
       0
       0
       0
       0
       0
       0
       0
       0
       0
       0
       0
       0
       0
       0
       0
       0
       0
       0
       0
       0
       0
       0
       0
       0
       0
       0
       0
       1
       0
       0
       0
       0
       0
       0
       0
       0
       0
       0
       0
       0
       0
       0
       0
       0
       0
       0
       0
       0
       0
       0
       0
       0
       0
       0
       0
       0
       0
       0
       0
       0
       0
       0
       0
$ROI:
0
$PRESETS:
Live Time
200
0
$ENER_FIT:
2.582191 3.337790
$MCA_CAL:
3
2.582191E+000 3.337790E+000 -4.023110E-005 keV
$SHAPE_CAL:
3
0.000000E+000 0.000000E+000 0.000000E+000
