$SPEC_ID:
No sample description was entered.
$SPEC_REM:
DET# 1
DETDESC# SPACESCIENCE7 digiBASE-RH SN 15121435
AP# Maestro Version 7.01
$DATE_MEA:
10/15/2018 17:30:26
$MEAS_TIM:
200 200
$DATA:
0 1023
       0
       0
       0
       0
       0
       0
       0
       0
       0
       0
       5
    1391
    3741
    3098
    2077
    1280
    1047
     910
     871
     939
     973
     948
     986
     972
    1040
     999
    1088
    1094
    1150
    1185
    1126
    1156
    1187
    1173
    1145
    1141
    1171
    1159
    1193
    1178
    1193
    1204
    1193
    1218
    1232
    1203
    1180
    1203
    1214
    1232
    1216
    1165
    1191
    1206
    1128
    1156
    1141
    1149
    1225
    1181
    1198
    1260
    1290
    1354
    1277
    1331
    1279
    1341
    1343
    1318
    1194
    1250
    1224
    1183
    1155
    1199
    1124
    1157
    1073
    1090
    1094
    1048
    1073
    1045
    1044
    1037
     976
     965
    1014
     974
     976
     956
     883
     856
     883
     845
     833
     808
     791
     849
     818
     788
     762
     753
     768
     727
     765
     758
     734
     702
     734
     716
     716
     650
     715
     701
     676
     655
     626
     698
     602
     660
     615
     608
     611
     633
     653
     667
     644
     610
     591
     631
     591
     597
     610
     562
     570
     568
     557
     547
     525
     532
     507
     478
     501
     469
     439
     394
     350
     337
     341
     317
     300
     280
     261
     246
     239
     216
     188
     204
     189
     174
     182
     162
     163
     156
     157
     170
     157
     163
     151
     162
     173
     158
     161
     166
     195
     192
     196
     166
     208
     200
     235
     238
     269
     305
     287
     383
     356
     434
     473
     527
     632
     678
     849
     904
    1042
    1222
    1435
    1540
    1669
    1811
    1898
    2063
    2100
    2145
    2227
    2130
    2050
    2051
    1897
    1795
    1677
    1542
    1370
    1248
    1076
     899
     893
     729
     662
     560
     520
     447
     402
     342
     285
     262
     231
     210
     176
     129
     131
     120
     127
      72
      67
      52
      64
      53
      37
      39
      31
      23
      26
      13
      17
      12
      13
       8
      12
       7
       9
       6
      12
      11
       7
      10
      11
      11
       8
       7
      11
       9
      15
       4
      10
      10
      10
      10
       5
       3
       4
      15
       5
      11
       6
      11
       7
      12
      15
      13
       5
       4
       4
      12
       5
       7
       7
       6
       7
       7
      15
      13
       9
       6
      10
       7
      10
      10
       7
       5
      10
      12
       6
       8
       8
       4
       9
       5
       5
       6
       8
       3
       3
       6
       6
       4
       9
       5
       5
       8
       4
       9
       3
      15
       6
       8
      10
       4
      10
      11
       8
       8
       7
       7
       6
       8
       7
       1
       5
       4
       7
       3
       6
      10
       5
       8
       9
       8
       8
       5
       2
       6
       1
       6
       4
       8
       2
       8
       7
       6
       7
       4
       7
       1
       6
       4
       4
       5
       3
       3
       1
       3
       9
       4
       5
       4
       4
       6
       1
       2
       5
       7
       5
       3
       2
       6
       3
       3
       4
       3
       6
       2
       4
       3
       1
       5
       3
       0
       3
       2
       4
       4
       2
       2
       4
       4
       4
       3
       1
       3
       3
       5
       8
       6
       5
       2
       3
       3
       3
       3
       8
       6
       9
       5
       8
      10
      10
       5
       8
      15
       6
       6
      10
       5
       8
       8
       3
       7
       2
      10
       4
       6
       8
       7
       4
       5
       2
       4
       5
       6
       2
      12
       2
       7
       1
       4
       2
       4
       5
       3
       0
       2
       1
       5
       3
       1
       0
       3
       8
       1
       3
       2
       1
       2
       0
       3
       2
       4
       2
       1
       2
       2
       1
       2
       1
       2
       1
       3
       5
       0
       3
       5
       1
       1
       0
       0
       1
       1
       2
       0
       2
       0
       3
       0
       1
       0
       1
       2
       2
       1
       2
       0
       4
       1
       3
       0
       0
       1
       0
       1
       3
       2
       0
       0
       1
       0
       1
       0
       1
       2
       0
       1
       1
       1
       0
       1
       1
       0
       0
       1
       0
       0
       0
       2
       0
       1
       0
       0
       0
       0
       0
       0
       0
       0
       1
       0
       2
       3
       0
       4
       0
       0
       1
       1
       0
       2
       2
       0
       0
       0
       1
       1
       0
       0
       0
       0
       0
       0
       0
       0
       1
       1
       0
       0
       0
       0
       2
       1
       0
       0
       2
       1
       1
       0
       0
       0
       1
       1
       1
       0
       2
       0
       0
       2
       1
       1
       1
       0
       2
       0
       0
       0
       1
       3
       0
       0
       1
       1
       0
       0
       0
       0
       1
       0
       1
       1
       0
       0
       0
       0
       1
       0
       0
       0
       0
       1
       0
       0
       1
       0
       1
       1
       0
       1
       1
       0
       0
       0
       2
       0
       0
       0
       0
       2
       1
       0
       0
       0
       0
       0
       0
       0
       0
       0
       1
       1
       0
       2
       0
       0
       1
       0
       0
       0
       0
       1
       0
       1
       1
       0
       1
       0
       0
       1
       0
       0
       1
       0
       0
       0
       0
       0
       1
       0
       0
       0
       0
       0
       1
       0
       0
       0
       2
       1
       0
       2
       0
       0
       1
       1
       0
       0
       0
       0
       0
       0
       2
       0
       0
       0
       0
       0
       0
       0
       1
       0
       0
       0
       0
       0
       1
       0
       0
       0
       1
       0
       0
       0
       1
       2
       0
       0
       0
       1
       0
       1
       1
       0
       0
       0
       0
       0
       0
       0
       0
       1
       0
       2
       0
       1
       2
       0
       0
       0
       0
       0
       0
       0
       0
       0
       1
       0
       0
       0
       0
       0
       1
       0
       0
       1
       0
       0
       0
       0
       0
       0
       0
       0
       0
       0
       0
       0
       0
       1
       0
       0
       1
       1
       0
       0
       0
       0
       0
       1
       0
       0
       0
       0
       0
       0
       0
       1
       0
       0
       0
       0
       0
       0
       0
       0
       0
       0
       0
       0
       0
       0
       0
       0
       0
       0
       0
       0
       0
       0
       0
       0
       0
       0
       1
       0
       0
       0
       0
       0
       0
       0
       0
       0
       1
       0
       0
       0
       0
       0
       0
       0
       0
       0
       0
       0
       0
       0
       0
       0
       0
       0
       0
       0
       0
       0
       0
       0
       0
       0
       0
       0
       0
       0
       0
       0
       0
       0
       0
       0
       0
       0
       0
       0
       0
       0
       0
       0
       0
       0
       0
       0
       0
       0
       0
       0
       0
       0
       0
       0
       0
       0
       0
       0
       0
       0
       0
       0
       0
       0
       0
       0
       0
       0
       0
       0
       0
       0
       0
       0
       0
       0
       0
       0
       0
       0
       0
       0
       0
       0
       0
       0
       0
       0
       0
       0
       0
       0
       0
       0
       1
       0
       0
       0
       0
       0
       0
       0
       0
       0
       0
       0
       0
       0
       0
       0
       0
       0
       0
       0
       0
       0
       0
       0
       0
       0
       0
       0
       0
       1
       0
       1
       0
       0
       0
       0
       0
       0
       0
       1
       0
       0
       0
       0
       0
       0
       0
       0
       0
       0
       0
       0
       0
       0
       0
       0
       0
       0
       0
       0
       0
       0
       0
       0
       0
       0
       0
       0
       0
       0
       0
       0
       0
       0
       0
       0
       0
       0
$ROI:
0
$PRESETS:
Live Time
200
0
$ENER_FIT:
2.582191 3.337790
$MCA_CAL:
3
2.582191E+000 3.337790E+000 -4.023110E-005 keV
$SHAPE_CAL:
3
0.000000E+000 0.000000E+000 0.000000E+000
