$SPEC_ID:
No sample description was entered.
$SPEC_REM:
DET# 1
DETDESC# SPACESCIENCE7 digiBASE-RH SN 15121435
AP# Maestro Version 7.01
$DATE_MEA:
10/15/2018 17:34:47
$MEAS_TIM:
200 200
$DATA:
0 1023
       0
       0
       0
       0
       0
       0
       0
       0
       0
       0
       9
    1443
    3875
    3099
    1913
    1257
    1040
     980
     938
    1007
    1003
    1039
    1062
    1074
    1111
    1127
    1179
    1169
    1226
    1205
    1123
    1247
    1157
    1257
    1253
    1202
    1248
    1268
    1312
    1248
    1231
    1321
    1298
    1238
    1290
    1274
    1289
    1203
    1235
    1311
    1217
    1273
    1248
    1227
    1220
    1234
    1258
    1272
    1212
    1217
    1238
    1275
    1365
    1371
    1456
    1337
    1393
    1380
    1346
    1319
    1371
    1338
    1334
    1367
    1360
    1271
    1213
    1262
    1233
    1248
    1187
    1212
    1163
    1184
    1119
    1162
    1112
    1047
    1045
    1130
    1009
    1046
    1021
     969
    1011
     923
     909
     930
     871
     887
     912
     813
     789
     884
     820
     829
     799
     776
     802
     751
     758
     775
     788
     764
     757
     759
     722
     739
     687
     717
     689
     672
     682
     655
     651
     650
     688
     679
     649
     674
     650
     619
     622
     670
     671
     621
     638
     629
     644
     589
     589
     559
     541
     535
     498
     417
     444
     413
     381
     358
     330
     325
     328
     300
     287
     262
     245
     269
     212
     190
     195
     185
     209
     175
     193
     178
     179
     188
     143
     164
     184
     202
     188
     195
     197
     183
     185
     206
     231
     219
     248
     255
     263
     310
     295
     318
     336
     378
     476
     462
     561
     603
     667
     859
     943
    1072
    1213
    1354
    1544
    1633
    1828
    1943
    2041
    2047
    2240
    2295
    2251
    2308
    2248
    2135
    2003
    1892
    1783
    1628
    1509
    1343
    1214
    1125
     934
     878
     767
     674
     565
     462
     501
     367
     332
     297
     282
     246
     222
     202
     164
     136
     112
      91
      78
      76
      83
      68
      43
      43
      33
      30
      28
      22
      21
      15
      19
      18
      19
      12
      15
      13
      10
      11
      14
      16
       6
      10
      16
      11
      10
       8
       9
      10
       9
      12
       3
       7
       8
       7
      11
      10
       6
       6
       9
       8
       8
      10
       8
      11
      10
       9
      14
       5
       6
       9
      11
       7
       8
      10
       5
       7
       7
      18
      10
      11
       5
       8
       5
       5
       7
       6
      10
       5
       7
       8
      11
       7
       5
       9
       3
       6
       4
       6
       4
       4
       8
       5
       6
       7
       5
       6
       8
       4
       8
       9
       6
       5
       3
       9
      11
       3
      10
       3
      10
       7
      10
       4
       5
       5
       9
       4
       9
       6
       9
       4
       5
       7
       8
       7
       6
       7
       7
       8
       2
       4
       5
       7
       5
       2
       6
       6
       2
       3
       6
       4
       4
       5
       3
       7
       3
       5
       2
       6
       4
       5
       7
       5
       3
       5
       4
       7
       3
       4
       3
       1
       4
       4
       2
       3
       3
       6
       2
       7
       3
       1
       5
       2
       3
       3
       3
       5
       1
       2
       3
       4
       6
       3
       5
       1
       3
       2
       1
       7
       7
       3
       1
       5
       4
       4
       4
       3
       6
       5
       7
       6
       9
       6
       6
       3
       2
       5
       4
       9
       5
       5
       7
       3
       5
       6
       6
       4
       9
       5
       7
       9
       5
       7
       2
       6
       2
       5
       5
       2
       4
       3
       3
       7
       3
       3
       7
       0
       4
       3
       1
       1
       3
       3
       1
       1
       4
       2
       3
       0
       0
       3
       1
       1
       1
       0
       2
       1
       3
       1
       2
       0
       1
       1
       0
       2
       2
       1
       0
       2
       2
       2
       1
       2
       0
       0
       0
       1
       2
       0
       1
       1
       0
       1
       0
       1
       3
       1
       0
       1
       1
       1
       2
       3
       1
       2
       2
       1
       1
       0
       2
       1
       3
       1
       2
       0
       0
       0
       0
       0
       0
       1
       0
       0
       1
       0
       0
       1
       0
       0
       1
       1
       2
       1
       0
       1
       0
       0
       1
       1
       0
       0
       1
       1
       2
       0
       1
       0
       0
       1
       0
       0
       1
       3
       0
       1
       1
       1
       1
       1
       0
       0
       1
       0
       1
       0
       0
       0
       0
       1
       0
       0
       1
       0
       2
       1
       0
       0
       0
       0
       0
       0
       0
       0
       1
       0
       0
       0
       1
       0
       0
       0
       0
       1
       0
       1
       1
       0
       3
       1
       0
       1
       0
       0
       0
       1
       1
       0
       1
       1
       0
       0
       0
       2
       0
       0
       0
       1
       0
       0
       0
       1
       0
       1
       0
       1
       0
       1
       1
       2
       0
       2
       1
       0
       1
       1
       0
       1
       1
       0
       0
       1
       3
       0
       0
       0
       2
       0
       0
       1
       0
       0
       0
       0
       0
       0
       0
       0
       2
       0
       1
       2
       2
       0
       0
       4
       0
       0
       0
       2
       0
       0
       0
       0
       0
       0
       0
       1
       2
       0
       0
       0
       0
       0
       0
       0
       0
       1
       0
       0
       0
       0
       1
       1
       0
       0
       0
       0
       0
       0
       1
       0
       0
       0
       0
       0
       0
       1
       0
       0
       0
       0
       0
       0
       0
       0
       1
       0
       0
       1
       0
       0
       1
       1
       0
       1
       0
       0
       0
       0
       0
       0
       0
       1
       1
       0
       0
       0
       0
       1
       0
       1
       0
       1
       1
       0
       1
       0
       0
       0
       0
       0
       0
       0
       0
       0
       0
       0
       0
       0
       0
       0
       0
       0
       0
       1
       0
       1
       0
       0
       0
       1
       0
       0
       0
       0
       0
       0
       0
       1
       0
       0
       0
       0
       0
       0
       0
       0
       1
       0
       0
       0
       0
       1
       0
       0
       1
       0
       0
       0
       0
       0
       0
       0
       0
       0
       0
       1
       0
       0
       0
       0
       0
       0
       0
       0
       0
       0
       0
       0
       0
       0
       0
       0
       0
       0
       0
       0
       0
       0
       0
       0
       0
       0
       0
       0
       1
       0
       0
       0
       0
       0
       0
       0
       0
       0
       1
       0
       0
       0
       0
       0
       0
       0
       0
       0
       0
       0
       0
       0
       0
       0
       0
       0
       0
       0
       0
       0
       1
       0
       0
       0
       0
       0
       0
       0
       0
       1
       0
       0
       0
       1
       0
       0
       0
       0
       0
       0
       0
       0
       0
       0
       0
       0
       0
       0
       0
       0
       0
       0
       0
       0
       0
       0
       0
       0
       0
       0
       0
       0
       0
       0
       0
       0
       0
       0
       0
       0
       0
       0
       0
       0
       0
       0
       0
       0
       0
       0
       0
       0
       0
       0
       0
       0
       0
       0
       0
       0
       0
       0
       0
       0
       0
       0
       0
       0
       0
       0
       0
       0
       1
       0
       0
       0
       0
       0
       0
       0
       0
       0
       0
       0
       0
       0
       0
       0
       0
       0
       0
       0
       0
       0
       0
       0
       0
       0
       0
       0
       0
       0
       0
       0
       0
       0
       0
       0
       0
       0
       0
       0
       0
       0
       0
       0
       0
       0
       0
       0
       0
       0
       0
       0
       0
       0
       0
       0
       0
       0
$ROI:
0
$PRESETS:
Live Time
200
0
$ENER_FIT:
2.582191 3.337790
$MCA_CAL:
3
2.582191E+000 3.337790E+000 -4.023110E-005 keV
$SHAPE_CAL:
3
0.000000E+000 0.000000E+000 0.000000E+000
