$SPEC_ID:
No sample description was entered.
$SPEC_REM:
DET# 1
DETDESC# SPACESCIENCE7 digiBASE-RH SN 15121435
AP# Maestro Version 7.01
$DATE_MEA:
10/15/2018 17:55:08
$MEAS_TIM:
200 201
$DATA:
0 1023
       0
       0
       0
       0
       0
       0
       0
       0
       0
       0
       4
    1067
    2881
    2272
    1852
    1514
    1454
    1422
    1490
    1514
    1610
    1704
    1726
    1737
    1825
    1837
    1836
    1972
    1945
    1881
    2015
    1921
    2003
    1923
    1971
    2097
    2050
    2090
    2147
    2154
    2170
    2084
    2160
    2173
    2128
    2178
    2099
    2163
    2052
    2029
    2100
    2109
    2059
    2112
    2027
    2057
    2094
    2119
    2154
    2204
    2193
    2276
    2212
    2315
    2326
    2295
    2339
    2227
    2159
    2168
    2211
    2218
    2216
    2128
    2037
    2218
    2190
    2117
    2107
    2072
    2055
    1938
    1905
    1906
    1931
    1936
    1784
    1753
    1688
    1663
    1705
    1716
    1554
    1638
    1664
    1594
    1576
    1567
    1558
    1425
    1477
    1451
    1423
    1424
    1410
    1380
    1332
    1306
    1298
    1367
    1376
    1291
    1276
    1287
    1269
    1248
    1182
    1165
    1203
    1158
    1159
    1147
    1116
    1112
    1120
    1124
    1062
    1158
    1062
    1069
    1047
    1074
    1021
    1077
    1009
    1070
     971
     916
     943
     931
     997
     910
     858
     787
     826
     796
     787
     765
     666
     685
     613
     654
     631
     584
     575
     530
     538
     544
     538
     484
     480
     479
     486
     505
     450
     431
     464
     430
     421
     449
     433
     489
     489
     427
     451
     465
     484
     509
     517
     561
     518
     574
     585
     646
     664
     753
     740
     819
     871
     986
    1035
    1100
    1323
    1402
    1565
    1778
    1934
    2065
    2231
    2406
    2621
    2744
    2902
    2973
    3122
    3159
    3160
    3151
    3064
    2940
    2873
    2648
    2520
    2446
    2204
    2015
    1848
    1712
    1520
    1389
    1177
    1086
    1017
     871
     767
     691
     628
     591
     496
     471
     398
     365
     314
     283
     216
     221
     176
     157
     135
     129
      83
      73
      68
      50
      49
      36
      35
      27
      28
      29
      22
      16
      11
       9
       7
       5
      15
      18
       7
       9
       4
      13
      11
      10
      22
       6
      10
       8
       6
       4
       6
      11
       9
       9
      12
       7
       9
       7
       8
       6
      15
       6
       4
       8
      10
       7
      10
      14
       7
       8
       8
       5
      12
      13
       4
      11
       9
      10
       7
       5
       9
       3
       4
       8
       8
       4
       5
       7
      10
       6
       6
      10
       6
       6
       6
       3
      10
       6
       7
       8
       8
       7
       5
      10
       8
      11
       7
       7
      14
       7
       4
       2
      13
       7
       7
      10
       8
       7
      11
       4
       5
       7
       4
      10
       4
       5
       6
      11
       6
       2
       4
       3
       4
       9
       5
       6
       7
      10
       7
       5
      12
       6
       8
       4
       4
       4
       6
       5
       3
       2
       6
       5
       6
       7
       8
       1
       6
       4
       4
       7
       3
       4
       9
       7
       5
       5
       2
       3
       3
       3
       3
       4
       4
       1
       3
       6
       0
       3
       3
       5
       3
       1
       2
       2
       3
       3
       5
       3
       6
       2
       4
       5
       1
       6
       6
       4
       6
       7
       2
       9
       4
       5
       4
       4
      10
       6
       4
       6
       9
       6
       8
       8
       9
       5
       9
       3
       6
       8
      11
       4
       8
       5
       4
      11
       6
       7
       7
       4
       1
       7
       5
       4
       2
       3
       2
       5
       1
       3
       2
       3
       4
       1
       2
       4
       3
       1
       3
       0
       5
       3
       3
       1
       3
       2
       1
       1
       2
       3
       1
       2
       2
       1
       0
       2
       0
       3
       4
       2
       1
       0
       0
       3
       2
       3
       2
       1
       1
       1
       1
       1
       0
       2
       1
       1
       1
       1
       1
       2
       3
       2
       2
       0
       0
       0
       2
       0
       3
       1
       2
       1
       1
       0
       1
       2
       1
       0
       0
       0
       0
       0
       0
       0
       2
       1
       1
       1
       1
       1
       2
       0
       1
       1
       1
       2
       0
       1
       0
       1
       1
       0
       0
       0
       0
       0
       2
       1
       1
       0
       0
       0
       1
       1
       0
       1
       0
       1
       2
       1
       0
       2
       0
       0
       0
       0
       1
       0
       1
       0
       0
       1
       0
       0
       1
       2
       0
       1
       0
       0
       0
       0
       0
       0
       0
       0
       0
       0
       1
       0
       2
       0
       0
       2
       0
       1
       1
       1
       0
       0
       1
       0
       0
       0
       0
       2
       1
       2
       0
       0
       2
       0
       1
       0
       0
       0
       0
       2
       2
       2
       1
       0
       0
       0
       1
       1
       3
       1
       0
       0
       1
       1
       0
       0
       0
       2
       0
       2
       0
       0
       1
       0
       0
       0
       1
       1
       0
       2
       0
       2
       0
       0
       0
       0
       2
       0
       1
       1
       0
       0
       0
       0
       2
       0
       0
       0
       0
       1
       0
       0
       0
       0
       1
       1
       1
       1
       0
       0
       0
       0
       1
       1
       1
       0
       0
       0
       0
       0
       0
       0
       0
       1
       1
       0
       1
       0
       0
       0
       0
       0
       0
       0
       0
       1
       0
       0
       0
       1
       0
       0
       2
       0
       0
       0
       1
       0
       0
       0
       0
       2
       0
       0
       0
       1
       0
       0
       0
       0
       0
       0
       2
       0
       1
       0
       0
       0
       1
       0
       0
       0
       0
       0
       0
       0
       0
       0
       1
       0
       1
       1
       0
       0
       0
       1
       0
       0
       0
       0
       0
       0
       1
       0
       0
       0
       0
       2
       1
       0
       0
       1
       0
       0
       1
       0
       0
       0
       0
       0
       0
       0
       0
       0
       0
       0
       0
       0
       0
       0
       0
       0
       0
       0
       0
       1
       0
       0
       0
       1
       0
       0
       0
       0
       0
       0
       0
       0
       0
       0
       0
       0
       0
       0
       1
       0
       0
       0
       0
       0
       0
       0
       0
       0
       0
       0
       0
       0
       0
       0
       0
       0
       0
       1
       0
       0
       0
       0
       0
       0
       0
       0
       0
       0
       0
       0
       0
       0
       0
       0
       0
       0
       0
       0
       0
       0
       0
       0
       0
       0
       0
       0
       0
       0
       0
       0
       0
       0
       0
       0
       0
       0
       0
       0
       0
       0
       0
       0
       0
       0
       0
       0
       0
       0
       0
       0
       0
       1
       0
       0
       0
       0
       0
       0
       0
       0
       0
       0
       0
       0
       0
       0
       1
       0
       0
       0
       0
       0
       0
       0
       0
       0
       0
       0
       0
       0
       0
       0
       0
       0
       0
       0
       0
       0
       0
       0
       0
       0
       0
       0
       0
       0
       0
       0
       0
       0
       0
       0
       0
       0
       0
       0
       0
       0
       0
       0
       0
       0
       0
       0
       0
       0
       0
       0
       0
       0
       0
       0
       0
       0
       0
       0
       0
       0
       0
       1
       0
       0
       0
       0
       0
       0
       0
       0
       0
       0
       0
       0
       0
       0
       0
       0
       0
       0
       0
       0
       0
       1
       0
       0
       0
       0
       0
       0
       0
       0
       0
       0
       1
       0
       0
       0
       0
       0
       0
       0
       0
       0
       0
       0
       0
       0
       0
       0
       0
       0
       0
       0
$ROI:
0
$PRESETS:
Live Time
200
0
$ENER_FIT:
2.582191 3.337790
$MCA_CAL:
3
2.582191E+000 3.337790E+000 -4.023110E-005 keV
$SHAPE_CAL:
3
0.000000E+000 0.000000E+000 0.000000E+000
