$SPEC_ID:
No sample description was entered.
$SPEC_REM:
DET# 1
DETDESC# SPACESCIENCE7 digiBASE-RH SN 15121435
AP# Maestro Version 7.01
$DATE_MEA:
10/15/2018 17:11:08
$MEAS_TIM:
200 200
$DATA:
0 1023
       0
       0
       0
       0
       0
       0
       0
       0
       0
       0
       6
    1311
    3778
    3118
    2178
    1472
    1071
     924
     920
     939
     953
     990
     984
    1071
    1074
    1137
    1151
    1211
    1153
    1226
    1168
    1141
    1213
    1195
    1171
    1169
    1192
    1172
    1218
    1231
    1249
    1253
    1255
    1277
    1252
    1224
    1257
    1157
    1233
    1183
    1188
    1172
    1183
    1243
    1186
    1275
    1192
    1295
    1262
    1343
    1338
    1394
    1388
    1402
    1405
    1492
    1439
    1382
    1336
    1342
    1288
    1283
    1288
    1282
    1249
    1255
    1174
    1173
    1144
    1150
    1194
    1080
    1032
    1059
    1015
    1004
     990
     967
     975
     973
     944
     931
     937
     845
     893
     897
     822
     887
     797
     825
     833
     769
     805
     739
     761
     741
     755
     757
     736
     760
     741
     706
     677
     688
     685
     672
     687
     659
     644
     650
     680
     679
     648
     643
     697
     628
     622
     641
     652
     660
     601
     610
     611
     616
     546
     564
     605
     572
     547
     550
     527
     527
     511
     486
     508
     434
     432
     417
     378
     368
     342
     350
     299
     271
     266
     260
     239
     232
     220
     214
     216
     168
     214
     181
     164
     174
     155
     164
     172
     168
     153
     155
     174
     146
     179
     180
     189
     182
     192
     208
     240
     247
     215
     262
     248
     264
     329
     343
     370
     430
     493
     587
     625
     748
     832
     955
    1092
    1246
    1405
    1566
    1624
    1754
    1897
    2030
    2145
    2198
    2059
    2177
    2125
    2073
    1911
    1815
    1621
    1476
    1387
    1276
    1073
     949
     870
     800
     666
     610
     485
     428
     357
     342
     272
     232
     201
     168
     180
     151
     114
     119
      90
      76
      80
      56
      46
      33
      47
      34
      29
      29
      20
      27
      18
      15
      10
      12
       7
       6
      11
      14
       9
      10
       6
       9
       7
      10
      11
       8
       8
      10
      11
      14
      15
      16
      11
       5
       8
      12
       8
       9
       8
      15
       7
       7
      11
      10
      13
       7
       9
       7
       9
      13
      10
      11
       6
      11
       7
       5
      12
       8
       8
       8
       7
       7
       6
       5
       8
       7
      12
       4
       5
      10
       9
       6
       6
       7
       6
       7
       6
       6
      11
       9
      13
       2
       3
       9
       4
       6
       7
       4
      13
      11
       7
       6
       5
       8
       4
       9
       5
       2
       6
       5
       8
       6
       4
       9
       8
       7
      10
       4
       4
       5
       9
       5
      10
      10
       6
       4
       5
       7
       6
       1
       4
       6
       9
       5
       6
       9
       9
       5
       5
       8
       5
       9
       6
       4
       6
       6
       3
       1
       1
       3
       2
       2
       4
       5
       4
       3
       6
       5
       1
       1
       1
       6
       1
       3
       5
       6
       4
       4
       5
       4
       5
       3
       1
       1
       3
       2
       2
       3
       2
       5
       3
       3
       5
       5
       3
       3
       6
       1
       4
       4
       3
       5
       7
       3
       4
       1
       1
       6
       8
       7
       3
       3
       5
      14
       5
       3
       5
      10
       4
       6
       6
      12
       5
       4
       7
       5
       7
      10
       8
       5
       9
       4
       3
       7
       4
       2
       2
       7
       1
       6
       6
       4
       3
       3
       1
       4
       5
       3
       2
       1
       1
       1
       1
       4
       5
       1
       2
       2
       0
       2
       2
       2
       2
       2
       2
       0
       2
       0
       3
       2
       4
       2
       2
       1
       0
       1
       1
       0
       1
       2
       3
       1
       2
       2
       2
       0
       1
       0
       3
       0
       1
       0
       0
       1
       0
       0
       3
       1
       1
       1
       1
       1
       1
       2
       0
       0
       1
       1
       1
       1
       1
       1
       0
       0
       2
       2
       2
       0
       1
       1
       1
       2
       1
       1
       1
       2
       0
       1
       1
       2
       1
       1
       1
       0
       1
       0
       2
       2
       4
       1
       1
       0
       1
       1
       1
       1
       0
       1
       0
       0
       0
       0
       0
       2
       0
       1
       0
       1
       1
       1
       1
       1
       1
       0
       0
       1
       2
       0
       0
       1
       0
       0
       0
       1
       0
       0
       0
       0
       1
       1
       0
       0
       1
       0
       1
       0
       1
       0
       1
       0
       0
       1
       1
       0
       0
       2
       0
       0
       1
       2
       1
       0
       0
       0
       2
       2
       1
       0
       0
       0
       3
       2
       0
       0
       0
       0
       0
       1
       1
       0
       1
       0
       0
       0
       1
       1
       0
       0
       0
       0
       0
       1
       0
       0
       0
       2
       0
       1
       0
       0
       0
       0
       1
       0
       2
       2
       0
       1
       1
       1
       0
       0
       0
       0
       0
       0
       1
       0
       1
       1
       0
       0
       0
       0
       1
       0
       0
       0
       0
       0
       0
       1
       0
       0
       0
       0
       0
       0
       1
       0
       0
       0
       0
       0
       0
       0
       1
       0
       0
       0
       1
       1
       0
       0
       0
       0
       0
       0
       0
       1
       0
       0
       0
       0
       0
       0
       0
       0
       1
       0
       0
       0
       0
       0
       1
       0
       0
       0
       0
       0
       0
       0
       0
       1
       1
       0
       1
       0
       0
       0
       0
       1
       0
       0
       1
       0
       3
       0
       1
       1
       0
       0
       0
       0
       1
       1
       1
       0
       0
       1
       1
       0
       0
       0
       1
       0
       1
       1
       1
       0
       0
       0
       0
       0
       0
       0
       0
       0
       0
       0
       0
       0
       0
       0
       0
       0
       0
       0
       0
       0
       0
       0
       0
       0
       0
       0
       0
       0
       0
       0
       0
       0
       0
       0
       1
       0
       0
       0
       0
       0
       0
       0
       0
       0
       0
       0
       0
       0
       0
       0
       0
       0
       0
       0
       0
       0
       0
       1
       0
       0
       0
       1
       0
       0
       0
       0
       0
       0
       0
       0
       0
       0
       0
       0
       0
       0
       0
       0
       0
       0
       0
       0
       0
       0
       0
       0
       0
       0
       0
       0
       0
       0
       0
       0
       0
       0
       0
       0
       0
       0
       0
       0
       0
       0
       0
       0
       0
       0
       0
       0
       0
       0
       0
       0
       0
       1
       0
       0
       0
       0
       1
       0
       0
       0
       0
       0
       0
       0
       0
       0
       0
       0
       0
       0
       0
       0
       0
       1
       0
       0
       0
       0
       0
       0
       0
       0
       0
       0
       0
       0
       0
       0
       0
       0
       0
       0
       1
       0
       0
       0
       1
       0
       0
       0
       0
       0
       0
       0
       0
       0
       0
       0
       0
       0
       0
       0
       0
       0
       0
       0
       0
       0
       0
       0
       0
       1
       0
       0
       0
       0
       0
       0
       0
       0
       0
       0
       0
       0
       0
       0
       0
       0
       1
       0
       0
       0
       0
       0
       0
       1
       0
       0
       0
       0
       0
       0
       0
       0
       0
       0
       0
       1
       0
       0
       0
       0
       0
       0
       0
       0
       1
       0
       0
       0
       0
       0
       0
       0
       0
       0
       0
       0
       1
       0
       0
       0
       0
       0
$ROI:
0
$PRESETS:
Live Time
200
0
$ENER_FIT:
2.582191 3.337790
$MCA_CAL:
3
2.582191E+000 3.337790E+000 -4.023110E-005 keV
$SHAPE_CAL:
3
0.000000E+000 0.000000E+000 0.000000E+000
