$SPEC_ID:
No sample description was entered.
$SPEC_REM:
DET# 1
DETDESC# SPACESCIENCE7 digiBASE-RH SN 15121435
AP# Maestro Version 7.01
$DATE_MEA:
10/15/2018 17:50:38
$MEAS_TIM:
200 201
$DATA:
0 1023
       0
       0
       0
       0
       0
       0
       0
       0
       0
       0
      11
    1750
    4730
    3476
    2194
    1542
    1320
    1353
    1317
    1411
    1418
    1466
    1560
    1510
    1606
    1721
    1692
    1698
    1691
    1796
    1789
    1796
    1774
    1784
    1792
    1914
    1831
    1811
    1910
    1886
    1840
    1928
    1898
    1950
    1930
    1861
    1919
    1857
    1860
    1778
    1834
    1887
    1831
    1830
    1798
    1825
    1920
    1902
    1887
    1872
    1909
    2036
    1984
    2005
    2087
    2095
    2033
    2099
    2039
    2086
    2021
    2055
    1933
    2038
    2032
    1967
    1986
    1959
    1860
    1874
    1813
    1807
    1758
    1760
    1792
    1638
    1566
    1567
    1602
    1539
    1583
    1476
    1460
    1396
    1390
    1422
    1422
    1336
    1349
    1287
    1305
    1289
    1283
    1236
    1254
    1200
    1211
    1224
    1193
    1190
    1121
    1107
    1120
    1120
    1175
    1122
    1121
    1125
    1053
    1064
    1008
    1036
    1024
    1058
     976
     989
    1061
     967
     947
     970
     932
     922
    1015
     992
     940
     911
     902
     880
     880
     840
     821
     879
     763
     714
     698
     715
     667
     583
     639
     590
     536
     512
     515
     471
     421
     429
     421
     382
     377
     358
     354
     344
     316
     318
     306
     327
     322
     341
     330
     283
     322
     326
     348
     334
     306
     336
     372
     365
     409
     405
     399
     416
     487
     527
     518
     527
     564
     686
     717
     860
     922
    1071
    1201
    1289
    1463
    1656
    1883
    2066
    2293
    2439
    2608
    2795
    3004
    3048
    3179
    3190
    3276
    3174
    3211
    3138
    2973
    2710
    2566
    2351
    2178
    1974
    1812
    1625
    1525
    1312
    1164
    1022
     875
     801
     727
     596
     572
     531
     424
     371
     341
     302
     242
     253
     193
     193
     144
     125
     106
      94
      81
      64
      59
      45
      39
      37
      29
      15
      13
      11
      13
       9
      11
       8
      11
      10
       9
      11
       4
      11
       6
      11
       5
      17
      11
       3
      10
       7
      11
      13
       9
       6
      10
      10
       7
      12
       2
       8
       4
      10
      10
       5
       5
       5
      17
       5
       6
      13
       7
      11
      11
      12
       7
      11
       7
       6
       6
       7
       6
       3
       6
       9
       9
       6
       9
       5
       6
       8
       6
       5
      10
       7
       6
       7
       8
       6
       6
       4
      12
       8
       8
       6
       7
       3
       6
       3
       6
       7
       7
       2
       7
       5
       4
      10
       7
       6
      12
       6
       6
       6
       6
       7
       5
       5
       6
       7
       6
       4
       5
       9
       7
       6
       6
      13
       8
       5
       3
       7
       8
       8
       3
       3
       2
       3
       6
       7
       4
       6
       3
       2
       4
       4
       8
       2
       7
       5
       6
       6
       8
       2
       3
       4
       7
       1
       5
       3
       4
       5
       2
       2
       4
       3
       7
       6
       1
       3
       2
       2
       4
       5
       3
       5
       9
       4
       4
       5
       2
       5
       1
       2
       8
       4
       4
       5
       5
       0
       7
       6
       2
       5
       2
       4
       2
       6
       4
       7
      10
       6
       5
       7
       8
       4
       3
       7
       4
       8
      11
       4
       3
       3
       4
       6
       5
       3
       4
       6
       8
       7
       3
       4
       5
       3
       6
       3
       3
       4
       6
       4
       1
       0
       2
       3
       3
       5
       3
       2
       0
       2
       3
       2
       2
       3
       2
       1
       3
       5
       1
       1
       2
       2
       6
       1
       2
       1
       1
       0
       3
       2
       2
       0
       0
       2
       2
       1
       1
       1
       1
       0
       0
       1
       0
       0
       1
       2
       0
       0
       0
       1
       1
       0
       0
       1
       2
       0
       1
       0
       3
       0
       0
       1
       1
       1
       0
       2
       0
       1
       0
       0
       3
       0
       0
       0
       0
       1
       1
       0
       0
       0
       0
       0
       1
       0
       0
       1
       0
       3
       0
       1
       1
       0
       0
       0
       0
       1
       0
       1
       1
       0
       0
       0
       1
       0
       1
       2
       0
       0
       0
       1
       0
       1
       0
       0
       0
       0
       1
       0
       0
       0
       0
       1
       1
       0
       1
       0
       0
       0
       1
       0
       0
       1
       1
       0
       0
       0
       0
       1
       2
       0
       0
       0
       0
       0
       1
       0
       0
       1
       0
       0
       2
       0
       0
       1
       1
       0
       0
       0
       3
       1
       1
       1
       0
       0
       1
       0
       0
       0
       0
       0
       0
       2
       1
       0
       1
       0
       0
       2
       0
       0
       2
       0
       1
       1
       1
       0
       0
       0
       0
       0
       1
       0
       0
       0
       1
       0
       1
       1
       0
       1
       0
       0
       1
       1
       0
       0
       0
       1
       1
       0
       0
       0
       0
       0
       1
       2
       0
       0
       0
       0
       2
       1
       0
       0
       0
       0
       1
       0
       0
       0
       1
       1
       0
       1
       1
       0
       0
       2
       0
       1
       0
       0
       0
       0
       0
       0
       0
       0
       0
       0
       0
       0
       0
       0
       1
       0
       0
       2
       0
       0
       0
       0
       0
       0
       0
       0
       0
       2
       0
       1
       0
       0
       2
       0
       0
       0
       0
       0
       0
       0
       0
       0
       0
       0
       0
       1
       0
       0
       0
       0
       0
       0
       1
       0
       0
       0
       1
       1
       0
       0
       1
       1
       1
       0
       0
       1
       0
       1
       0
       0
       0
       0
       0
       0
       0
       0
       1
       2
       0
       0
       0
       0
       1
       0
       0
       0
       0
       1
       0
       0
       0
       0
       0
       0
       0
       0
       0
       0
       0
       0
       0
       0
       0
       0
       0
       0
       0
       1
       0
       0
       0
       0
       0
       0
       0
       0
       0
       0
       0
       0
       0
       0
       0
       0
       0
       0
       0
       0
       0
       0
       0
       0
       0
       0
       0
       1
       0
       0
       0
       0
       0
       0
       0
       0
       1
       0
       1
       0
       0
       0
       0
       0
       0
       0
       0
       0
       0
       0
       0
       0
       0
       0
       0
       0
       0
       0
       0
       0
       0
       0
       0
       0
       0
       0
       0
       0
       0
       0
       0
       0
       0
       0
       0
       0
       0
       0
       0
       0
       0
       0
       0
       0
       0
       0
       0
       0
       0
       0
       0
       0
       0
       0
       0
       0
       0
       0
       0
       0
       0
       0
       0
       0
       0
       0
       0
       0
       0
       0
       0
       0
       0
       0
       0
       0
       0
       0
       0
       0
       0
       0
       0
       0
       1
       0
       0
       0
       0
       0
       0
       0
       0
       0
       0
       0
       1
       0
       0
       0
       0
       0
       0
       0
       0
       0
       0
       0
       0
       0
       0
       0
       1
       0
       0
       0
       0
       0
       0
       0
       0
       0
       0
       0
       0
       0
       0
       0
       0
       0
       0
       0
       0
       1
       0
       0
       0
       0
       0
       0
       0
       0
       0
       0
       0
       0
       1
       0
       0
       0
       0
       0
       0
       0
       0
       0
       0
       0
       0
       0
       0
       0
       0
       0
       0
       0
       0
       0
       0
       0
       0
       0
       0
       0
       0
       0
       0
       0
$ROI:
0
$PRESETS:
Live Time
200
0
$ENER_FIT:
2.582191 3.337790
$MCA_CAL:
3
2.582191E+000 3.337790E+000 -4.023110E-005 keV
$SHAPE_CAL:
3
0.000000E+000 0.000000E+000 0.000000E+000
