$SPEC_ID:
No sample description was entered.
$SPEC_REM:
DET# 1
DETDESC# SPACESCIENCE7 digiBASE-RH SN 15121435
AP# Maestro Version 7.01
$DATE_MEA:
10/15/2018 17:25:46
$MEAS_TIM:
200 200
$DATA:
0 1023
       0
       0
       0
       0
       0
       0
       0
       0
       0
       0
       6
    1264
    3650
    3074
    2009
    1342
    1049
     912
     844
     876
     842
     904
     861
    1000
     958
    1041
    1011
    1051
    1087
    1053
    1077
    1094
    1083
    1061
    1034
    1129
    1147
    1118
    1097
    1146
    1123
    1149
    1174
    1184
    1178
    1143
    1151
    1188
    1148
    1106
    1189
    1087
    1107
    1142
    1132
    1148
    1097
    1094
    1127
    1193
    1150
    1158
    1235
    1297
    1208
    1274
    1255
    1207
    1239
    1242
    1170
    1189
    1130
    1161
    1114
    1138
    1130
    1119
    1016
    1060
     982
    1018
     918
     971
     909
     971
     942
     961
     900
     940
     900
     871
     842
     862
     802
     836
     790
     800
     785
     777
     761
     692
     740
     705
     722
     692
     646
     725
     645
     643
     647
     668
     638
     627
     684
     638
     643
     636
     624
     609
     618
     565
     606
     573
     568
     578
     639
     597
     608
     571
     568
     577
     595
     613
     561
     534
     574
     504
     552
     535
     530
     496
     465
     489
     427
     459
     402
     409
     388
     321
     336
     319
     282
     264
     249
     249
     215
     238
     191
     199
     191
     163
     199
     175
     152
     142
     143
     156
     155
     150
     142
     151
     147
     151
     126
     142
     145
     150
     164
     165
     174
     172
     183
     203
     213
     194
     278
     294
     316
     331
     467
     531
     599
     660
     809
     874
     984
    1157
    1330
    1425
    1592
    1714
    1888
    1958
    2041
    2099
    2084
    2179
    1970
    1964
    1881
    1812
    1608
    1516
    1287
    1242
    1101
     998
     810
     747
     643
     539
     528
     442
     375
     334
     270
     264
     243
     190
     167
     153
     114
     103
      89
      86
      70
      59
      46
      46
      35
      30
      35
      32
      24
      15
      10
      18
       5
      17
      11
       8
      12
      16
       9
      12
      14
       6
       8
       8
      14
       4
      15
       6
       9
       7
       6
       8
       8
      13
       5
      10
       5
       8
       7
       6
       6
       5
       8
      13
       3
       8
      10
       7
       7
      10
       6
       5
       6
      11
       7
       9
       8
       4
       6
       2
       9
       4
       7
      12
       5
       8
       7
       5
       4
       6
       8
       4
       7
       6
       7
       9
       4
       4
       5
       5
      10
       6
       2
       6
      10
       8
       5
       2
       7
       4
       7
       4
       1
       7
       6
      10
      11
       6
      10
       6
       1
       8
       8
       7
       8
       4
       6
       5
       4
       6
       5
       3
       7
       5
       6
      10
       1
       4
       9
       8
       5
       6
      11
       9
       4
       9
       4
       5
       6
       2
       4
       4
       4
       4
       5
      10
       7
       5
       8
       4
       6
       3
       4
       6
       4
       1
       1
       1
       6
       4
       2
       4
       4
       5
      11
       9
       2
       1
       7
       4
       9
       6
       5
       5
       3
       6
       5
       2
       7
       1
       5
       5
       4
       4
       4
       5
       3
       3
       2
       6
       2
       8
       4
       2
       5
       7
       2
       2
       6
       5
       8
       5
       7
       7
       5
       5
       3
      10
       9
       9
       2
       6
       9
       6
       9
      10
       7
       7
       6
       5
       5
       6
       4
       3
       5
       2
       5
       5
       2
       4
       0
       3
       0
       2
       4
       1
      10
       4
       6
       4
       4
       1
       6
       3
       5
       4
       0
       1
       0
       1
       3
       3
       2
       1
       0
       2
       2
       2
       2
       1
       4
       2
       1
       0
       2
       3
       1
       1
       1
       0
       2
       1
       2
       0
       0
       1
       1
       1
       3
       3
       0
       3
       1
       2
       0
       0
       0
       0
       0
       2
       1
       0
       1
       1
       0
       0
       0
       0
       2
       0
       1
       0
       1
       3
       2
       2
       2
       0
       1
       1
       2
       0
       0
       0
       2
       1
       0
       1
       0
       0
       0
       0
       1
       0
       0
       2
       0
       0
       0
       2
       2
       1
       0
       2
       0
       0
       0
       0
       1
       1
       3
       0
       0
       2
       1
       0
       1
       1
       1
       1
       1
       0
       0
       2
       3
       1
       0
       0
       0
       0
       0
       0
       1
       0
       0
       1
       0
       1
       1
       1
       0
       1
       1
       0
       0
       1
       1
       1
       0
       1
       0
       0
       0
       1
       0
       0
       0
       1
       0
       0
       1
       1
       0
       0
       1
       0
       1
       1
       1
       3
       0
       0
       2
       0
       1
       1
       1
       0
       0
       0
       0
       1
       0
       1
       2
       2
       0
       0
       1
       0
       1
       0
       1
       0
       0
       0
       1
       1
       0
       0
       0
       1
       1
       0
       0
       1
       1
       0
       0
       0
       0
       0
       1
       0
       0
       2
       0
       1
       1
       0
       0
       0
       0
       0
       0
       0
       0
       0
       1
       0
       0
       0
       0
       1
       1
       0
       0
       1
       0
       1
       0
       0
       0
       1
       0
       0
       0
       0
       0
       0
       0
       0
       0
       1
       1
       0
       0
       0
       0
       0
       0
       0
       0
       2
       0
       1
       0
       0
       0
       0
       0
       0
       0
       0
       0
       0
       0
       0
       1
       0
       0
       0
       0
       0
       0
       0
       0
       1
       0
       0
       0
       0
       1
       0
       0
       0
       0
       0
       0
       0
       1
       0
       0
       0
       0
       0
       0
       0
       0
       0
       0
       0
       1
       0
       0
       0
       0
       0
       0
       0
       0
       0
       0
       0
       0
       0
       0
       0
       0
       0
       1
       0
       0
       0
       0
       0
       0
       0
       0
       0
       0
       0
       0
       1
       0
       0
       0
       0
       0
       0
       0
       0
       0
       0
       0
       0
       0
       0
       0
       0
       0
       0
       0
       0
       0
       0
       0
       0
       0
       0
       0
       0
       0
       0
       0
       0
       0
       0
       0
       0
       0
       0
       0
       0
       0
       1
       0
       0
       0
       0
       0
       0
       0
       0
       0
       0
       0
       0
       1
       0
       0
       0
       0
       0
       0
       0
       0
       0
       0
       0
       0
       0
       0
       0
       0
       0
       0
       0
       0
       0
       0
       0
       0
       0
       0
       0
       0
       0
       0
       0
       0
       0
       0
       0
       0
       0
       0
       0
       0
       0
       0
       0
       0
       0
       0
       0
       0
       0
       0
       0
       0
       0
       1
       0
       0
       0
       0
       0
       0
       0
       0
       0
       0
       0
       0
       1
       0
       0
       0
       0
       0
       0
       0
       0
       0
       0
       0
       1
       0
       0
       0
       0
       0
       0
       0
       0
       0
       0
       0
       0
       0
       0
       0
       0
       0
       0
       0
       0
       0
       0
       0
       0
       0
       0
       0
       0
       0
       0
       0
       1
       0
       0
       0
       0
       0
       0
       0
       0
       0
       0
       0
       0
       0
       0
       0
       0
       0
       0
       0
       0
       0
       0
       0
       0
       0
       0
       0
       0
       0
       0
       0
       0
       0
       0
       0
       0
       0
       0
       0
       0
       0
       0
       0
       0
       0
       0
       0
       0
       0
       0
       0
       0
       0
       0
       0
       0
       0
       0
$ROI:
0
$PRESETS:
Live Time
200
0
$ENER_FIT:
2.582191 3.337790
$MCA_CAL:
3
2.582191E+000 3.337790E+000 -4.023110E-005 keV
$SHAPE_CAL:
3
0.000000E+000 0.000000E+000 0.000000E+000
