$SPEC_ID:
No sample description was entered.
$SPEC_REM:
DET# 1
DETDESC# GMX20P4 HPGe
AP# Maestro Version 7.01
$DATE_MEA:
11/30/2018 15:37:12
$MEAS_TIM:
600 644
$DATA:
0 8191
       0
       0
       0
       0
       0
       0
       0
       0
       0
       0
       0
       0
       0
       0
       0
       0
       0
       0
       0
       0
       0
       0
       0
       0
       0
       0
       0
       0
       0
       0
       0
       0
       0
       0
       0
       0
       0
       0
       0
       0
       0
       0
       0
       1
       2
       2
       2
      13
      15
      28
      41
      48
      60
      67
     101
     108
     120
     138
     170
     140
     178
     189
     169
     177
     177
     144
     183
     135
     131
      99
      97
     100
     102
      77
      75
      64
      72
      69
      55
      66
      63
      58
      57
      54
      53
      54
      46
      54
      37
      52
      49
      55
      60
      55
      47
      53
      55
      52
      42
      54
      49
      56
      49
      48
      54
      39
      45
      57
      51
      46
      48
      47
      43
      45
      39
      54
      41
      36
      39
      52
      36
      44
      44
      44
      36
      41
      44
      49
      47
      44
      47
      43
      43
      48
      39
      35
      49
      41
      47
      42
      47
      49
      45
      41
      39
      46
      38
      40
      45
      35
      46
      29
      43
      36
      37
      35
      50
      48
      44
      42
      39
      47
      47
      38
      53
      48
      45
      48
      48
      52
      48
      59
      45
      53
      61
      54
      47
      60
      45
      48
      41
      53
      65
      68
      56
      57
      54
      55
      62
      63
      77
      43
      56
      68
      64
      73
      59
      60
      69
      65
      72
      60
      55
      73
      73
      72
      65
      77
      65
      60
      65
      68
      59
      55
      82
      70
      75
      58
      52
      85
      74
      73
      62
      75
      80
      56
      65
      87
      92
      88
      76
      79
      66
      78
      75
      79
      83
      73
      86
      88
      96
      84
      77
      89
     104
      91
      93
     103
      96
      82
      72
      92
      83
      97
      90
      88
      90
      86
     103
      90
     100
      77
      70
      81
      95
      70
      90
      97
      70
     105
      95
      95
     101
      96
      84
      96
     101
      90
     105
     101
      87
     107
      89
     106
      95
     120
     103
      94
     110
     104
      91
      91
     114
     103
     117
      92
      87
      97
     116
      88
     102
     119
     108
     103
     108
     114
     112
     105
     114
     124
     114
     108
     103
      90
      90
     114
     111
     121
      95
     121
      92
     111
      90
     109
     118
      99
     108
     109
     103
     108
     115
     111
     102
      95
     106
     109
     106
     113
     100
     105
     111
      97
      96
      90
      98
     107
     118
     101
     122
     102
      95
     108
      90
     103
      93
     106
     104
     114
      94
     108
      95
     107
     101
     107
     110
      99
      99
     103
     115
     108
      95
      85
     102
     103
      77
      95
     111
     101
     117
     106
     101
      84
      97
      76
     104
      90
      96
      91
     107
      81
     103
      99
      99
      99
      89
     100
      94
      92
     101
     107
     100
      78
      78
      99
      78
      98
      86
     103
      99
      91
     101
     102
      82
     101
      80
      87
      85
      84
      82
     100
      98
      78
      90
      81
      88
      94
      91
      99
      91
      79
      93
     102
      79
      93
      82
      83
      94
      75
     102
      91
      83
      88
      88
      64
      74
      88
      81
      85
      76
      84
      96
      87
      91
      87
      88
      85
      89
      91
      69
      80
      80
      72
      91
      79
      70
      81
      71
      67
      82
      86
      71
      80
      71
      88
      82
      95
      87
      79
      87
      85
      80
      93
      75
      71
      81
      84
      83
      64
      80
      79
      68
      65
      89
      80
      72
      68
      87
      77
      71
      81
      71
      83
      90
      72
      67
      72
      66
      78
      81
      66
      76
      51
      65
      60
      67
      68
      87
      69
      82
      71
      65
      71
      78
      62
      66
      76
      84
      82
      77
      64
      84
      61
      78
      74
      76
      76
      68
      66
      70
      68
      62
      67
      83
      72
      58
      75
      69
      65
      67
      80
      72
      76
      63
      70
      65
      66
      49
      71
      59
      50
      73
      61
      66
      79
      60
      63
      65
      64
      63
      71
      58
      62
      62
      67
      53
      56
      81
      66
      60
      70
      69
      80
      61
      58
      60
      55
      53
      50
      60
      73
      59
      63
      66
      69
      59
      60
      58
      62
      48
      63
      69
      52
      53
      52
      55
      56
      54
      67
      54
      55
      38
      53
      56
      56
      70
      70
      68
      69
      52
      60
      58
      67
      57
      67
      69
      65
      48
      58
      58
      58
      51
      61
      47
      49
      57
      51
      53
      56
      47
      53
      49
      56
      64
      59
      46
      46
      67
      48
      41
      55
      51
      49
      51
      54
      49
      52
      50
      45
      53
      42
      54
      45
      60
      57
      44
      45
      36
      47
      59
      34
      43
      47
      52
      49
      45
      51
      41
      54
      49
      46
      44
      54
      33
      49
      43
      55
      49
      42
      42
      35
      36
      38
      38
      44
      43
      52
      39
      54
      47
      51
      47
      43
      46
      42
      46
      46
      55
      53
      40
      60
      51
      47
      50
      33
      42
      47
      51
      45
      26
      42
      42
      48
      49
      42
      50
      47
      48
      45
      39
      47
      42
      47
      61
      56
      38
      36
      43
      38
      60
      29
      46
      45
      53
      37
      41
      31
      35
      36
      34
      43
      34
      34
      40
      36
      48
      33
      47
      42
      36
      41
      43
      38
      28
      38
      46
      45
      42
      41
      46
      39
      31
      41
      47
      32
      39
      35
      38
      37
      29
      37
      39
      48
      43
      21
      36
      42
      36
      35
      41
      41
      24
      40
      34
      35
      36
      40
      28
      44
      29
      41
      23
      24
      35
      32
      37
      40
      34
      31
      41
      29
      35
      31
      37
      31
      28
      43
      35
      37
      37
      31
      43
      30
      36
      49
      27
      45
      29
      30
      36
      39
      38
      36
      32
      28
      27
      34
      44
      35
      31
      30
      20
      37
      42
      44
      18
      28
      24
      30
      33
      28
      30
      20
      21
      24
      32
      32
      38
      41
      35
      37
      34
      37
      27
      30
      27
      33
      28
      27
      32
      33
      34
      29
      23
      24
      28
      40
      31
      39
      23
      32
      33
      30
      20
      34
      37
      29
      32
      27
      30
      30
      26
      35
      39
      35
      30
      39
      35
      39
      30
      31
      27
      26
      25
      26
      30
      36
      31
      30
      22
      31
      33
      25
      26
      23
      34
      27
      30
      33
      23
      25
      32
      31
      26
      30
      40
      32
      32
      32
      30
      33
      29
      41
      39
      34
      47
      26
      46
      28
      33
      30
      32
      38
      37
      34
      40
      30
      30
      28
      21
      33
      24
      22
      27
      27
      26
      30
      27
      34
      23
      36
      31
      40
      22
      16
      21
      32
      20
      16
      19
      23
      20
      17
      20
      18
      22
      25
      18
      24
      30
      33
      26
      29
      25
      27
      25
      18
      24
      24
      24
      18
      16
      23
      21
      29
      20
      23
      21
      17
      16
      13
      18
      22
      18
      15
      22
      31
      17
      13
      28
      32
      32
      23
      18
      22
      18
      18
      22
      20
      26
      19
      26
      20
      22
      17
      16
      25
      22
      15
      19
      20
      17
      17
      23
      20
      21
      26
      13
      13
      21
      18
      30
      23
      22
      22
      22
      24
      26
      24
      26
      17
      17
      24
      21
      18
      19
      24
      20
      24
      21
      16
       7
      26
      20
      12
      21
      17
      20
      21
      31
      22
      25
      21
      24
      18
      23
      29
      20
      24
      16
       9
      27
      19
      22
      15
      21
      29
      20
      27
      19
      30
      14
      19
      12
      12
      21
      19
      27
      19
      13
      23
      18
      22
      13
      13
      14
      20
      14
      21
      18
      22
      17
      18
      25
      18
      13
      20
      17
      13
      14
      18
      22
      18
      17
      19
      17
      16
      17
      13
      24
      14
      16
      13
      14
      11
      16
      20
      27
      25
      26
      18
      23
      25
      20
      15
      22
      19
      17
      17
      23
      21
      18
      17
      17
      26
      23
      20
      21
      19
      19
      15
      19
      25
      22
      29
      17
      16
      22
      15
      27
      14
      16
      24
      17
      23
      16
      14
      12
      20
      12
      14
      13
      16
      13
      15
      16
      14
      20
      17
      27
      21
      17
      13
      18
      10
      13
      15
      17
      16
      16
      14
      15
       8
      10
       7
      16
      14
      14
      12
      12
      19
      13
      14
      14
      19
      13
      17
       5
      26
      14
      14
      14
      15
      11
      20
      14
      17
      16
      15
      18
      19
      13
      11
      18
      12
      15
      10
      13
      10
       7
      24
      18
      18
      11
      25
      12
      13
      23
      13
      22
      15
      10
      16
      14
      12
      16
      13
      11
      10
      14
      17
      13
      15
      21
      20
      13
      16
      13
      15
      11
      19
      10
      11
       7
      18
      17
      16
      12
      10
      14
      14
      13
      17
      13
      17
      18
      17
      11
      12
      12
      12
      14
      18
      19
      12
      19
      12
      12
      12
       9
      13
      17
      17
      15
      14
      12
      10
      10
      21
      14
      11
      10
      16
      13
      10
      14
      13
      10
      11
      15
      14
      10
      11
      15
      10
       8
      12
      15
      14
      12
      15
      21
      13
      12
       9
      13
      19
       8
      16
      13
      15
      14
      14
       9
      23
      17
      11
      12
      13
      16
      15
       9
      18
       9
      16
      13
      17
      13
      16
       8
      11
      12
      12
      15
      18
      10
      14
      20
      19
      13
      14
      16
      20
      11
      15
      21
      16
      16
      16
      16
      21
      23
      19
      29
      14
      19
      15
      20
      10
      18
      16
      22
      12
      19
      15
      15
      13
       8
      19
      12
      17
      13
      12
      15
      13
      12
      18
       8
      15
      11
      12
      11
       9
       7
      10
       7
       3
       6
       9
       9
      12
      10
       6
      14
       9
      10
      13
      15
      10
      10
      11
      12
      10
      13
      10
      10
       6
      10
       9
       8
       9
      12
      15
       8
      13
       8
       6
      18
      16
      10
       8
      12
       5
      14
      12
       8
      10
      12
       9
       9
       7
      11
      12
      11
      12
      10
       5
      15
      12
       7
      13
       5
      14
       9
      15
       5
       9
      11
       8
      12
       8
      14
       9
       9
       7
       7
       9
       9
      16
       9
      11
      11
      10
      10
      14
      13
       8
      10
      10
      10
       9
      18
      17
       7
      11
       7
      10
      12
      14
      12
       7
       6
       9
      16
      12
       8
      12
      11
       9
      17
       8
      12
       7
       9
       8
      13
      10
      11
      10
       7
       7
      12
       7
       3
      15
      15
       5
      11
      10
       9
      16
      11
      15
       9
       8
       6
       9
      11
      11
       7
      11
      15
      10
       6
      10
       8
       6
       9
       5
      11
       9
       8
       9
      11
      12
       7
       8
      14
       9
       7
      12
      13
       4
       9
      14
       7
      11
       4
      11
       4
      10
       8
      10
      13
       6
      10
       8
      15
       6
       4
       9
      16
       9
       7
      11
       9
       6
       3
       1
      10
       7
       5
      13
       9
       8
       9
       8
      11
       8
       7
      10
       6
       9
      12
      10
      12
       4
       7
      11
      13
       5
       5
       5
      13
       8
       9
       7
      10
       8
      13
      12
       9
       8
       6
       6
      11
       9
       9
       8
      12
      11
       7
      11
      12
       8
       9
       6
       7
       3
       8
       9
       6
      12
       8
      11
       6
       9
       8
      13
       7
       9
       7
       7
       9
      12
      11
       7
       4
       7
      12
      10
       5
      10
       9
      10
       6
       6
       8
       9
      11
       8
       8
       7
       7
      11
       6
       8
       8
       6
       7
      10
      14
       8
      10
       5
       5
       7
       9
       5
       6
       5
       9
      10
       9
       8
      10
       6
       8
       7
       7
       9
       5
      12
      12
      13
       9
       4
       4
       7
      12
       8
       8
       8
      13
       8
       9
      10
      10
       7
      12
       6
       8
       5
       5
      12
      13
      11
       8
       5
       8
       6
       5
       8
       8
       8
       8
       5
       9
       6
       4
       8
       3
      10
      13
       9
       6
       9
       6
       8
       3
      12
       7
       6
       8
       4
      10
       5
       5
      10
       5
      11
       3
       7
       9
       8
       9
      11
       8
       6
       7
       9
       9
      15
       6
       7
      11
       5
      10
       6
       4
      10
       6
       7
      12
       4
       8
       2
       6
      11
       6
       6
      10
       8
       3
       5
      10
       8
       9
       6
       7
       6
       7
       8
       5
       5
      10
       6
      11
       8
      11
       3
       8
      13
       9
       2
       8
      12
       2
       9
       7
      10
       4
       7
       5
       5
       5
       5
       5
       5
       9
       4
       2
       2
      10
       4
       9
       4
       2
       6
       7
       3
      10
       8
       8
       5
       5
       8
       9
       4
       3
       7
       5
       6
       5
       5
       5
       9
       7
       3
      14
       3
       6
       5
       9
      10
      14
       9
       8
       5
       5
       9
      14
       9
       5
      10
       3
       8
       5
       3
       5
       5
       8
       7
       5
      11
       5
       9
       8
       3
       7
       3
       5
       7
       6
       9
       5
      10
       7
       6
       3
       5
       3
       8
       9
       8
       6
       8
       3
       6
       6
       3
       7
       6
       4
       6
       6
       3
       4
       3
       7
       5
       8
       7
      10
      10
       4
       6
      10
       7
       4
       0
       2
       4
       8
       2
       5
      12
       9
       6
       5
       3
       4
       9
       6
       6
       6
       7
      10
       8
      10
       6
       4
       5
       5
       9
       2
      10
       7
      10
       8
       5
       5
       7
       6
       7
       2
       3
       3
       7
      11
       4
       5
       6
       4
      10
       4
      10
       5
       5
       9
       9
       6
      11
      10
       9
       7
       9
       6
      11
      11
      12
      17
       9
       5
       3
      11
      11
       9
       9
       8
       8
       4
       9
       4
       6
      11
       9
       7
       3
       7
       9
       5
       4
       7
       9
       6
       8
       6
       2
       3
       6
       5
       6
       7
       4
       3
       6
       6
       7
       5
       7
       8
       6
       5
       5
       9
      12
       3
      10
       7
       5
       9
       7
       2
       7
       5
       6
       3
      12
       8
      10
       3
      10
       5
       7
       5
       5
       7
       5
       6
       7
       7
       2
       5
      10
       8
       3
       4
       5
       5
       8
       6
      12
       5
       3
       6
       5
       6
      11
       4
       5
       6
       6
      10
       6
       3
       7
       8
       8
       4
       3
       4
       7
       3
       6
       5
       5
       4
       7
       6
       4
       4
       3
       6
       7
       4
       8
       3
       8
       4
      10
       7
       9
       6
       5
       7
       8
       7
       3
       6
       6
       9
       8
       6
       4
       2
      11
       2
       7
       9
       7
      11
       4
       7
       4
       9
       7
       8
       6
       7
       3
       5
       3
       3
       6
       4
       8
       5
       4
       7
       6
       5
      12
       8
       7
       5
       8
       2
       9
      11
       8
       5
       5
       6
       5
       3
       7
       8
       5
       6
       9
       5
       6
       4
       4
       2
       4
       7
       5
       5
       7
       8
       6
       2
       7
       7
       5
       3
       9
       6
       4
       6
       4
       4
      10
       4
       5
       3
       4
       6
       9
       2
       9
       5
       3
      10
       5
       4
       6
       9
       6
       9
       6
       6
       5
       8
       3
       3
       5
       6
      11
       0
       6
       3
       1
       3
      11
       0
       5
       8
      10
       9
       7
       5
       5
       8
       2
       7
       6
       6
       8
       4
       7
       9
       2
       6
       2
       8
       6
       7
       5
       9
       7
       8
       5
      13
       3
       6
       2
       5
       5
       8
       8
       6
       7
       7
      11
      13
       8
       4
       9
       8
      12
       5
      10
      10
      12
      10
      10
       6
       7
       9
       3
      11
       3
       3
       6
       8
       6
       5
       9
       9
       7
       9
       5
       4
       6
       4
       5
       5
       7
       4
       2
       2
       9
       6
       6
       3
       8
       7
       6
       6
       8
       8
       5
       6
       8
       5
       7
       3
       3
       6
       3
       6
       9
       6
       5
       5
       6
       4
       4
       4
       7
       6
       8
       6
       1
       4
       6
       2
       5
      10
       4
       6
       5
       3
       4
       4
       5
       8
       1
       5
       2
       4
       5
       4
       5
       6
       2
       9
       7
       7
       5
       4
       9
      15
      16
       3
      16
       9
       7
      10
      20
      12
      20
      13
       7
      10
      12
      12
       7
      15
      16
       6
       9
       7
      10
       9
      11
       9
       6
       9
       7
       6
      14
       8
       4
       9
       5
       8
       4
       4
       4
       6
       4
       6
      10
       9
       2
       7
       6
       7
       5
       5
       5
       6
       6
       6
       4
       5
       9
       7
       6
       4
       3
       6
       5
       3
       8
       5
       8
       6
       4
       1
       3
       6
       7
       4
       5
       0
       3
       4
       4
       7
       5
       5
       5
       5
       7
       6
       7
       7
       5
       1
       3
       3
       6
       4
       6
       7
       8
       7
       3
       4
       8
       4
       9
       5
       4
       7
       3
       6
       3
       5
       6
       7
       3
       4
       4
       3
       7
       3
       2
       2
       4
       6
       4
       2
       3
       4
       1
       5
       4
       4
       4
       3
       5
       4
       4
       3
       9
       0
       3
       3
       3
       3
       2
       9
       9
       4
       4
       2
       3
      12
       6
       6
       6
       5
       2
      10
       5
       7
       7
       5
       9
       5
       8
       6
       4
       2
       3
       3
       3
       6
       2
       6
       4
       4
       3
       3
       2
       3
       8
       7
       3
       2
       3
       4
       4
      10
       7
       4
       1
       5
       2
       7
       6
       6
       4
       2
       8
       1
       4
       4
       3
      10
       3
      10
       3
       8
       5
       4
       5
       6
       8
       6
       9
       9
      10
      13
      13
       7
       5
      10
       8
      14
      11
      12
       8
      11
       6
       8
      15
      10
       5
      13
       5
       8
       3
      12
       8
       4
       6
       2
       4
       3
       7
       4
       4
       5
       5
       3
       3
       6
       2
       4
       2
       4
       5
       1
       5
       2
       3
       8
       6
       2
       3
       5
       2
       4
       4
       4
       4
       6
       7
       7
       5
       7
       4
       3
       2
       8
       4
       5
       5
       6
       7
       7
       5
       2
       7
       3
       4
       6
       3
       4
       2
       6
       2
       4
       3
       8
       5
       2
       5
       5
       6
       6
       4
       5
       5
       3
       4
       5
       6
       5
       3
       2
       9
       5
       6
       6
       2
       3
       2
       4
       2
       3
       1
       3
       7
       3
       1
       2
       1
       2
       4
       8
       4
       4
       3
       6
       7
       5
       3
       5
       9
       7
       2
       5
       4
       6
       2
       0
       4
       7
       5
       3
       3
       3
       4
       2
       8
       2
       2
       6
       4
       4
       6
       2
       4
       3
       3
       2
       3
      10
       3
       8
       6
       6
       7
       4
       1
       6
       4
       6
       1
       7
       5
       8
       5
       2
       3
       7
       1
       5
       2
       3
       2
       4
       2
       6
       0
       4
       3
       5
       4
       7
       5
       3
       7
       4
       5
       4
       3
       8
       6
       4
       0
       5
       8
       7
       4
       9
       5
       1
       4
       4
       4
       6
       6
       5
       7
       2
       3
       4
       3
       6
       2
       6
       3
       3
       5
       3
       3
       5
       2
       5
       2
       3
       7
       4
       7
       4
       2
       5
       6
       0
       6
       7
       2
       5
       5
       5
       5
       5
       3
       5
       5
       2
       3
       6
       6
       1
       2
       6
       6
       5
       5
       1
       5
       6
       5
       4
       5
       4
       3
       1
       1
       7
       2
       3
       3
       5
       7
       7
       8
       6
       2
       6
       5
       3
       1
       7
       4
       3
       5
       5
       4
       2
       3
       5
       3
       2
       3
       3
       1
       1
       6
       3
       4
       6
       3
       6
       3
       5
       2
       3
       3
       6
       6
       5
       3
       5
       3
       2
       2
       9
       5
       3
       4
       4
       3
       6
       4
       2
       4
       3
       7
       4
       3
       2
       3
       5
       6
       2
       3
       2
       5
       4
       4
       5
       5
       5
       4
       4
       2
       4
       7
       2
       3
       6
       9
       5
       2
       6
       5
       3
       4
       4
       5
       8
       7
       5
       5
       4
       4
       3
       3
       8
       7
       5
       1
       3
       3
       3
       4
       4
      11
       3
       5
       5
       2
       2
       6
       7
       2
       3
       5
       8
       1
       3
       3
       8
       1
       1
       5
       3
       2
       2
       2
       6
       3
       3
       6
       6
       5
       3
       3
       4
       4
       7
       3
       7
       8
       2
       5
       3
       5
      10
       4
       5
       5
       3
       5
       3
       4
       7
       5
      10
       8
       4
       5
       4
       5
       1
       2
       4
       3
       2
       3
       5
       6
       1
       2
       6
       7
       6
       3
       3
       7
       4
       4
       5
       5
       4
       0
       7
       4
       5
       3
       6
       3
       3
       2
       8
       5
       7
       4
       6
       4
       6
       2
       3
       0
       4
       5
       5
       1
       4
       3
       4
       5
       7
       2
       5
       3
       7
       5
       5
       2
       5
       5
       6
       3
       1
       4
       4
       4
       2
       3
       6
       3
       3
       2
       3
       6
       1
       4
       2
       2
       5
       5
       3
       4
       5
       6
       7
       3
       2
       5
       5
       3
       5
       4
       2
       2
       6
       3
       4
       7
       4
       4
       6
       6
       6
       3
       6
       2
       2
       2
       6
       2
       6
       5
       1
       2
       0
       0
       3
       6
       5
       5
       5
       4
       5
       2
       1
       6
       5
       2
       5
       5
       7
       3
       3
       6
       5
       9
       1
       4
       4
       3
       7
       5
       2
       3
      12
       2
       4
       6
       6
       4
       4
       7
       2
       3
       7
       8
       7
       3
       6
       2
       4
       6
       5
       5
       6
       3
       6
       4
       7
       5
       5
       3
       3
       3
       6
       2
       2
       9
       4
       3
       3
       4
       4
       6
       6
       5
       3
       3
       6
       4
       5
       5
       6
       3
       3
       2
       9
       3
       5
       7
       5
       5
       5
       4
       3
       5
       2
       4
       1
       5
       5
       6
       8
       4
       2
       5
       4
       4
       3
       1
       4
       2
       5
       3
       2
       4
       3
       5
       5
       6
       3
       1
       5
       9
       4
       7
       5
       6
       4
       5
       3
       6
       5
       5
       1
       4
       3
       6
       4
       7
       4
       4
       5
       2
       3
       5
       3
       2
       5
       4
       2
       2
       6
       1
       6
       4
       3
       2
       6
       6
       5
       5
       4
       6
       4
       4
       7
       3
       5
       5
       2
       6
       2
       1
      10
       4
       7
       1
       3
       8
       3
       4
       6
       4
       4
       1
       6
       5
       7
       5
       6
       7
       2
       3
       5
       9
       2
       6
       4
       2
       0
       4
       5
       5
       1
       3
       5
       1
       4
       4
       4
       3
       5
       0
       5
       1
       3
       4
       4
       5
       4
       3
       5
       2
       6
       3
       3
       6
       1
       1
       6
       5
       3
       6
       4
       6
       2
       5
       3
       6
       5
       5
       4
       5
       0
       6
       5
       4
       3
       4
       5
       2
       3
       2
       5
       4
       4
       2
       1
       6
       7
       6
       4
       8
       5
       2
       2
       5
       4
       7
       5
       5
       5
       2
       5
       4
       4
       6
       5
       3
       4
       2
       4
       6
       1
       1
       2
       2
       1
       4
       3
       7
       2
       0
       7
       2
       3
       1
      10
       6
       5
       2
       1
       6
       4
       3
       5
       5
       2
       4
       4
       2
       1
       4
       5
       5
       5
       2
       1
       3
       4
       1
       2
       6
       7
       3
       6
       2
       6
       5
       4
       4
       9
       3
       6
       3
       5
       3
       2
       4
       2
       2
       5
       6
       5
       3
       3
       5
       3
       1
       6
       7
       5
       5
       2
       3
       3
       8
       9
       5
       4
       6
       5
       6
       3
       2
       4
       6
       5
       6
       2
       5
       1
       6
       7
       3
       2
       9
       2
       2
       4
       8
       2
       2
       9
       7
       7
       3
       8
       2
       5
       3
       6
       6
       6
       5
       2
       5
       8
       2
       2
       5
       6
       6
       2
       8
       4
       4
       8
       7
       7
       6
       2
       6
      10
       7
       3
       5
       6
       3
       6
       5
       4
       8
       9
       4
      11
       8
       8
       4
       9
       7
       7
       5
       9
       9
       6
       6
      10
       7
       6
       6
       6
       5
      12
       6
       8
       1
      11
       8
       8
       8
       8
       7
      10
       9
       5
       2
       7
       3
       4
       1
       4
       6
       4
       5
       5
       3
       5
       9
       8
       5
       6
       5
       4
       6
       6
       6
       6
       2
       3
       8
       6
       4
       5
       8
      10
      11
       4
       4
       5
       2
       4
      10
       4
       2
       5
       4
       7
       6
       7
       5
       2
       5
       5
       8
       9
       5
       3
       3
       2
       3
       2
       1
       3
       4
       6
       8
       3
       2
       7
       3
       3
       3
       5
       7
       6
       3
       3
       2
       8
       4
       5
       1
       5
       5
       5
       4
       6
       7
       7
       6
       2
       4
       5
       4
       5
       7
       5
       9
       4
       6
       5
       3
       2
       1
       4
       4
       5
       7
       8
       6
       7
       2
       3
       6
       5
       6
       6
       7
       5
       4
       3
       9
       7
       6
       5
       5
       5
       3
       3
       4
       5
       3
       4
       3
       4
       9
       7
       8
       4
       5
       3
       2
       7
       8
       4
       3
       4
       3
       6
       8
       2
       4
       4
       5
       2
       6
       2
       2
       8
      11
       6
       4
       5
       5
       5
       3
       7
       6
       4
       4
       5
       8
       3
       3
       7
       6
       5
       2
       4
       3
       2
       9
       4
       0
       7
       3
       4
       6
       4
       6
       7
       5
       2
       8
       9
       5
       2
       4
       5
       5
       5
       7
       7
       8
       9
       7
       9
       4
       7
       3
       8
       7
       9
       3
       7
      10
       8
       4
       5
       9
       7
       4
      10
       2
       3
       8
       5
      11
       7
       6
       2
       5
       3
       4
       4
       3
       3
       6
       1
       4
       1
       3
       8
       8
       3
       6
       3
       3
       7
       5
       4
       3
       6
       6
       1
       4
       0
       4
       1
       7
       3
       3
       1
       2
       2
       5
       1
       1
       3
       3
       4
       4
       4
       2
       5
       3
       3
       4
       4
       5
       1
       4
       2
       4
       5
       5
       3
       6
       4
       1
       5
       2
       3
       2
       1
       8
       2
       1
       6
       3
       1
       2
       8
       3
       5
       3
       2
       4
       3
       6
       3
       4
       1
       6
       6
       1
       3
       8
       5
       3
       2
       5
       1
       3
       5
       3
       2
       5
       6
       6
       5
       3
       5
       5
       4
       6
       9
       6
       5
       5
       5
       1
       3
       6
       3
       6
       3
       3
       4
       1
       7
       2
       4
       4
       6
       1
       4
       5
       6
       4
       3
       6
       5
       2
       3
       1
       6
       4
       2
       5
       1
       3
       1
       6
       3
       7
       4
       2
       6
       8
       6
       7
       2
       4
       4
       3
       3
       2
       3
       5
       5
       4
       8
       2
       1
       3
       1
       4
       2
       3
       3
       2
       3
       3
       0
       2
       2
       1
       3
       5
       4
       6
       4
       5
       1
       6
       1
       4
       2
       3
       4
       3
       4
       2
       3
       3
       3
       4
       1
       3
       3
       4
       4
       8
       7
       1
       5
       7
       5
       0
       6
       0
       5
       2
       2
       0
       3
       5
       2
       5
       3
       3
       3
       2
       3
       0
       3
       5
       3
       3
       3
       5
       5
       5
       3
       3
       4
       1
       2
       6
       0
       1
       5
       1
       2
       3
       3
       3
       5
       4
       6
       2
       0
       4
       3
       1
       2
       3
       5
       7
       1
       4
       4
       2
       8
       4
       2
       4
       4
       4
       2
       6
       1
       5
       0
       3
       3
       3
       4
       4
       2
       7
       2
       0
       2
       4
       4
       3
       4
       4
       4
       4
       5
       3
       1
       6
       6
       4
       6
       4
       4
       2
       6
       4
       3
       0
       3
       5
       3
       4
       4
       4
       5
       2
       5
       3
       1
       4
       4
       1
       1
       3
       4
       5
       2
       7
       3
       4
       2
       4
       5
       2
       2
       2
       3
       4
       5
       4
       3
       4
       6
       3
       6
       2
       2
       2
       3
      10
       3
       2
       0
      12
       3
       4
       2
       6
       4
       2
       4
       2
       4
       1
       3
       0
       6
       4
       1
       5
       2
       0
       2
       2
       1
       2
       2
       1
       2
       2
       3
       5
       6
       4
       1
       2
       2
       4
       4
       6
       4
       4
       1
       3
       3
       1
       5
       3
       5
       4
       1
       7
       5
       2
       4
       3
       3
       1
       3
       2
       3
       5
       4
       4
       3
       1
       4
       6
       1
       4
       5
       6
       3
       2
       4
       3
       7
       4
       2
       5
       4
       3
       5
       2
       3
       2
       5
       4
       3
       1
       3
       6
       2
       4
       1
       5
       3
       1
       6
       6
       3
       3
       0
       3
       7
       0
       5
       5
       2
       1
       3
       3
       1
       3
       3
       4
       6
       4
       0
       1
       3
       1
       7
       1
       3
       2
       3
       2
       4
       1
       6
       3
       3
       2
       6
       5
       1
       5
       1
       5
       3
       4
       3
       3
       5
       7
       4
       1
       3
       0
       2
       4
       3
       2
       6
       5
       2
       3
       4
       2
       6
       9
       8
       4
       5
       1
       3
       5
       9
       1
       5
       5
       2
       5
       1
       7
       2
       2
       3
       2
       2
       5
       3
       4
       6
       4
       2
       6
       3
       3
       4
       4
       3
      11
       3
       1
       4
       2
       5
       5
       5
       3
       5
       2
       8
       3
       0
       4
       2
       1
       1
       3
       0
       4
       4
       5
       2
       2
       4
       0
       3
       3
       6
       6
       4
       5
       3
       6
       5
       8
       9
       2
       6
       6
       5
       5
       1
       8
       3
       2
       3
       4
       3
       5
       4
       4
       4
       6
       3
       7
       6
       2
       5
       5
       1
       6
       2
       1
       3
       0
       3
       7
       1
       3
       4
       1
       3
       5
       4
       4
       4
       2
       6
       2
       3
       1
       2
       3
       4
       1
       0
       4
       5
       4
       2
       4
       3
       2
       5
       4
       2
       5
       6
       3
       2
       2
       3
       1
       1
       3
       5
       3
       4
       5
       5
       2
       1
       2
       1
       5
       4
       0
       2
       1
       4
       2
       3
       1
       1
       0
       3
       4
       0
       2
       2
       3
       2
       2
       4
       5
       1
       3
       2
       2
       2
       3
       1
       4
       3
       0
       1
       2
       7
       3
       1
       3
       5
       6
       4
       3
       2
       2
       3
       1
       1
       3
       4
       4
       3
       3
       3
       2
       3
       1
       5
       2
       3
       3
       3
       1
       1
       2
       1
       3
       3
       3
       2
       3
       3
       0
       3
       0
       3
       3
       5
       4
       2
       2
       1
       2
       2
       3
       3
       1
       3
       3
       1
       0
       2
       4
       5
       4
       3
       3
       4
       2
       4
       5
       2
       3
       5
       7
      12
       5
       8
       4
       7
       9
       9
      10
      20
      18
      13
      18
      16
      12
      14
      25
      19
      25
      30
      29
      33
      29
      30
      37
      34
      34
      39
      27
      32
      31
      26
      26
      32
      28
      26
      21
      18
      21
      11
      16
      12
      13
       6
      11
       3
       6
       8
       9
      12
       2
       4
       6
       2
       6
       3
       2
       3
       3
       2
       2
       1
       5
       2
       5
       1
       2
       2
       6
       2
       2
       2
       2
       1
       2
       2
       0
       3
       0
       3
       1
       3
       5
       3
       3
       3
       2
       2
       3
       5
       3
       6
       0
       0
       0
       1
       3
       1
       4
       2
       0
       4
       4
       3
       2
       4
       2
       3
       5
       3
       4
       4
       4
       3
       3
       2
       5
       2
       2
       4
       1
       1
       3
       6
       3
       9
       3
       4
       3
       1
       3
       1
       3
       1
       2
       1
       3
       0
       2
       1
       1
       2
       1
       1
       3
       3
       1
       7
       1
       1
       2
       3
       2
       3
       2
       4
       3
       3
       3
       2
       3
       2
       4
       2
       1
       2
       1
       3
       3
       3
       1
       2
       0
       0
       2
       0
       2
       2
       3
       3
       2
       6
       4
       6
       2
       3
       3
       2
       2
       1
       3
       1
       4
       3
       3
       4
       0
       0
       1
       1
       0
       0
       2
       3
       1
       2
       1
       1
       2
       2
       0
       2
       1
       2
       2
       1
       2
       0
       2
       5
       3
       2
       1
       3
       0
       5
       3
       8
       1
       2
       4
       5
       3
       1
       0
       3
       2
       1
       2
       0
       0
       3
       2
       1
       4
       3
       2
       2
       2
       4
       3
       2
       2
       7
       1
       3
       1
       2
       0
       2
       1
       4
       1
       1
       1
       1
       3
       3
       1
       4
       3
       3
       3
       7
       1
       2
       1
       3
       1
       2
       5
       4
       4
       4
       1
       2
       2
       5
       4
       6
       2
       2
       0
       3
       2
       4
       2
       1
       4
       2
       1
       1
       1
       5
       0
       1
       4
       1
       3
       1
       1
       2
       0
       2
       3
       3
       1
       2
       2
       4
       0
       2
       1
       2
       2
       0
       3
       4
       0
       2
       2
       0
       2
       3
       2
       1
       0
       0
       1
       1
       1
       3
       1
       1
       0
       0
       3
       2
       3
       2
       1
       3
       2
       0
       2
       1
       1
       2
       2
       1
       3
       2
       0
       1
       1
       3
       3
       2
       2
       1
       1
       1
       3
       1
       2
       1
       1
       2
       1
       2
       3
       1
       2
       1
       1
       1
       2
       2
       3
       3
       0
       0
       4
       3
       0
       1
       0
       1
       1
       0
       1
       0
       3
       1
       1
       2
       0
       2
       3
       1
       2
       0
       0
       1
       4
       2
       0
       3
       3
       5
       0
       3
       2
       0
       2
       2
       0
       1
       0
       1
       1
       1
       2
       0
       1
       1
       2
       4
       1
       0
       2
       1
       2
       6
       4
       4
       5
       2
       0
       3
       1
       1
       2
       2
       3
       2
       1
       1
       1
       2
       2
       0
       1
       0
       0
       1
       0
       1
       0
       1
       2
       1
       1
       1
       2
       2
       2
       1
       1
       1
       1
       0
       3
       3
       0
       1
       0
       3
       1
       0
       1
       1
       1
       1
       2
       0
       2
       1
       1
       1
       1
       0
       4
       2
       2
       3
       2
       3
       1
       0
       1
       0
       3
       3
       2
       0
       0
       1
       0
       0
       1
       0
       2
       0
       0
       1
       2
       2
       1
       0
       1
       2
       0
       1
       3
       2
       1
       0
       0
       1
       0
       2
       0
       1
       1
       0
       0
       0
       1
       0
       1
       0
       0
       0
       1
       0
       1
       3
       1
       1
       1
       0
       2
       0
       1
       0
       0
       3
       1
       1
       2
       2
       2
       2
       1
       2
       1
       0
       0
       0
       1
       0
       0
       0
       2
       2
       1
       1
       2
       2
       0
       0
       1
       1
       1
       1
       4
       2
       3
       2
       1
       1
       0
       3
       2
       1
       0
       1
       2
       2
       1
       1
       3
       1
       1
       1
       1
       1
       2
       1
       5
       2
       4
       2
       8
       2
       3
       7
       9
       3
       7
       6
       9
       9
      12
      17
      11
      15
      12
      22
      21
      16
      25
      22
      19
      22
      25
      30
      24
      27
      29
      31
      26
      30
      28
      21
      19
      14
      19
      12
      18
      25
      14
       3
      11
       6
      12
       7
       8
       5
       7
       6
       5
       3
       0
       1
       3
       3
       2
       1
       0
       0
       1
       0
       1
       3
       2
       0
       1
       1
       1
       0
       1
       1
       0
       1
       0
       1
       0
       0
       1
       0
       0
       2
       1
       0
       1
       1
       2
       2
       2
       0
       0
       0
       1
       0
       0
       0
       0
       1
       1
       0
       0
       0
       2
       1
       1
       0
       0
       0
       0
       0
       1
       1
       3
       1
       0
       1
       0
       0
       0
       0
       1
       4
       0
       0
       0
       0
       1
       1
       0
       0
       1
       1
       0
       0
       0
       1
       0
       0
       0
       2
       0
       0
       1
       1
       1
       3
       0
       1
       1
       0
       1
       1
       1
       1
       0
       0
       1
       0
       1
       1
       1
       1
       0
       0
       0
       2
       1
       2
       1
       0
       1
       0
       1
       0
       1
       1
       1
       0
       0
       2
       0
       1
       0
       0
       1
       0
       1
       1
       0
       0
       0
       1
       0
       1
       1
       1
       0
       2
       1
       0
       0
       0
       0
       2
       3
       0
       1
       1
       2
       2
       0
       2
       2
       0
       2
       0
       1
       3
       0
       0
       1
       0
       2
       0
       0
       2
       2
       1
       0
       1
       2
       0
       0
       1
       1
       0
       0
       1
       0
       2
       2
       0
       0
       0
       0
       0
       0
       1
       0
       1
       1
       0
       1
       0
       0
       0
       1
       0
       1
       0
       0
       0
       0
       0
       2
       0
       4
       0
       0
       1
       0
       1
       1
       0
       1
       0
       0
       0
       0
       1
       0
       1
       2
       2
       0
       2
       1
       0
       0
       1
       1
       1
       0
       1
       0
       3
       1
       0
       1
       0
       0
       0
       2
       0
       1
       1
       4
       1
       2
       1
       0
       0
       1
       1
       2
       1
       1
       1
       1
       1
       0
       0
       0
       1
       1
       0
       1
       1
       0
       0
       2
       1
       2
       0
       0
       0
       0
       0
       2
       0
       0
       1
       1
       2
       0
       1
       0
       0
       0
       0
       1
       1
       0
       0
       2
       1
       0
       0
       3
       2
       4
       1
       0
       0
       1
       2
       3
       0
       0
       1
       0
       0
       1
       0
       0
       1
       1
       3
       0
       1
       0
       3
       1
       0
       1
       0
       0
       0
       1
       0
       0
       0
       3
       0
       0
       0
       1
       1
       0
       0
       1
       0
       0
       0
       1
       0
       0
       0
       0
       0
       0
       0
       0
       1
       1
       0
       0
       1
       0
       0
       0
       0
       1
       2
       0
       1
       1
       0
       1
       0
       0
       2
       1
       0
       1
       3
       0
       0
       1
       0
       0
       3
       1
       0
       1
       2
       0
       0
       0
       0
       0
       1
       2
       0
       0
       0
       2
       0
       1
       1
       1
       1
       0
       1
       1
       0
       0
       1
       1
       1
       1
       1
       0
       0
       0
       0
       0
       0
       0
       0
       0
       0
       2
       0
       0
       0
       0
       1
       0
       1
       1
       0
       3
       0
       0
       1
       1
       2
       2
       3
       3
       2
       1
       0
       0
       3
       1
       3
       4
       3
       1
       9
       4
       6
       7
       7
       8
      11
      11
      18
      20
      13
      14
      13
      11
      24
      22
      20
      18
      28
      16
      17
      16
      24
      24
      16
      16
      19
      17
       9
       9
      14
      11
       7
       8
       5
       7
       6
       6
       5
       0
       3
       3
       0
       1
       4
       0
       1
       2
       1
       1
       2
       0
       0
       2
       1
       1
       1
       1
       0
       0
       1
       1
       0
       0
       0
       0
       0
       1
       0
       2
       0
       0
       0
       2
       0
       0
       0
       0
       0
       0
       1
       0
       0
       0
       0
       0
       0
       0
       0
       0
       0
       0
       0
       2
       0
       0
       1
       0
       0
       0
       0
       0
       0
       1
       0
       1
       0
       1
       0
       0
       0
       0
       0
       0
       0
       2
       0
       1
       0
       0
       1
       1
       0
       0
       1
       0
       0
       1
       1
       0
       1
       1
       1
       1
       1
       1
       0
       0
       1
       0
       0
       0
       0
       0
       1
       0
       0
       0
       0
       0
       0
       0
       0
       0
       0
       0
       1
       1
       0
       1
       1
       1
       0
       1
       0
       1
       0
       1
       2
       0
       0
       0
       1
       0
       0
       0
       0
       1
       1
       2
       0
       0
       0
       1
       0
       0
       0
       0
       2
       0
       0
       1
       0
       1
       0
       0
       1
       1
       1
       0
       1
       2
       1
       0
       0
       0
       0
       0
       0
       2
       0
       0
       1
       0
       1
       0
       1
       1
       2
       0
       0
       0
       0
       0
       0
       0
       0
       0
       2
       1
       0
       0
       1
       0
       1
       0
       0
       1
       1
       2
       1
       0
       0
       0
       1
       0
       0
       0
       1
       1
       1
       0
       0
       0
       0
       0
       0
       1
       0
       0
       0
       2
       0
       1
       0
       0
       0
       1
       0
       0
       0
       1
       1
       0
       1
       2
       0
       0
       1
       0
       0
       1
       3
       0
       0
       1
       0
       0
       0
       0
       0
       0
       0
       0
       0
       0
       0
       0
       0
       1
       0
       1
       2
       1
       1
       0
       0
       0
       0
       0
       0
       0
       0
       0
       0
       0
       0
       0
       0
       0
       3
       2
       0
       1
       0
       0
       0
       0
       0
       0
       3
       1
       2
       0
       0
       0
       0
       0
       0
       0
       1
       0
       4
       0
       1
       1
       0
       0
       0
       0
       0
       0
       0
       0
       0
       0
       0
       0
       1
       0
       0
       0
       0
       1
       0
       0
       0
       1
       1
       0
       0
       0
       0
       0
       1
       0
       0
       0
       0
       2
       0
       1
       2
       0
       0
       0
       0
       0
       0
       3
       0
       2
       1
       2
       1
       0
       0
       1
       0
       0
       0
       0
       0
       0
       1
       1
       0
       1
       0
       0
       1
       0
       1
       0
       0
       0
       0
       0
       1
       1
       0
       0
       0
       0
       0
       1
       1
       1
       1
       0
       0
       0
       0
       0
       1
       0
       0
       0
       0
       1
       0
       0
       0
       1
       0
       0
       0
       0
       1
       0
       0
       0
       0
       0
       0
       0
       1
       0
       0
       0
       1
       0
       0
       0
       0
       1
       0
       0
       2
       0
       0
       0
       1
       0
       0
       0
       1
       0
       1
       0
       0
       0
       0
       0
       0
       0
       0
       1
       1
       0
       0
       1
       0
       2
       0
       0
       1
       0
       1
       3
       2
       0
       0
       1
       1
       0
       1
       1
       1
       0
       0
       0
       0
       2
       0
       0
       0
       0
       0
       0
       1
       0
       2
       1
       1
       1
       2
       0
       0
       1
       1
       0
       0
       0
       0
       0
       0
       0
       2
       2
       1
       0
       0
       0
       1
       0
       1
       1
       0
       1
       0
       0
       0
       1
       0
       1
       0
       0
       0
       1
       0
       0
       1
       0
       0
       0
       0
       0
       1
       0
       0
       0
       0
       1
       0
       0
       0
       0
       0
       2
       0
       0
       0
       0
       0
       0
       0
       0
       0
       1
       0
       0
       0
       1
       0
       0
       1
       0
       1
       1
       0
       1
       1
       0
       0
       1
       2
       0
       1
       0
       0
       0
       0
       0
       0
       0
       1
       0
       0
       1
       1
       1
       0
       1
       0
       0
       0
       0
       1
       0
       0
       2
       2
       0
       1
       1
       0
       0
       0
       1
       1
       0
       1
       1
       0
       0
       0
       0
       1
       0
       0
       2
       2
       0
       0
       0
       0
       0
       0
       0
       0
       1
       0
       0
       0
       0
       0
       0
       0
       0
       0
       1
       1
       0
       0
       0
       0
       0
       0
       0
       0
       1
       2
       1
       0
       1
       0
       0
       2
       1
       0
       0
       1
       0
       1
       2
       0
       0
       0
       0
       0
       2
       0
       0
       2
       0
       0
       0
       0
       0
       1
       0
       1
       0
       0
       0
       1
       0
       0
       0
       1
       0
       0
       0
       0
       0
       1
       0
       0
       1
       0
       0
       0
       0
       0
       0
       1
       0
       0
       0
       0
       0
       0
       2
       0
       0
       0
       1
       0
       0
       0
       0
       0
       0
       1
       0
       0
       0
       0
       0
       0
       0
       0
       0
       1
       1
       0
       0
       0
       0
       0
       0
       0
       0
       0
       0
       0
       0
       0
       0
       0
       0
       1
       0
       0
       0
       0
       0
       1
       1
       1
       0
       0
       0
       0
       0
       0
       0
       0
       0
       0
       1
       0
       0
       1
       0
       1
       0
       0
       0
       1
       0
       0
       1
       3
       0
       2
       0
       0
       1
       0
       0
       1
       0
       1
       1
       1
       0
       0
       1
       0
       0
       1
       2
       0
       1
       0
       0
       0
       0
       0
       0
       0
       0
       0
       2
       0
       0
       0
       0
       0
       0
       0
       1
       0
       0
       0
       0
       1
       0
       0
       1
       0
       0
       0
       0
       1
       0
       0
       0
       0
       0
       0
       0
       0
       0
       0
       0
       1
       0
       0
       0
       0
       0
       0
       0
       1
       0
       0
       0
       0
       0
       0
       0
       0
       0
       0
       0
       0
       0
       0
       0
       0
       0
       1
       1
       0
       1
       2
       0
       0
       1
       0
       0
       0
       0
       0
       0
       0
       0
       0
       0
       2
       1
       1
       0
       0
       0
       0
       1
       0
       0
       0
       3
       1
       0
       0
       0
       1
       1
       1
       0
       1
       0
       0
       0
       0
       0
       1
       0
       0
       0
       0
       0
       0
       0
       0
       0
       0
       0
       1
       1
       0
       0
       0
       0
       0
       0
       0
       0
       0
       0
       1
       0
       0
       0
       2
       0
       0
       0
       0
       0
       0
       0
       0
       0
       1
       0
       0
       1
       0
       0
       0
       1
       0
       0
       0
       0
       1
       0
       0
       1
       0
       0
       0
       0
       0
       0
       0
       0
       1
       0
       0
       0
       2
       0
       0
       1
       0
       0
       0
       0
       0
       1
       1
       1
       0
       0
       0
       0
       0
       0
       0
       0
       0
       1
       0
       0
       1
       0
       1
       0
       0
       0
       0
       0
       0
       0
       0
       1
       0
       0
       0
       0
       1
       0
       1
       0
       0
       0
       0
       0
       0
       0
       0
       0
       0
       0
       1
       1
       1
       1
       1
       0
       0
       0
       0
       1
       0
       0
       0
       2
       0
       0
       0
       0
       0
       0
       1
       1
       0
       0
       1
       0
       0
       0
       0
       0
       0
       0
       0
       0
       0
       0
       0
       0
       0
       0
       0
       0
       0
       1
       1
       0
       0
       0
       0
       0
       0
       0
       0
       0
       0
       0
       0
       0
       0
       0
       0
       0
       0
       0
       0
       0
       0
       0
       0
       2
       0
       0
       0
       1
       0
       0
       0
       0
       0
       0
       0
       0
       0
       0
       1
       0
       0
       0
       0
       0
       0
       1
       0
       0
       1
       0
       0
       0
       0
       0
       0
       0
       0
       0
       0
       1
       0
       0
       0
       0
       0
       0
       1
       0
       0
       0
       0
       0
       2
       0
       0
       1
       0
       0
       2
       1
       0
       1
       1
       2
       4
       2
       2
       2
       1
       0
       2
       2
       2
       3
       2
       5
       1
       0
       4
       0
       4
       1
       4
       1
       3
       1
       1
       2
       0
       1
       3
       0
       1
       4
       1
       2
       2
       2
       0
       0
       1
       0
       0
       1
       1
       0
       1
       1
       1
       0
       1
       0
       0
       0
       0
       0
       0
       0
       1
       0
       0
       0
       0
       0
       1
       0
       0
       0
       1
       0
       0
       1
       2
       1
       0
       0
       0
       0
       0
       0
       0
       1
       0
       0
       0
       0
       0
       0
       0
       0
       2
       0
       1
       0
       0
       0
       1
       1
       0
       0
       0
       0
       0
       0
       0
       0
       0
       1
       2
       0
       0
       0
       0
       0
       0
       0
       1
       0
       0
       0
       0
       0
       0
       2
       0
       0
       0
       0
       0
       0
       0
       0
       0
       0
       0
       1
       0
       0
       0
       0
       0
       0
       0
       0
       0
       0
       1
       0
       1
       0
       0
       0
       0
       0
       0
       1
       0
       1
       0
       1
       0
       0
       1
       0
       0
       1
       1
       0
       0
       0
       0
       0
       0
       0
       0
       0
       1
       0
       0
       0
       0
       0
       0
       0
       0
       0
       0
       0
       1
       0
       0
       0
       0
       0
       0
       0
       1
       0
       0
       1
       0
       0
       0
       0
       0
       0
       0
       0
       0
       0
       1
       0
       0
       0
       1
       0
       0
       0
       0
       0
       0
       0
       0
       0
       0
       0
       1
       0
       0
       0
       1
       1
       0
       1
       0
       1
       0
       0
       0
       0
       1
       0
       0
       0
       0
       0
       0
       0
       0
       0
       0
       0
       0
       0
       0
       0
       0
       0
       0
       1
       0
       3
       0
       0
       0
       0
       1
       0
       0
       1
       0
       0
       0
       0
       0
       0
       0
       0
       0
       0
       0
       0
       0
       0
       0
       0
       0
       1
       0
       0
       1
       0
       0
       0
       0
       0
       0
       0
       1
       1
       0
       0
       0
       2
       0
       0
       0
       0
       0
       1
       0
       0
       0
       0
       0
       0
       0
       0
       1
       0
       0
       0
       0
       1
       1
       1
       0
       0
       0
       1
       0
       0
       0
       0
       0
       0
       1
       0
       1
       1
       0
       0
       1
       1
       0
       0
       0
       1
       0
       0
       0
       0
       1
       0
       0
       0
       0
       0
       0
       0
       2
       0
       0
       2
       0
       0
       0
       0
       0
       0
       0
       0
       0
       0
       0
       0
       0
       0
       0
       0
       2
       0
       1
       0
       1
       1
       0
       0
       0
       0
       0
       0
       0
       0
       0
       0
       0
       1
       1
       0
       1
       0
       0
       0
       1
       1
       0
       0
       0
       0
       0
       0
       0
       1
       1
       0
       0
       0
       0
       0
       0
       0
       0
       0
       1
       0
       0
       0
       0
       0
       0
       1
       0
       0
       1
       0
       0
       0
       0
       0
       0
       1
       0
       0
       0
       0
       0
       0
       0
       0
       1
       0
       0
       0
       0
       0
       1
       0
       0
       0
       0
       0
       0
       0
       0
       0
       0
       0
       0
       0
       0
       0
       1
       0
       1
       0
       0
       0
       1
       0
       0
       0
       0
       0
       0
       0
       0
       0
       0
       0
       1
       0
       0
       0
       0
       0
       0
       1
       0
       0
       0
       0
       0
       0
       0
       0
       0
       1
       0
       0
       0
       0
       0
       0
       0
       0
       0
       0
       1
       0
       0
       0
       1
       0
       2
       0
       0
       0
       0
       0
       0
       1
       0
       0
       0
       1
       0
       0
       0
       0
       1
       1
       0
       0
       1
       1
       0
       0
       0
       0
       0
       0
       0
       0
       0
       0
       0
       0
       0
       0
       0
       0
       1
       0
       0
       2
       1
       0
       0
       0
       1
       0
       0
       0
       0
       0
       0
       1
       0
       0
       0
       0
       0
       0
       0
       0
       0
       0
       0
       0
       1
       0
       1
       0
       0
       0
       0
       0
       0
       1
       0
       1
       0
       0
       0
       1
       0
       0
       0
       0
       0
       0
       2
       0
       0
       0
       0
       0
       0
       0
       0
       0
       0
       0
       1
       0
       0
       0
       0
       0
       0
       0
       0
       0
       0
       0
       0
       1
       0
       1
       0
       0
       0
       0
       0
       1
       0
       0
       0
       0
       1
       0
       0
       0
       0
       0
       0
       1
       0
       0
       0
       0
       0
       0
       0
       0
       0
       0
       1
       0
       0
       0
       0
       0
       1
       0
       0
       0
       0
       0
       0
       0
       1
       0
       1
       0
       0
       0
       0
       0
       0
       0
       0
       1
       0
       0
       1
       0
       0
       0
       0
       0
       0
       1
       0
       0
       0
       0
       0
       0
       0
       0
       0
       0
       1
       0
       0
       1
       0
       0
       0
       0
       0
       0
       0
       0
       1
       0
       0
       0
       0
       0
       0
       0
       0
       0
       0
       0
       0
       0
       0
       0
       1
       0
       0
       0
       1
       1
       0
       0
       0
       1
       0
       0
       0
       0
       0
       0
       0
       0
       0
       0
       0
       0
       0
       0
       0
       0
       0
       0
       0
       1
       0
       0
       0
       0
       1
       1
       0
       0
       0
       0
       0
       0
       0
       0
       0
       0
       0
       0
       0
       0
       0
       0
       0
       0
       0
       0
       0
       0
       0
       0
       0
       0
       0
       0
       1
       0
       0
       0
       0
       0
       0
       0
       0
       0
       0
       0
       0
       0
       1
       0
       1
       0
       0
       0
       0
       0
       0
       0
       0
       2
       0
       0
       0
       0
       2
       0
       0
       0
       0
       0
       0
       0
       0
       0
       0
       0
       0
       0
       0
       0
       1
       0
       0
       0
       0
       0
       0
       0
       0
       0
       0
       0
       0
       0
       1
       0
       0
       0
       0
       0
       0
       0
       0
       0
       0
       1
       0
       0
       0
       0
       0
       0
       0
       0
       0
       0
       0
       1
       0
       0
       0
       0
       0
       0
       1
       0
       0
       0
       0
       0
       1
       0
       0
       0
       0
       0
       1
       0
       0
       0
       0
       0
       0
       1
       0
       1
       1
       0
       0
       0
       0
       0
       1
       2
       0
       0
       0
       0
       2
       0
       1
       0
       0
       1
       0
       0
       0
       0
       0
       0
       0
       0
       1
       0
       0
       0
       0
       0
       0
       0
       1
       0
       0
       0
       0
       0
       0
       0
       0
       0
       0
       0
       0
       1
       1
       0
       0
       0
       0
       0
       0
       0
       0
       0
       0
       0
       0
       0
       0
       0
       0
       0
       0
       0
       0
       0
       0
       0
       0
       0
       0
       0
       0
       0
       0
       1
       0
       0
       0
       0
       0
       0
       0
       1
       0
       1
       0
       0
       0
       0
       0
       0
       0
       0
       0
       1
       0
       0
       1
       0
       0
       0
       0
       0
       0
       0
       0
       0
       0
       0
       0
       0
       0
       0
       0
       0
       0
       0
       0
       0
       0
       0
       0
       0
       0
       1
       0
       0
       1
       0
       0
       0
       0
       1
       1
       0
       0
       0
       0
       2
       0
       0
       0
       0
       0
       0
       0
       0
       0
       0
       0
       0
       0
       0
       0
       0
       0
       0
       1
       0
       0
       0
       0
       0
       0
       0
       0
       0
       0
       0
       0
       1
       0
       0
       0
       0
       0
       0
       0
       1
       0
       0
       0
       0
       0
       0
       0
       0
       0
       0
       0
       0
       0
       0
       0
       1
       0
       0
       0
       1
       0
       1
       0
       0
       0
       0
       1
       0
       0
       1
       0
       0
       1
       1
       0
       0
       1
       1
       0
       0
       0
       0
       0
       0
       0
       0
       0
       0
       0
       0
       1
       0
       1
       0
       1
       0
       0
       0
       0
       0
       1
       0
       0
       0
       0
       0
       0
       0
       0
       0
       0
       0
       0
       0
       0
       0
       1
       0
       0
       1
       1
       0
       0
       0
       0
       0
       0
       0
       0
       0
       0
       0
       0
       0
       0
       0
       0
       0
       0
       0
       0
       0
       0
       0
       0
       0
       0
       0
       0
       1
       0
       0
       0
       0
       0
       0
       0
       1
       0
       0
       1
       1
       0
       0
       0
       1
       0
       0
       0
       0
       0
       0
       1
       0
       0
       0
       0
       1
       0
       0
       0
       0
       0
       0
       0
       0
       0
       0
       0
       0
       0
       0
       0
       0
       0
       0
       0
       0
       0
       0
       0
       0
       0
       0
       0
       0
       0
       0
       0
       0
       0
       2
       0
       0
       0
       0
       0
       0
       1
       0
       0
       0
       0
       0
       0
       1
       0
       0
       0
       1
$ROI:
4
1381 1409
2534 2628
4582 4620
5183 5264
$PRESETS:
Live Time
600
0
$ENER_FIT:
0.053689 0.255148
$MCA_CAL:
3
5.368913E-002 2.551478E-001 -1.853380E-009 keV
$SHAPE_CAL:
3
6.992400E+000 7.812671E-004 -3.508660E-008
