$SPEC_ID:
No sample description was entered.
$SPEC_REM:
DET# 1
DETDESC# GMX20P4 HPGe
AP# Maestro Version 7.01
$DATE_MEA:
11/28/2018 10:30:24
$MEAS_TIM:
800 801
$DATA:
0 8191
       0
       0
       0
       0
       0
       0
       0
       0
       0
       0
       0
       0
       0
       0
       0
       0
       0
       0
       0
       0
       0
       0
       0
       0
       0
       0
       0
       0
       0
       0
       0
       0
       0
       0
       0
       0
       0
       0
       0
       0
       0
       0
       0
       0
       0
       0
       0
       0
       1
      10
      39
      50
      61
      64
      51
      53
      66
      45
      44
      55
      55
      54
      48
      45
      47
      53
      46
      48
      54
      52
      65
      54
      50
      55
      39
      45
      50
      43
      49
      61
      45
      47
      58
      55
      53
      41
      50
      56
      55
      52
      64
      63
      69
      77
      64
      64
      59
      77
      57
      53
      55
      64
      57
      51
      51
      64
      58
      66
      52
      66
      49
      59
      51
      53
      51
      51
      54
      47
      61
      52
      45
      49
      55
      68
      44
      63
      54
      63
      47
      57
      51
      53
      45
      52
      52
      59
      57
      52
      45
      50
      69
      45
      64
      46
      57
      49
      52
      56
      58
      48
      58
      53
      52
      65
      53
      62
      71
      59
      56
      57
      65
      54
      62
      72
      48
      63
      68
      69
      78
      54
      54
      62
      80
      54
      67
      64
      68
      57
      84
      83
      73
      82
      65
      89
      72
      77
      83
      68
      66
      75
      83
     100
      97
      84
      92
      75
      80
     107
      81
      74
      98
      85
      82
      78
      83
      95
      96
      78
     111
      91
      91
      82
     100
     103
      86
     115
      94
     101
      83
     109
      84
      90
      80
      95
      92
     103
      98
      96
     100
     105
     103
     101
     107
     109
      96
      83
     102
     105
     114
      91
      99
     114
     106
     109
     113
      87
     126
      98
     119
      95
     120
     106
     113
     129
     110
     117
     106
     114
     120
     131
     109
     128
     124
     121
     106
     125
     118
     121
     123
     109
     139
     133
     116
     108
     127
     135
     122
     126
     140
     119
     120
     111
     119
     115
     131
     148
     142
     146
     137
     130
     150
     126
     144
     142
     148
     151
     131
     154
     158
     139
     129
     153
     142
     141
     148
     141
     129
     138
     121
     146
     125
     126
     121
     160
     144
     127
     125
     131
     111
     114
     130
     125
     141
     132
     138
     136
     144
     138
     133
     122
     131
     135
     128
     141
     128
     119
     133
     137
     138
     154
     135
     139
     138
     139
     135
     140
     132
     131
     119
     158
     143
     151
     124
     153
     140
     113
     131
     116
     142
     138
     138
     136
     136
     129
     132
     138
     144
     125
     147
     127
     133
     150
     133
     113
     142
     118
     113
     110
     118
     118
     154
     154
     118
     125
     122
     129
     130
     102
     131
     131
     135
     128
     124
     132
     124
     123
     129
     109
     141
     114
     117
     133
     132
     130
     123
     107
     120
     110
     125
     137
     141
     135
     108
     122
     131
     131
     119
     114
     122
     109
     116
      95
     139
     129
     113
     118
     119
     117
     118
     121
      98
     120
     116
     106
     114
     107
     111
     101
     118
     120
     101
     102
     119
     114
     112
      96
     112
     103
     109
     116
     122
      93
     118
     121
     126
     123
     110
      98
     117
     105
     117
      96
     122
     109
     102
      99
     108
     112
     120
     120
     116
     109
     105
     110
      95
     109
     111
      97
     111
     106
     133
     107
     127
     109
     107
     114
     103
     113
     100
     102
     105
     103
     110
      86
      96
     110
     103
     102
      98
     110
      93
     109
      88
      97
     108
      96
     104
     112
     102
      86
     113
      94
      88
      92
     100
      91
      97
      98
     106
      90
      98
      96
      99
      95
      85
      82
      90
     109
      84
     100
      88
      93
      99
     101
      92
     103
      91
      91
     105
      96
      85
      83
      84
      89
      99
      96
      84
      90
      80
     101
     109
      83
      74
      85
      90
     111
      93
      79
     107
      75
     101
      99
      84
     100
     102
      88
      92
      75
      89
      86
      75
     108
      88
      83
      79
      71
      81
      73
      73
      83
      74
      75
      71
      74
      76
      87
      69
      83
      83
      68
      72
      98
      72
      70
      76
      70
      81
      68
      80
      80
      80
      65
      96
      80
      88
      83
      80
      81
      72
      74
      75
      78
      73
      82
      69
      82
      73
      87
      68
      72
      66
      71
      70
      73
      62
      76
      71
      73
      69
      70
      80
      91
      67
      54
      78
      77
      72
      73
      62
      80
      57
      66
      62
      58
      84
      64
      67
      71
      71
      52
      66
      78
      61
      55
      68
      52
      66
      61
      58
      71
      77
      59
      72
      62
      63
      64
      62
      66
      60
      72
      60
      70
      58
      81
      61
      63
      58
      80
      68
      54
      62
      64
      59
      66
      67
      59
      63
      82
      57
      49
      65
      53
      58
      51
      66
      55
      58
      59
      63
      56
      58
      60
      50
      59
      54
      69
      57
      49
      74
      54
      68
      55
      44
      67
      62
      81
      52
      61
      55
      64
      56
      51
      54
      70
      60
      56
      72
      71
      59
      68
      75
      67
      58
      80
      49
      76
      53
      60
      55
      71
      64
      57
      56
      74
      41
      60
      56
      50
      54
      62
      54
      60
      62
      49
      56
      43
      60
      53
      61
      53
      48
      56
      52
      39
      39
      42
      57
      60
      56
      44
      45
      59
      54
      50
      57
      52
      52
      53
      57
      38
      52
      46
      36
      37
      48
      43
      48
      48
      49
      52
      38
      55
      53
      55
      51
      49
      42
      42
      49
      44
      50
      41
      48
      46
      51
      44
      34
      55
      51
      49
      48
      42
      54
      63
      53
      43
      55
      47
      48
      40
      39
      48
      43
      58
      48
      43
      40
      50
      41
      35
      51
      45
      51
      55
      49
      32
      37
      51
      45
      45
      47
      38
      31
      32
      37
      46
      57
      42
      44
      53
      55
      39
      35
      34
      50
      47
      43
      47
      35
      23
      61
      40
      33
      38
      43
      48
      48
      53
      40
      43
      45
      38
      29
      38
      45
      46
      26
      46
      27
      40
      40
      39
      38
      42
      53
      29
      38
      44
      43
      34
      34
      42
      28
      50
      46
      36
      35
      45
      29
      40
      31
      37
      32
      43
      29
      37
      33
      47
      30
      36
      47
      36
      31
      47
      44
      49
      33
      39
      35
      46
      40
      36
      35
      31
      41
      39
      29
      44
      43
      37
      29
      44
      55
      45
      61
      63
      64
      57
      60
      50
      54
      42
      47
      36
      46
      33
      39
      40
      36
      48
      54
      33
      39
      46
      23
      34
      49
      38
      29
      38
      36
      31
      41
      28
      32
      37
      28
      28
      36
      23
      31
      25
      27
      23
      38
      37
      34
      37
      33
      33
      37
      37
      43
      35
      40
      32
      26
      37
      30
      24
      23
      28
      34
      31
      27
      35
      31
      33
      28
      36
      32
      26
      26
      35
      25
      32
      23
      31
      32
      30
      26
      32
      23
      31
      24
      22
      27
      32
      32
      24
      26
      24
      17
      30
      32
      19
      30
      28
      26
      28
      22
      20
      29
      20
      37
      28
      29
      27
      29
      22
      30
      34
      30
      30
      24
      33
      19
      31
      33
      24
      24
      32
      20
      29
      33
      21
      27
      26
      35
      32
      26
      29
      30
      25
      27
      33
      30
      29
      24
      16
      25
      21
      29
      32
      28
      27
      30
      28
      26
      27
      26
      36
      24
      22
      22
      27
      23
      28
      16
      19
      17
      37
      27
      25
      24
      26
      11
      21
      23
      29
      32
      26
      23
      35
      25
      29
      21
      17
      25
      32
      22
      28
      17
      19
      23
      21
      17
      23
      28
      25
      25
      18
      25
      24
      18
      16
      22
      22
      24
      23
      37
      25
      27
      23
      35
      29
      24
      22
      23
      16
      27
      29
      24
      27
      25
      25
      28
      18
      24
      22
      18
      22
      25
      24
      40
      37
      30
      35
      43
      45
      51
      28
      24
      28
      17
      17
      25
      16
      27
      21
      25
      10
      23
      13
      29
      24
      21
      19
      18
      27
      35
      18
      22
      27
      16
      19
      21
      17
      22
      23
      15
      21
      20
      18
      23
      24
      25
      26
      20
      13
      22
      10
      15
      23
      16
      19
      25
      20
      21
      19
      24
      16
      28
      17
      26
      21
      22
      18
      32
      25
      20
      20
      21
      17
      16
      13
      21
      18
      25
      22
      17
      24
      23
      17
      19
      23
      16
      18
      25
      24
      14
      25
      21
      25
      17
      19
      21
      15
      20
      21
      26
      21
      20
      20
      24
      24
      24
      17
      20
      19
      22
      17
      24
      17
      25
      20
      22
      18
      28
      22
      23
      18
      14
      18
      24
      23
      18
      13
      26
      20
      15
      18
      21
      27
      20
      20
      23
      23
      17
      23
      16
      14
      21
      18
      20
      19
      29
      25
      20
      17
      17
      21
      17
      19
      19
      24
      10
      17
      11
      19
      23
      14
      21
      22
      15
      13
      18
      17
      24
      12
      22
      19
      12
      14
      23
      24
      27
      22
      17
      29
      17
      17
      19
      21
      18
      15
      21
      12
      23
      19
      17
      14
      29
      27
      17
      23
      15
      15
      15
      18
      20
      22
      21
      20
      17
      11
      14
      21
      17
      22
      16
      13
      19
      17
      12
      13
      25
      12
      17
      12
      18
      16
      22
      30
      27
      34
      37
      42
      41
      43
      51
      50
      42
      35
      34
      24
      17
      19
      15
      15
      22
      16
      26
      18
      19
      18
      33
      21
      23
      21
      22
       8
      15
      21
      16
      18
      22
      17
      19
      13
      12
      22
      24
      14
      14
      16
      13
      17
      18
      14
      22
      17
      16
      20
      14
      12
      11
      15
       7
      24
      11
       9
      12
      16
      16
      11
      15
      12
       9
      11
      16
      22
      16
      11
      23
      14
      19
      13
      10
      19
       9
       9
      17
      15
      17
      23
      15
       9
      24
       9
      21
      14
      14
      12
      13
      11
       9
      15
      14
      15
      13
       8
       9
      12
      16
      16
      22
      11
      15
      17
      19
      20
      16
      14
      10
      15
      21
      12
      17
      11
      13
       8
      15
      14
      21
      11
      18
      25
      17
      19
      14
      18
      12
      21
      18
      16
      19
      14
      12
      13
      23
      14
      19
      14
      10
      18
      12
      14
      17
      15
      17
      13
      10
      11
      20
      14
      19
      13
      12
      14
      17
      11
      19
      14
      16
      12
       9
      11
      19
      12
      21
      12
      14
      15
      17
      18
      11
      12
      11
      15
      17
      11
       9
      12
       6
      13
      17
      14
      17
      19
      14
      11
      11
       8
      12
      11
      15
       5
      12
      17
      12
      14
       7
      22
      11
      12
      15
       8
      13
       8
      16
      17
      12
      11
      13
      18
      11
      14
      10
      14
       9
      16
      16
       8
      12
      14
      18
      15
      21
      11
      16
      12
      16
      15
      14
      11
      12
      12
      18
      18
      11
      13
      15
      13
       8
       9
      11
      11
      14
      14
      12
      11
       9
      12
      12
      14
      10
      13
       8
      11
      15
      10
      10
      13
       8
       9
       9
      11
      12
      17
       9
      12
      15
      11
      17
      10
       7
      10
      13
      12
      15
      11
       8
      10
      14
      15
      11
      12
      13
      15
       9
      17
       9
      27
      17
      19
      13
      14
      19
      19
      12
      13
      20
      15
      13
      14
       9
      10
       7
      14
      14
      16
      14
       9
      15
       9
      10
      14
      14
      23
       8
      11
      13
      13
      11
      13
      10
      15
      21
      14
       7
      14
      10
      11
      19
      10
      14
      14
      13
      14
      11
      16
      15
      18
      12
      10
      17
       7
      16
      10
      12
      15
      12
      11
      16
      15
       9
      12
       7
       5
      22
      12
       8
       7
      16
      14
       6
       5
      13
       8
      16
      11
      10
      14
       7
      15
      18
       9
      10
      13
      13
       8
      11
      15
       9
       9
      17
      13
      10
      17
       8
      11
      10
      14
      20
       8
       6
       8
      11
      13
       9
       8
      12
      12
      13
      11
      14
      12
      12
      17
       9
      11
      13
      10
      10
      13
       8
      12
       5
      12
       8
      14
       9
      11
      10
       7
      12
      16
       7
       9
       8
      11
      12
      13
      15
      10
      14
      12
      10
      13
      21
      20
      12
       7
      11
       7
      12
       8
      11
      13
      15
      13
      12
      10
       9
      14
      12
       7
      13
      17
      11
      13
      19
      14
      13
       5
      12
       7
       9
      12
      15
      10
      13
      17
      12
       7
      14
       9
      11
      15
       9
      12
      14
       7
      17
       9
       6
      12
      16
      12
       8
       8
      17
      14
       9
       4
      13
      10
       5
      13
      13
       8
      15
      10
      10
       9
      15
      11
       9
       8
       8
       5
      12
       6
       3
       3
       8
      14
       8
       7
       9
      10
       8
       6
       9
       9
      12
      11
      11
       5
       7
       7
       9
       9
       7
       9
      11
      13
      10
       7
       8
      11
       8
      10
       5
       5
      16
      15
       4
       9
      15
       8
       7
      13
      11
      12
      10
      13
      14
       8
       7
       7
       7
       9
      11
      16
      13
       9
       5
      13
      11
      15
      16
       5
       9
      13
       9
       7
       6
      10
       6
      11
      11
       8
       8
       7
      11
       7
       7
      12
      13
       9
       9
      15
       8
      11
       3
       9
      10
       8
       6
       8
       7
       6
      17
      10
       6
      12
       7
       7
       7
      11
      10
       7
       6
       5
      12
      10
       5
      12
       9
      14
      16
       8
       9
       8
      10
      16
       9
      14
      18
      17
      17
      19
      16
       9
      17
       9
       7
       9
      10
      13
      13
       8
      10
      13
       9
       8
       2
       8
       9
      14
      12
      14
      11
      13
       9
      10
       7
       8
       5
       8
      10
       4
      12
       5
       3
       4
      14
       7
      21
       6
       8
       7
       8
       8
       6
       8
      11
       6
      14
       8
       5
      13
      14
      10
       9
       8
      11
       9
      10
       5
       8
       9
       6
       6
       7
       6
       6
       4
      11
       7
       6
       9
      10
       9
       8
       5
      13
       8
       9
       3
       8
       7
       9
       9
       8
       5
      12
       7
      11
       7
       5
       9
      12
       8
      10
       8
       3
      10
       8
       7
       4
      10
       7
      11
       8
      12
       7
      10
      10
      12
       9
       9
       2
       7
       8
       9
       8
       3
       4
       9
       8
       9
       4
       7
       4
      11
      11
       7
      10
       9
       9
       6
       7
       9
       7
       8
      10
       6
       5
       9
       5
       4
       9
      12
       8
       9
       9
      10
      10
       8
       7
       6
      15
       9
       4
       3
       9
       5
       9
       7
      10
       7
       9
       6
       9
       5
       9
       9
       7
       6
      14
       2
       7
       4
       6
      10
       8
       6
       7
       6
       2
      10
       6
      10
       4
       8
       8
       2
       4
       9
       3
      10
      10
      10
      10
       9
       6
       8
       6
       8
       9
       6
       7
       9
       7
       8
       4
      16
      13
       4
       6
      11
       3
       6
       5
       2
      10
       6
       9
       5
       6
       9
       4
       9
      10
       8
       4
      10
      10
       6
       9
       8
       6
      10
       8
      11
      10
       4
       5
      11
       6
       9
       9
       6
      10
       9
       6
       7
       1
      11
       5
       7
       6
       2
       6
       5
       5
       2
      11
       4
       7
       8
      13
       4
       8
       8
       8
      12
       6
       9
       6
       6
       3
       3
       3
      13
       8
      12
      13
      11
      11
      16
      20
      18
      11
      19
      13
      13
      11
       9
      11
      15
       8
      10
       6
       8
       6
       7
       7
       5
       6
       7
       7
       6
       6
       6
      12
       8
       8
       5
       5
       6
       4
       5
       7
       6
       7
       9
       8
       4
       6
       8
       8
       7
       6
       6
       4
       6
       8
       9
      15
      10
       8
       5
       8
      10
       4
      10
       8
       7
      10
       6
       8
       6
       8
       7
      10
       9
       4
       3
       5
       5
       6
       7
       9
       8
       6
       9
       7
      11
       7
       6
       4
       6
      11
       8
       9
       8
       6
      10
       2
      10
       6
       6
       4
       4
       9
      11
      11
      16
      17
      25
      24
      32
      37
      33
      43
      37
      26
      23
      29
      18
      16
      11
      10
       6
       8
       3
       3
       6
       8
       3
       5
      10
       4
       6
       8
       8
       8
       6
       5
       3
       6
       8
       7
       5
       5
       5
       1
      11
       7
       8
       2
      15
       6
       8
       6
       5
       6
       5
       4
      10
       6
       8
       9
       7
       6
       8
       4
      10
       4
      11
       7
       7
       7
       4
       6
       6
       5
       7
       6
       6
       4
       7
       4
       9
      10
       7
       6
       7
       9
       5
      10
       3
       6
      13
       5
       4
       7
       3
       4
       9
       7
       6
       8
       7
      11
       5
      10
      11
       5
       5
       4
       8
       6
      10
       6
       9
       6
       9
       8
       5
       6
       7
       9
       6
       7
      10
       6
       5
       3
       8
       7
       5
       4
       3
       2
       4
       7
       1
       4
       5
       3
       4
      11
      12
       6
       6
       4
      10
       6
       7
       7
       6
       7
       7
      10
       3
      10
       5
       9
       4
       5
       6
       4
       3
       5
       8
       3
       5
       7
       6
       8
       8
      10
       5
       6
       7
       3
       7
       4
       8
       6
       9
       9
       4
      11
       8
       5
       9
       4
       7
      13
       2
       9
       6
       4
       5
       5
       9
       7
       4
       8
       2
       6
       3
       5
       6
       6
       9
       4
      12
      19
      21
      24
      33
      46
      71
      76
      93
      83
     116
      84
      95
      74
      55
      40
      27
      18
       7
       5
       3
      10
       3
       8
       4
       7
      12
       2
       3
       4
      10
       7
       4
       4
       4
       6
       4
       5
       1
       4
       8
       2
       4
       5
       6
       5
       8
       9
       8
       7
       7
       5
       5
       6
       2
       4
       4
       8
       8
       2
       7
       5
       5
       8
       3
       4
      10
       5
       1
       7
       7
       4
       3
       9
       2
       4
       3
       3
      12
       4
       5
       9
       8
       4
       5
      11
       4
       5
       6
       8
       8
       6
       6
       5
       9
       3
       3
       6
       8
      10
       6
       4
       6
       6
       3
       4
       4
       8
       5
       3
       6
       7
       5
       5
       3
       3
       5
       3
       2
       2
      10
       6
       3
       6
       7
       6
       6
       6
       4
       4
       4
       7
       9
       3
       6
       2
       8
       2
       1
       4
       2
       3
       5
       2
       6
       7
       5
       6
       4
       5
       3
       7
       4
       5
       5
       9
       5
       4
       8
       5
       5
       2
      12
       5
       9
       3
       4
       3
       2
       6
       3
       4
       8
       4
       8
       2
       6
       4
       5
       7
       3
       4
       4
       5
       4
       5
       2
       4
       1
       2
       8
       5
      14
       5
       6
       7
       4
       3
       7
       2
       2
       4
       5
      11
       8
       6
       7
      10
       4
       4
       4
       5
       4
       5
       3
       5
       2
       1
       6
       7
       3
       6
       9
       5
       5
       2
       3
       8
       9
       3
       4
       9
       3
       7
       7
       6
       5
       5
       5
       2
       3
       4
       4
       3
       7
       3
       3
       2
      10
       7
       7
       4
       2
       1
       7
       2
       4
       6
       4
       9
       6
       9
       6
       6
      10
       5
       5
       5
      10
       7
       7
       4
       4
       6
       3
       5
       4
       5
       3
       3
       4
       6
       8
       4
       6
       6
       5
       6
       6
       1
       4
       5
       4
       5
       6
       6
       8
       4
       5
       4
       7
       4
       4
       2
       2
       3
       3
       6
       2
       2
       7
       5
       1
       4
       3
       3
       4
       9
       3
       5
       2
       8
       6
       8
       4
       5
       5
       5
       6
       5
       6
       9
       9
       3
       2
       6
       5
       3
       3
       1
       8
       6
       4
       2
       5
       3
       5
       3
       6
       4
       4
       4
      10
       7
       3
       6
       6
       6
       7
       3
       4
       3
       2
       9
       2
       2
       8
       8
       4
       8
      10
       8
       6
       6
       2
       4
       5
       6
       7
       7
       2
       2
       7
       9
       7
       4
       4
       8
       4
       2
       4
       6
       3
       4
       5
       6
       4
       5
       5
       4
       5
       6
       7
       7
       6
       4
       4
       5
       6
       5
       6
       5
       4
       5
       6
       6
       6
       7
       4
       7
       6
       9
       6
       2
       5
       8
      10
       8
       8
       6
       8
       6
       8
       8
      13
       7
       5
       6
       4
       6
       5
       8
       3
       7
       5
       0
       4
       8
       9
       3
       2
       2
       4
       7
       4
       3
       5
       6
       4
       4
       4
       8
       1
       5
       4
       5
       6
       7
       3
       6
       2
       4
       7
       2
      10
       3
       5
       4
       2
       2
       3
       0
       8
       3
       4
       5
       3
       4
       4
       5
       5
       2
       4
       4
       4
       8
       3
       5
       4
       1
       4
       6
       7
       6
       3
       4
       6
       3
       5
       2
       3
       3
       2
       3
       4
       4
       6
       2
       1
       2
       5
       4
       5
      11
       2
       3
       9
       5
       5
       8
       4
       2
       6
       4
       3
       5
       9
       2
       9
       5
       3
       4
       6
       4
       4
       5
       7
       3
       4
       1
       4
       5
       4
       3
       3
       5
       3
       5
       0
       3
       3
       5
       7
       9
       3
       3
       6
       6
       4
       2
       5
       5
       4
       7
       0
       9
       4
       4
       4
       4
       3
       8
       7
       1
       4
       4
       8
       2
       3
       3
       6
       6
       7
       4
       5
       6
       7
       7
       4
       7
       4
       5
       4
       4
       7
       4
       5
       5
       7
       3
       9
       2
       4
       2
       2
       3
       4
       3
       6
       6
       5
       3
       1
       3
       4
       4
       6
       3
       3
       4
       9
       5
       7
       2
       8
       9
       4
       3
       3
       3
       4
       5
       1
       1
       5
       6
       2
       2
      12
       2
       6
       2
       4
       3
       7
       9
       6
       7
       0
       7
       3
       1
       5
       2
       2
       2
       9
       1
       3
       4
       6
      12
       1
       5
       3
       4
       6
       2
       3
       4
       6
       4
       8
       8
       0
       3
       4
       6
       4
       6
       4
       6
       3
       6
       3
       3
       2
       4
       6
       7
       6
       6
       7
       5
       4
       0
       5
       3
       6
       4
       6
       2
       5
       2
       5
       5
       8
       1
       8
       5
       4
       4
       3
       5
       1
       3
       6
       5
       5
       6
       3
       4
       4
       4
       3
       5
       2
       3
       8
       2
       2
       7
       8
       2
       1
       3
       7
       5
       3
       7
       1
       6
       4
       9
       6
       5
       5
       7
       6
       7
       3
       5
       1
       2
       4
       6
       8
       6
       6
       4
       9
       3
       2
       6
       3
       3
       3
       2
       3
       4
       5
       5
       8
       4
       7
       1
       3
       2
       5
       9
       2
       6
       4
       5
       8
       5
       6
       6
       7
       5
       6
       6
       4
       3
       6
       5
       6
       2
       2
      10
       3
       4
       4
       4
       5
       6
       7
       3
       5
       2
       6
       7
       6
       9
       7
       4
       2
       4
       7
       7
       2
       1
       6
       2
       4
       4
       4
       4
       3
       4
       7
       1
       9
       5
       7
       5
       9
       4
       5
       3
       2
       6
       8
       8
       6
       6
       4
       5
       6
       7
       3
       7
       5
       3
       4
      10
       2
       6
       6
       5
       3
       3
       5
       5
       2
       6
       5
       2
       2
       3
       2
       4
       2
       4
       8
       4
       4
       6
       1
       3
       7
       6
       5
       5
       3
       4
       0
       2
       3
       4
       3
       2
       8
       6
       6
       7
       6
       3
       8
       4
       8
       2
       4
       2
       2
       5
       4
       3
       2
       1
       4
       0
       1
       3
       5
       7
       8
       6
       3
      10
       5
       5
       2
       6
       4
       9
       3
       4
       2
       5
       5
       4
       3
       4
       9
       1
       6
       1
       9
       7
       5
       2
       9
       2
       7
       4
       8
       6
       7
       6
       2
       5
       5
      10
       6
       3
       1
       7
       3
       6
       5
       2
       3
       2
       5
       2
       3
       5
       4
       7
       6
       5
      10
       6
      10
       6
      14
      15
      14
      13
      13
       7
       6
      13
       5
       8
       4
       8
       4
       4
       5
       3
       6
       8
       3
       3
       8
       5
       3
       2
       3
       5
       3
       7
      10
       7
       7
       7
       7
       8
       3
       7
       5
       2
       6
       4
       3
       2
       6
       2
      11
       2
       7
       7
       8
       3
       4
       5
       5
       2
       6
       5
       4
       2
       5
       5
       2
       5
       7
       6
       8
       6
       4
       4
       2
       5
       4
       4
       5
       5
       6
       3
       8
       4
       6
       5
       7
       6
       5
       5
       6
       4
       4
       7
       4
       8
       7
       5
       6
       7
       4
       5
       8
       4
       4
       7
       6
       3
       9
       4
       4
       2
       6
       6
       8
       4
      10
       5
       9
       4
       8
       2
       5
       7
       3
       5
       6
       4
       7
       6
       9
       4
       5
       2
       3
       6
      11
       5
       8
       3
       5
       6
       4
       8
       8
       1
       4
       7
      13
       5
       7
       6
       7
       6
       7
       3
       4
       6
       6
      10
       4
       3
       9
       5
       5
       4
       3
       0
       8
       2
       2
       5
       9
       8
       4
       4
       2
       5
       2
       9
       5
       4
       4
       6
       8
       6
       6
       3
       5
       7
       6
       4
       4
       4
       4
       4
       7
       3
       6
       3
       2
       5
       5
       6
       6
       4
       8
       6
       3
       7
       5
       7
       5
       9
       8
      11
       9
       4
       6
       5
       5
       6
       4
      11
       6
       4
       5
       3
       7
       6
       9
       5
       4
      11
      12
      13
      14
       8
       7
       7
       1
       5
       2
       6
       5
       4
       3
       4
       3
       4
       8
       5
       3
       3
       4
       4
       1
       2
       4
       3
       3
       2
       5
       4
       5
       6
       7
       3
       4
       3
       1
       4
       4
       9
       6
       2
       7
       7
       5
       5
       5
       4
       2
       2
       6
       5
       4
       5
       5
       1
       4
       1
       4
       4
       3
       4
       5
       3
       3
       2
       6
       7
       6
       6
       3
       7
       3
       7
       3
       3
       6
       7
       5
       2
       6
       3
       5
       3
       2
       4
       2
       1
       3
       4
       5
       2
       2
       5
       6
       5
       7
       5
       3
       5
       4
       7
       3
       1
       5
       5
       2
       5
       4
       2
       2
       2
       4
       1
       4
       5
       3
       1
       4
       3
       6
       2
       7
       5
       6
       5
       4
       1
       2
       9
       1
       4
       3
       0
       3
       5
       3
       1
       1
       1
       6
       4
       4
       2
       0
       5
       6
       3
      10
       9
       3
       3
       1
      10
       6
       4
       7
       4
       3
       3
       7
       4
       1
       4
       1
       4
       4
       2
       2
       3
       4
       1
       8
       4
       0
       8
       2
       0
       3
       6
       2
       5
       8
       6
       8
       2
       4
       5
       2
       3
       4
       6
       3
       0
       4
       5
       1
       5
       2
       3
       2
       6
       3
       3
       1
       4
       4
       5
       5
       2
       6
       7
       3
       3
       3
       3
       4
       3
       2
       2
       4
       4
       4
       1
       5
       2
       5
       8
       3
       2
       5
       1
       4
       9
       1
       5
       4
       4
       4
       5
       4
       1
       5
       3
       5
       4
       3
       2
       2
       5
       2
       3
       5
       3
       4
       4
       6
       5
       1
       4
       6
       4
       3
       5
       7
       4
       5
       1
       7
       2
       2
       4
       8
       1
       4
       5
       5
       4
       3
       6
       1
       3
      10
       1
       8
       7
       3
       7
       2
       9
       8
       2
       1
       4
       4
       1
       5
       3
       3
       3
       2
       4
       3
       4
       0
       3
       9
       4
       6
       4
       7
       8
       5
       6
       6
       7
       4
       2
       5
       4
       4
       3
       3
       2
       3
       1
       7
       5
       3
       2
       3
       4
       5
       5
       4
       3
       1
       3
       5
       3
       1
       3
       3
       8
       5
       3
       0
       5
       3
       3
       6
       5
       4
       5
       5
       3
       4
       7
       1
       2
       4
       3
       4
       1
       6
       7
       3
       2
       2
       2
       4
       4
       5
       6
       5
       5
       4
       1
       6
       2
       5
       2
       5
       6
       1
       6
       9
       2
       3
       4
       3
       2
       2
       0
       7
       4
       8
      10
       4
       4
       3
       3
       3
       3
       4
       4
       6
       8
       3
       2
       8
       5
       2
       3
       3
       4
       3
       7
       4
       6
       3
       3
       3
       3
       2
       1
       5
       5
       3
       4
       1
       1
       3
       4
       4
       6
       1
       5
       1
       5
       3
       5
       3
       4
       3
       4
       4
       3
       4
       2
       1
       6
       1
       4
       8
       3
       5
       6
       1
       2
       3
       2
       8
       5
       5
       3
       3
       1
       3
       5
       6
       2
       6
       6
       4
       2
       5
       4
       2
       2
       3
       4
       7
       3
       1
       3
       2
       3
       5
       4
       8
       3
       2
       4
       6
       3
       1
       6
       6
       3
       3
       9
       5
       6
       3
       5
       4
       4
       1
       2
       5
       6
       5
       8
       5
       3
       3
       1
       2
       2
       4
       4
       3
       3
       1
       3
       0
       6
       3
       8
       3
       3
       3
       2
       3
       2
       8
       6
       3
       2
       3
       3
       6
       3
       4
       3
       6
       7
       5
       1
       1
       3
       0
       2
       6
       5
       2
       2
       2
       7
       6
       5
       4
       3
       6
       6
       2
       6
       2
       4
       3
       5
       4
       3
       3
       5
       3
       3
       2
       5
       2
       1
       2
       5
       5
       5
       6
       6
       1
       8
       8
      15
      12
       7
       9
      10
       8
       8
       7
       6
       8
       5
       5
       2
       5
       6
       1
       6
       4
       5
       4
       3
       3
       7
       3
       2
       4
       1
       4
       2
       1
       3
       3
       5
       5
       5
       8
       1
       3
       4
       3
       1
       3
       4
       3
       4
       3
       1
       3
       1
       4
       5
       6
       6
       4
       5
       1
       5
       3
       2
       4
       4
       6
       6
       3
       8
       7
       1
       4
       3
       1
       1
       1
       2
       4
       2
       5
       2
       1
       5
       4
       5
       4
       6
       5
       6
       3
       1
       2
       5
       0
       2
       9
       7
       1
       4
       4
       4
       3
       1
       1
       4
       0
       4
       4
       5
       3
       2
       1
       5
       1
       2
       4
       3
       6
       1
       4
       7
       3
       5
       4
       0
       4
       2
       5
       4
       1
       3
       5
       4
       1
       3
       3
       4
       2
       3
       4
       2
       4
       6
       6
       2
       4
       2
       5
       4
       1
       6
       1
       3
       3
       1
       2
       3
       1
       1
       2
       5
       3
       7
       6
       3
       0
       3
       3
       1
       5
       3
       2
       2
       3
       7
       1
       5
       5
       3
       1
       4
       4
       6
       2
       0
       1
       4
       0
       3
       6
       4
       5
       4
       1
       2
       0
       9
       2
       4
       5
       7
       4
       8
       9
       8
      13
      10
      27
      35
      35
      52
      55
      56
      64
      85
      88
      60
      60
      43
      46
      25
      18
      14
      12
       3
       4
       5
       2
       2
       7
       4
       3
       4
       3
       4
       5
       3
       3
       2
       4
       5
       2
       3
       4
       5
       3
       6
       5
       6
       2
       2
       5
       2
       3
       2
       2
       2
       1
       1
       3
       4
       1
       6
       4
       4
       8
       3
       3
       3
       6
       3
       3
       4
       5
       4
       2
       4
       3
       1
       1
       3
       2
       3
       1
       4
       1
       3
       5
       6
       0
       2
       1
       7
       2
       4
       5
       1
       0
       2
       1
       1
       4
       2
       4
       4
       1
       2
       1
       5
       2
       6
       2
       1
       3
       1
       4
       1
       4
       1
       1
       3
       0
       7
       5
       2
       1
       1
       1
       0
       3
       2
       8
       1
       2
       3
       2
       2
       2
       3
       2
       1
       2
       3
       4
       5
       3
       2
       2
       6
       1
       5
       0
       4
       3
       6
       3
       2
       1
       3
       3
       4
       7
       3
       0
       2
       4
       5
       3
       5
       0
       3
       3
       4
       4
       3
       2
       5
       1
       3
       4
       5
       4
       2
       2
       1
       0
       2
       4
       3
       0
       3
       2
       3
       1
       2
       5
       0
       2
       1
       1
       1
       5
       0
       7
       4
       2
       4
       7
       8
       1
       3
       2
       3
       4
       1
       3
       5
       4
       1
       3
       3
       5
       1
       3
       1
       3
       4
       1
       3
       4
       2
       2
       3
       3
       5
       3
       5
       4
       5
       3
       2
       3
       1
       1
       5
       4
       8
       1
       3
       2
       3
       3
       3
       3
       1
       1
       2
       5
       2
       1
       1
       5
       1
       6
       3
       2
       2
       6
       9
       8
       5
       6
       5
       5
       5
       6
       0
       3
       4
       0
       3
       4
       1
       0
       1
       1
       2
       0
       3
       1
       2
       4
       1
       3
       1
       0
       3
       2
       3
       2
       1
       4
       4
       3
       2
       2
       0
       1
       2
       2
       1
       4
       2
       0
       2
       2
       1
       3
       3
       3
       2
       1
       1
       2
       2
       1
       3
       0
       3
       4
       4
       2
       2
       1
       1
       3
       1
       2
       1
       4
       3
       3
       2
       3
       0
       3
       2
       3
       1
       2
       2
       1
       1
       0
       1
       1
       2
       1
       2
       3
       4
       0
       3
       1
       1
       2
       0
       0
       1
       2
       3
       0
       0
       4
       3
       0
       1
       3
       1
       2
       1
       2
       1
       2
       3
       2
       1
       2
       4
       2
       2
       2
       2
       0
       4
       3
       2
       1
       2
       2
       1
       1
       3
       4
       1
       2
       0
       1
       2
       0
       2
       3
       1
       2
       1
       1
       1
       1
       2
       3
       2
       1
       1
       0
       3
       0
       1
       2
       3
       3
       3
       1
       1
       2
       3
       1
       3
       3
       2
       2
       2
       2
       1
       6
       1
       2
       1
       3
       2
       2
       2
       1
       3
       2
       1
       4
       1
       2
       1
       4
       2
       2
       3
       1
       7
       1
       1
       1
       0
       0
       1
       1
       3
       2
       0
       2
       2
       2
       0
       2
       0
       4
       2
       1
       4
       1
       1
       1
       1
       1
       1
       1
       2
       1
       2
       0
       1
       0
       1
       3
       0
       0
       1
       0
       3
       1
       2
       2
       3
       2
       2
       1
       3
       0
       2
       1
       0
       0
       1
       0
       1
       2
       0
       3
       3
       2
       2
       2
       4
       1
       1
       0
       0
       0
       2
       1
       1
       4
       0
       1
       1
       3
       3
       2
       1
       3
       1
       3
       4
       0
       5
       1
       3
       2
       3
       1
       3
       4
       0
       3
       2
       4
       1
       1
       3
       1
       6
       3
       2
       2
       3
       2
       1
       3
       1
       0
       1
       0
       0
       0
       0
       2
       1
       1
       0
       3
       1
       0
       2
       2
       2
       1
       0
       2
       3
       6
       3
       0
       1
       2
       1
       0
       2
       1
       2
       2
       0
       0
       1
       0
       1
       1
       1
       2
       0
       1
       0
       0
       1
       1
       2
       4
       1
       1
       3
       2
       3
       5
       4
      10
       7
      18
      31
      37
      33
      42
      57
      58
      61
      63
      48
      51
      31
      24
      26
      20
      11
       8
       3
       2
       1
       4
       2
       0
       0
       1
       0
       1
       0
       1
       2
       0
       1
       1
       0
       0
       0
       0
       0
       1
       1
       0
       1
       2
       2
       1
       3
       1
       0
       0
       0
       2
       0
       1
       1
       3
       2
       0
       1
       1
       1
       1
       1
       0
       3
       1
       1
       3
       1
       1
       1
       1
       0
       0
       0
       1
       1
       1
       0
       0
       0
       3
       2
       1
       1
       1
       0
       2
       1
       0
       0
       1
       2
       1
       2
       0
       2
       2
       2
       0
       0
       0
       0
       1
       0
       0
       1
       1
       2
       1
       2
       0
       1
       1
       0
       1
       2
       0
       2
       2
       1
       1
       0
       0
       1
       0
       2
       1
       0
       0
       1
       0
       0
       0
       1
       0
       0
       3
       1
       2
       1
       0
       0
       1
       3
       0
       2
       1
       0
       1
       0
       0
       0
       2
       0
       2
       1
       1
       1
       1
       0
       2
       0
       1
       2
       3
       0
       1
       0
       0
       0
       2
       1
       0
       0
       1
       1
       3
       0
       0
       2
       0
       1
       2
       2
       3
       3
       2
       2
       4
       1
       1
       0
       1
       2
       1
       1
       1
       2
       1
       1
       2
       0
       1
       0
       0
       0
       1
       1
       0
       1
       0
       1
       1
       2
       1
       3
       1
       1
       3
       3
       1
       0
       0
       0
       0
       1
       1
       1
       0
       1
       1
       1
       0
       0
       1
       0
       4
       0
       0
       0
       0
       1
       1
       0
       0
       1
       5
       1
       2
       3
       0
       1
       0
       1
       1
       0
       0
       0
       0
       0
       1
       2
       0
       0
       2
       2
       0
       1
       0
       1
       0
       0
       1
       0
       0
       1
       1
       1
       2
       2
       1
       0
       2
       1
       2
       1
       0
       3
       1
       0
       1
       1
       1
       0
       1
       2
       1
       2
       0
       0
       0
       2
       3
       3
       1
       0
       1
       0
       1
       0
       1
       2
       0
       3
       0
       0
       0
       1
       1
       1
       0
       0
       1
       0
       2
       0
       2
       1
       0
       0
       1
       1
       0
       0
       0
       2
       0
       1
       1
       0
       0
       1
       2
       0
       1
       2
       1
       0
       0
       4
       0
       1
       0
       0
       3
       1
       2
       2
       0
       1
       0
       1
       0
       0
       0
       3
       0
       0
       1
       0
       1
       2
       0
       0
       1
       1
       1
       1
       0
       0
       0
       2
       0
       2
       0
       0
       0
       1
       0
       0
       2
       2
       1
       0
       1
       3
       0
       1
       1
       3
       0
       1
       2
       0
       0
       0
       2
       1
       0
       1
       1
       0
       0
       1
       0
       0
       0
       0
       0
       0
       2
       0
       0
       1
       1
       1
       4
       1
       1
       0
       0
       0
       1
       0
       0
       1
       1
       0
       1
       0
       1
       1
       1
       2
       1
       2
       0
       0
       1
       1
       3
       1
       0
       0
       1
       0
       0
       2
       0
       0
       0
       2
       1
       0
       1
       2
       0
       1
       0
       1
       0
       1
       2
       0
       0
       0
       0
       0
       1
       1
       0
       0
       0
       0
       1
       0
       0
       1
       2
       0
       3
       1
       2
       0
       1
       1
       2
       2
       1
       7
       7
      14
      14
      21
      22
      39
      37
      49
      48
      84
      64
      48
      69
      48
      57
      37
      35
      20
      16
      11
       4
       4
       3
       3
       0
       0
       2
       0
       0
       1
       0
       1
       2
       1
       1
       1
       0
       0
       1
       1
       1
       1
       0
       1
       0
       2
       1
       3
       0
       2
       0
       0
       0
       1
       0
       0
       0
       1
       0
       0
       0
       1
       1
       0
       2
       0
       2
       0
       0
       0
       1
       0
       1
       1
       1
       0
       0
       0
       1
       1
       2
       1
       1
       0
       0
       2
       1
       0
       1
       0
       0
       1
       1
       0
       0
       0
       0
       0
       0
       0
       0
       0
       0
       1
       0
       1
       0
       1
       0
       0
       0
       0
       0
       1
       2
       0
       0
       0
       1
       0
       0
       0
       0
       1
       0
       0
       0
       0
       0
       0
       0
       0
       0
       0
       0
       5
       0
       0
       0
       1
       1
       0
       2
       0
       2
       0
       0
       1
       1
       0
       1
       0
       0
       1
       0
       1
       1
       2
       0
       1
       1
       0
       1
       0
       1
       1
       3
       0
       1
       0
       0
       1
       1
       2
       1
       0
       2
       0
       0
       0
       0
       0
       0
       0
       0
       1
       0
       2
       0
       1
       0
       2
       0
       1
       0
       2
       0
       0
       1
       1
       1
       1
       1
       0
       2
       2
       0
       0
       1
       0
       0
       2
       0
       1
       0
       0
       2
       0
       1
       0
       0
       0
       0
       0
       1
       0
       1
       1
       1
       0
       0
       0
       2
       0
       0
       0
       1
       0
       0
       0
       2
       0
       0
       2
       0
       0
       1
       0
       0
       1
       1
       0
       0
       0
       1
       0
       0
       0
       0
       0
       1
       2
       0
       0
       0
       1
       1
       0
       1
       0
       1
       1
       2
       0
       1
       1
       0
       1
       2
       0
       1
       0
       0
       0
       0
       0
       1
       0
       1
       0
       1
       0
       0
       0
       0
       1
       1
       0
       0
       0
       1
       0
       0
       1
       0
       0
       1
       2
       1
       0
       3
       0
       0
       1
       0
       2
       0
       0
       2
       0
       2
       0
       0
       0
       0
       0
       0
       0
       1
       0
       0
       0
       0
       1
       0
       0
       1
       0
       1
       0
       4
       0
       0
       1
       0
       0
       0
       0
       0
       0
       0
       2
       1
       0
       0
       0
       0
       1
       0
       0
       0
       0
       1
       1
       0
       2
       1
       1
       0
       0
       0
       0
       0
       1
       0
       0
       0
       0
       1
       0
       0
       0
       0
       0
       0
       0
       1
       0
       0
       0
       1
       1
       0
       0
       0
       0
       0
       0
       0
       0
       0
       1
       0
       1
       0
       0
       0
       0
       0
       0
       0
       0
       0
       0
       1
       1
       0
       1
       0
       0
       0
       1
       1
       0
       0
       1
       0
       1
       1
       0
       0
       0
       0
       0
       2
       2
       0
       1
       0
       3
       0
       0
       1
       0
       1
       0
       0
       1
       1
       0
       0
       1
       0
       0
       0
       1
       0
       0
       1
       2
       1
       0
       0
       0
       1
       2
       0
       0
       2
       3
       0
       0
       0
       0
       0
       0
       0
       1
       1
       0
       0
       1
       1
       0
       1
       1
       2
       0
       0
       0
       1
       0
       0
       1
       0
       1
       1
       0
       2
       0
       0
       0
       2
       1
       1
       0
       1
       1
       0
       1
       0
       1
       2
       1
       1
       0
       0
       1
       4
       2
       1
       0
       1
       0
       1
       1
       1
       2
       2
       1
       0
       0
       0
       0
       1
       1
       3
       0
       1
       0
       1
       0
       0
       0
       3
       0
       0
       1
       0
       0
       0
       2
       0
       1
       1
       0
       0
       0
       0
       1
       0
       1
       1
       0
       1
       0
       0
       0
       0
       0
       2
       0
       1
       0
       0
       0
       0
       1
       0
       0
       0
       1
       2
       0
       0
       0
       1
       0
       0
       0
       0
       1
       0
       0
       0
       0
       0
       0
       1
       0
       0
       2
       0
       1
       0
       0
       1
       2
       1
       1
       0
       0
       0
       1
       0
       0
       2
       0
       0
       0
       0
       0
       0
       1
       0
       1
       1
       0
       0
       0
       0
       0
       0
       1
       0
       1
       1
       0
       0
       1
       0
       1
       0
       2
       1
       0
       0
       1
       2
       1
       0
       0
       0
       2
       0
       2
       0
       0
       1
       0
       0
       0
       0
       1
       0
       0
       1
       1
       0
       0
       1
       0
       0
       1
       1
       1
       1
       1
       1
       1
       0
       0
       0
       0
       1
       1
       0
       0
       0
       0
       0
       0
       1
       0
       0
       0
       0
       1
       1
       1
       1
       2
       0
       1
       0
       0
       0
       1
       0
       0
       0
       0
       0
       1
       2
       0
       0
       0
       0
       0
       0
       0
       0
       1
       1
       0
       0
       0
       0
       0
       0
       0
       0
       0
       0
       0
       0
       1
       0
       0
       0
       1
       0
       0
       0
       0
       0
       0
       0
       0
       0
       0
       0
       0
       1
       1
       0
       0
       0
       0
       0
       1
       0
       0
       0
       0
       0
       0
       0
       0
       0
       1
       0
       0
       0
       0
       0
       0
       1
       0
       0
       0
       0
       0
       0
       0
       1
       0
       0
       0
       0
       0
       1
       0
       0
       0
       0
       1
       2
       0
       0
       1
       0
       0
       0
       1
       0
       0
       1
       1
       1
       0
       0
       0
       0
       1
       1
       1
       0
       0
       0
       0
       0
       0
       0
       0
       0
       0
       0
       0
       0
       0
       0
       1
       1
       0
       0
       0
       0
       0
       0
       0
       0
       0
       0
       0
       0
       0
       0
       0
       0
       0
       0
       0
       0
       1
       0
       0
       0
       0
       0
       0
       0
       0
       0
       0
       0
       0
       1
       0
       0
       1
       0
       0
       0
       0
       0
       0
       0
       0
       0
       0
       0
       0
       0
       0
       1
       0
       0
       1
       0
       0
       0
       0
       0
       0
       0
       1
       0
       0
       0
       0
       0
       0
       3
       0
       0
       2
       0
       0
       1
       1
       0
       0
       0
       0
       1
       0
       0
       0
       1
       0
       1
       1
       1
       0
       1
       1
       0
       0
       1
       0
       1
       0
       0
       0
       0
       0
       0
       0
       0
       0
       1
       0
       0
       0
       1
       0
       0
       1
       1
       0
       0
       1
       0
       1
       0
       0
       0
       0
       0
       0
       0
       0
       0
       0
       0
       0
       0
       0
       0
       0
       0
       0
       1
       0
       0
       0
       0
       1
       0
       0
       0
       0
       0
       0
       0
       0
       0
       0
       1
       0
       0
       0
       0
       0
       0
       0
       1
       0
       0
       0
       0
       0
       1
       0
       1
       1
       0
       0
       0
       0
       1
       1
       0
       0
       1
       0
       0
       0
       0
       0
       0
       0
       0
       0
       0
       1
       0
       1
       0
       1
       0
       0
       0
       2
       0
       0
       1
       0
       0
       0
       0
       0
       0
       1
       0
       0
       0
       0
       0
       0
       0
       0
       0
       0
       0
       0
       1
       3
       0
       0
       1
       0
       0
       3
       0
       3
       0
       1
       0
       0
       1
       1
       0
       0
       0
       1
       0
       1
       0
       0
       0
       0
       0
       0
       0
       0
       0
       0
       0
       0
       0
       1
       0
       1
       0
       0
       0
       0
       0
       0
       0
       0
       0
       0
       0
       0
       1
       0
       0
       1
       0
       0
       0
       1
       0
       1
       1
       0
       0
       0
       0
       0
       0
       0
       0
       0
       0
       0
       1
       0
       0
       0
       0
       0
       0
       1
       0
       0
       1
       0
       0
       2
       0
       1
       0
       0
       2
       1
       0
       0
       1
       1
       0
       0
       0
       0
       0
       0
       0
       0
       1
       1
       0
       0
       0
       0
       0
       1
       0
       0
       0
       0
       2
       1
       0
       0
       0
       1
       0
       1
       0
       0
       0
       0
       1
       0
       0
       1
       1
       2
       0
       1
       1
       1
       4
       2
       3
       7
       8
       5
       7
       5
       6
       8
       1
       1
       2
       0
       0
       0
       0
       0
       0
       0
       0
       0
       2
       0
       0
       0
       0
       0
       0
       0
       1
       0
       0
       0
       1
       0
       0
       1
       0
       0
       0
       0
       0
       0
       0
       0
       0
       0
       0
       0
       0
       0
       1
       0
       1
       0
       0
       0
       0
       1
       0
       1
       1
       0
       1
       0
       0
       0
       1
       2
       0
       0
       0
       1
       1
       1
       1
       0
       0
       0
       0
       1
       0
       0
       2
       0
       1
       0
       0
       0
       1
       1
       1
       1
       0
       1
       1
       0
       0
       1
       0
       0
       0
       0
       2
       1
       0
       1
       0
       0
       0
       0
       0
       0
       0
       0
       2
       0
       0
       0
       1
       0
       1
       0
       0
       1
       0
       0
       0
       0
       1
       0
       0
       0
       0
       1
       0
       1
       0
       0
       1
       0
       0
       0
       0
       0
       0
       1
       0
       0
       0
       0
       0
       1
       0
       0
       1
       0
       0
       0
       0
       0
       0
       0
       1
       0
       1
       0
       1
       0
       1
       0
       1
       0
       0
       1
       0
       0
       1
       0
       0
       0
       0
       0
       0
       0
       0
       0
       0
       0
       0
       0
       0
       1
       0
       0
       0
       2
       0
       1
       0
       0
       0
       0
       0
       1
       0
       0
       1
       0
       0
       0
       0
       1
       0
       2
       0
       1
       1
       0
       0
       0
       0
       0
       1
       1
       1
       0
       0
       1
       1
       0
       0
       0
       0
       0
       0
       0
       0
       0
       0
       0
       0
       0
       0
       0
       1
       0
       0
       1
       0
       0
       0
       0
       1
       0
       0
       0
       0
       0
       0
       0
       0
       0
       0
       0
       0
       0
       0
       0
       0
       1
       0
       0
       0
       1
       0
       0
       0
       0
       0
       0
       0
       0
       0
       0
       0
       0
       1
       0
       0
       0
       1
       0
       0
       0
       0
       0
       0
       0
       1
       0
       0
       0
       0
       0
       0
       0
       0
       1
       1
       0
       0
       0
       1
       1
       1
       0
       0
       0
       0
       0
       0
       0
       0
       0
       1
       2
       0
       0
       2
       1
       0
       0
       0
       0
       0
       1
       0
       0
       0
       0
       0
       0
       0
       1
       0
       0
       0
       0
       0
       0
       0
       0
       0
       0
       0
       0
       0
       0
       0
       0
       0
       0
       0
       0
       0
       0
       0
       1
       0
       1
       0
       0
       0
       0
       0
       0
       0
       0
       1
       0
       0
       0
       0
       0
       0
       0
       0
       0
       1
       0
       0
       0
       0
       0
       0
       0
       0
       1
       0
       0
       0
       0
       0
       0
       0
       1
       0
       0
       0
       0
       0
       0
       0
       0
       0
       1
       0
       0
       0
       1
       1
       0
       0
       1
       0
       1
       1
       0
       1
       0
       1
       0
       0
       0
       0
       1
       0
       0
       0
       0
       0
       0
       0
       0
       1
       0
       0
       0
       0
       0
       0
       0
       0
       1
       0
       0
       0
       0
       0
       0
       1
       0
       0
       0
       2
       0
       2
       0
       0
       1
       0
       0
       0
       0
       0
       1
       0
       0
       1
       0
       0
       0
       0
       0
       0
       0
       0
       0
       0
       0
       0
       0
       1
       0
       0
       0
       0
       0
       0
       0
       1
       0
       0
       0
       1
       0
       0
       0
       1
       1
       0
       1
       0
       0
       1
       1
       0
       0
       0
       0
       0
       0
       0
       0
       1
       0
       0
       0
       0
       0
       1
       0
       0
       0
       0
       0
       0
       0
       0
       0
       1
       0
       0
       0
       0
       0
       0
       0
       0
       0
       0
       0
       0
       0
       0
       0
       0
       0
       0
       0
       0
       0
       0
       2
       0
       0
       0
       0
       1
       1
       0
       0
       1
       0
       0
       0
       0
       0
       0
       0
       0
       1
       0
       0
       0
       0
       0
       0
       0
       0
       0
       0
       0
       1
       0
       0
       0
       0
       1
       0
       0
       0
       1
       1
       0
       0
       0
       0
       0
       0
       0
       0
       0
       0
       0
       0
       0
       1
       0
       0
       0
       0
       2
       0
       0
       0
       0
       0
       0
       0
       0
       0
       0
       0
       0
       0
       0
       0
       0
       2
       2
       0
       0
       0
       1
       0
       0
       1
       0
       1
       0
       0
       0
       0
       0
       0
       0
       0
       1
       0
       0
       0
       0
       0
       0
       0
       0
       0
       0
       1
       0
       0
       0
       0
       1
       1
       0
       0
       0
       1
       0
       0
       0
       1
       0
       0
       0
       0
       0
       0
       0
       0
       0
       0
       0
       0
       1
       0
       0
       0
       0
       1
       0
       0
       1
       1
       0
       0
       0
       0
       0
       0
       1
       0
       0
       0
       0
       0
       1
       0
       1
       0
       1
       0
       0
       1
       0
       0
       1
       0
       0
       0
       0
       0
       0
       1
       0
       0
       0
       0
       0
       0
       0
       0
       0
       0
       0
       0
       0
       1
       0
       0
       0
       1
       0
       1
       0
       0
       0
       0
       0
       0
       0
       2
       0
       0
       0
       0
       0
       0
       0
       0
       1
       0
       0
       1
       0
       0
       0
       0
       0
       0
       0
       0
       0
       0
       0
       1
       0
       1
       0
       0
       0
       0
       0
       0
       0
       0
       1
       0
       0
       1
       0
       0
       0
       0
       1
       0
       0
       0
       1
       0
       0
       0
       0
       1
       0
       0
       0
       0
       0
       1
       0
       0
       0
       0
       0
       1
       0
       1
       0
       0
       0
       0
       0
       0
       0
       0
       0
       0
       0
       0
       0
       0
       0
       0
       0
       0
       0
       0
       1
       0
       1
       1
       0
       0
       0
       0
       0
       1
       0
       0
       0
       0
       0
       0
       1
       0
       0
       0
       0
       0
       0
       0
       0
       0
       0
       0
       0
       0
       0
       1
       0
       1
       0
       0
       0
       0
       0
       0
       0
       0
       0
       0
       1
       0
       0
       0
       0
       0
       0
       0
       1
       0
       0
       0
       0
       0
       0
       0
       1
       0
       0
       0
       0
       0
       0
       0
       0
       2
       0
       0
       0
       1
       0
       0
       0
       0
       0
       0
       0
       0
       0
       0
       1
       0
       0
       0
       1
       0
       0
       0
       0
       0
       1
       1
       0
       0
       0
       1
       0
       0
       0
       0
       1
       0
       0
       1
       0
       0
       0
       1
       0
       0
       1
       0
       0
       1
       0
       0
       0
       0
       1
       0
       0
       1
       1
       0
       0
       0
       1
       0
       0
       0
       1
       0
       0
       0
       0
       0
       0
       0
       0
       0
       0
       0
       0
       0
       0
       0
       0
       0
       0
       0
       0
       1
       0
       0
       0
       0
       1
       1
       0
       0
       0
       0
       0
       0
       0
       0
       0
       0
       1
       0
       0
       0
       0
       2
       0
       0
       0
       0
       0
       0
       0
       0
       1
       0
       0
       0
       0
       0
       1
       0
       0
       0
       0
       0
       0
       0
       1
       0
       0
       0
       0
       0
       2
       0
       3
       0
       0
       0
       0
       0
       0
       1
       0
       0
       0
       0
       0
       0
       0
       0
       0
       0
       0
       0
       0
       0
       1
       0
       1
       0
       0
       0
       1
       1
       0
       0
       0
       0
       0
       1
       2
       0
       0
       0
       0
       0
       0
       0
       0
       0
       0
       0
       0
       0
       0
       0
       0
       0
       0
       1
       1
       0
       0
       0
       1
       0
       0
       0
       0
       0
       0
       0
       1
       0
       2
       2
       0
       0
       0
       0
       0
       0
       0
       1
       0
       0
       0
       1
       0
       0
       1
       0
       0
       0
       0
       1
       0
       0
       1
       0
       1
       0
       0
       1
       0
       0
       0
       0
       0
       0
       0
       0
       0
       0
       0
       0
       1
       1
       0
       0
       0
       0
       0
       0
       0
       0
       0
       1
       0
       0
       0
       0
       0
       0
       0
       0
       0
       0
       1
       0
       0
       0
       0
       0
       0
       0
       0
       0
       0
       1
       0
       0
       0
       0
       0
       0
       0
       0
       0
       0
       0
       0
       0
       0
       0
       0
       0
       0
       1
       0
       0
       0
       0
       0
       0
       0
       0
       0
       0
       0
       0
       0
       0
       0
       0
       0
       0
       1
       0
       1
       0
       0
       0
       0
       0
       1
       0
       0
       0
       0
       0
       0
       0
       0
       0
       0
       0
       0
       0
       0
       0
       0
       0
       0
       0
       0
       1
       0
       0
       0
       1
       0
       0
       0
       3
$ROI:
11
224 244
765 907
1828 1908
2525 2667
2716 2799
3116 3148
3716 3817
4331 4427
4564 4622
5085 5259
5690 5768
$PRESETS:
Live Time
800
0
$ENER_FIT:
0.053689 0.255148
$MCA_CAL:
3
5.368913E-002 2.551478E-001 -1.853380E-009 keV
$SHAPE_CAL:
3
6.992400E+000 7.812671E-004 -3.508660E-008
