$SPEC_ID:
No sample description was entered.
$SPEC_REM:
DET# 1
DETDESC# GMX20P4 HPGe
AP# Maestro Version 7.01
$DATE_MEA:
11/23/2018 13:43:52
$MEAS_TIM:
598 600
$DATA:
0 8191
       0
       0
       0
       0
       0
       0
       0
       0
       0
       0
       0
       0
       0
       0
       0
       0
       0
       0
       0
       0
       0
       0
       0
       0
       0
       0
       0
       0
       0
       0
       0
       0
       0
       0
       0
       0
       0
       0
       0
       0
       0
       0
       0
       0
       0
       0
       0
       0
       5
      18
      51
      86
      84
     101
      67
      88
      93
      90
     100
      99
      79
      84
      92
     106
      89
      92
      97
     108
     108
     143
     120
     126
     136
     163
     141
     195
     193
     204
     233
     260
     287
     302
     289
     276
     223
     207
     160
     139
     123
     119
     113
     129
     134
     137
     158
     199
     179
     196
     233
     252
     227
     252
     297
     289
     393
     411
     525
     576
     701
     745
     897
     966
    1126
    1300
    1667
    2181
    2972
    3860
    4973
    5881
    6067
    5938
    5158
    4322
    3076
    2011
    1299
     874
     553
     445
     433
     512
     610
     824
    1070
    1193
    1406
    1455
    1343
    1160
     928
     721
     466
     342
     242
     152
     126
      83
      82
      67
      75
      71
      88
      63
      85
      95
      68
      75
      87
      73
      91
      65
      84
      80
      72
      66
      74
      96
      80
      78
      67
      84
      86
      87
      84
      86
      85
      96
      94
      82
     109
      97
      88
     105
      98
      98
     112
     100
     103
     126
     104
      99
     125
     125
     112
     115
     132
     119
     133
     117
     119
     132
     154
     173
     166
     213
     236
     254
     250
     261
     228
     230
     167
     187
     147
     126
     134
     143
     127
     122
     130
     119
     138
     146
     111
     134
     130
     156
     151
     158
     152
     158
     149
     151
     144
     157
     155
     162
     172
     196
     191
     176
     181
     195
     199
     200
     230
     224
     253
     214
     230
     205
     218
     236
     228
     217
     184
     247
     257
     231
     263
     275
     234
     253
     248
     228
     241
     246
     251
     248
     252
     244
     252
     256
     277
     271
     263
     259
     273
     253
     231
     224
     253
     214
     275
     224
     219
     233
     240
     221
     227
     231
     230
     249
     237
     196
     215
     218
     223
     197
     221
     224
     230
     238
     194
     222
     220
     273
     272
     330
     458
     587
     832
    1186
    1478
    1906
    2196
    2235
    2102
    1933
    1561
    1110
     757
     462
     323
     228
     154
     161
     154
     120
     105
     151
     130
     132
     144
     130
     118
     140
     120
     134
     117
     119
     132
     134
     153
     123
     123
     141
     128
     131
     152
     133
     120
     112
     132
     141
     123
     130
     134
     144
     135
     144
     135
     129
     155
     129
     136
     136
     139
     132
     151
     132
     105
     106
     128
     127
     130
     141
     129
     126
     143
     107
     133
     126
     116
     118
     130
     135
     118
     121
     117
     113
     126
     124
     146
     140
     130
     143
     124
     118
     130
     114
     128
     123
     119
     122
     165
     140
     148
     119
     137
     130
     119
     109
     129
     148
     120
     137
      96
     141
     127
     138
     132
     112
     137
     152
     137
     134
     123
     121
     133
     143
     141
     135
     125
     135
     137
     120
     119
     126
     109
     133
     133
     131
     127
     131
     129
     126
     120
     123
     127
     113
     120
     114
     122
     110
     113
     119
     135
     130
     130
     128
     122
     107
      98
     129
     107
     107
     125
     134
     128
     123
     121
     115
     111
     128
     120
     132
     109
     126
     122
     122
     103
     131
     125
     115
     122
     112
     117
     125
     131
     118
     112
      95
     117
     115
     115
     124
     104
     125
     128
     127
     132
     133
     105
     128
     107
     115
     112
     121
     124
     114
     114
     118
     111
     130
     110
     117
     125
     112
     116
     116
     112
     119
     109
     116
     122
     125
     120
     109
      95
     107
     110
     118
     117
     125
     110
      92
     105
     119
     125
     116
     116
     125
     129
     123
     123
     116
     120
     127
     116
     118
     114
     125
     124
     119
     124
     114
     123
     111
     118
     107
     113
     105
     101
     101
     111
      98
      96
     119
     122
      91
     112
     107
     106
     122
     106
      90
      98
     101
     123
     123
     112
     127
     115
     109
     127
     123
     116
     101
     109
     122
     106
      96
     105
     129
     122
     109
     132
     121
     100
     106
     110
     120
     123
     121
     106
     113
     123
     102
     114
     114
     121
     129
     119
     110
     120
     103
     127
     119
     118
     110
     111
     134
     123
     118
     126
     123
     135
     111
     141
     117
     165
     136
     127
     128
     104
      96
      97
     105
      84
     101
      72
      99
     103
     112
     103
      96
      93
      92
      95
     123
     104
     104
      81
     106
      91
     101
     102
      77
      80
     110
     100
     124
      77
      96
      87
      88
     110
      94
     101
      89
     103
      96
     107
      91
      88
      84
      95
      96
      92
      98
      94
     101
      75
      88
      89
      88
      94
     110
      88
      93
      83
      96
      94
      99
      81
      96
      78
      91
      98
      97
     104
      95
      87
      95
      89
     107
      81
     110
      89
      92
     120
      81
      78
      84
      84
      96
     103
     103
      86
      98
     102
      99
      91
     101
      73
     108
     101
      84
      91
     103
      86
     104
      88
     107
      88
      91
      92
      89
      84
      85
      78
     103
      88
      91
      73
      88
      89
     103
      77
      73
      87
      92
      81
      87
      82
      74
      74
      96
      79
      90
     106
      82
      90
      90
      94
     107
      73
      80
      84
      85
      96
     105
      87
     100
      87
      80
      81
      94
      89
      82
      80
      81
      80
      72
      94
      95
      88
      78
      76
      74
      69
      81
      85
      84
      83
      73
      84
      66
      86
      78
      78
      87
      73
      67
      76
      80
      69
      85
      81
      71
      80
      84
      75
      72
      69
      74
      63
      81
      75
      76
      56
      86
      63
      54
      74
      65
      79
      61
      61
      80
      64
      71
      69
      63
      69
      66
      63
      66
      66
      73
      71
      63
      69
      63
      71
      61
      61
      57
      69
      67
      66
      51
      71
      48
      58
      51
      43
      78
      53
      47
      71
      58
      40
      67
      54
      62
      57
      65
      62
      53
      69
      59
      78
      65
      91
      74
      73
      51
      52
      52
      57
      51
      52
      43
      63
      44
      60
      42
      54
      59
      60
      58
      55
      46
      45
      46
      47
      52
      56
      62
      53
      50
      44
      50
      57
      44
      36
      60
      41
      53
      44
      47
      47
      36
      56
      55
      64
      40
      57
      58
      49
      55
      49
      44
      57
      57
      46
      39
      57
      41
      53
      58
      62
      58
      67
      74
      58
      54
      37
      48
      39
      56
      44
      54
      52
      61
      49
      62
      56
      63
      35
      42
      28
      49
      30
      41
      37
      46
      47
      36
      38
      36
      30
      39
      38
      47
      39
      38
      33
      33
      36
      44
      29
      34
      36
      43
      41
      29
      47
      39
      38
      33
      40
      40
      42
      45
      38
      42
      38
      45
      32
      38
      39
      33
      50
      31
      37
      39
      38
      33
      22
      37
      28
      32
      34
      38
      39
      42
      23
      28
      34
      37
      32
      33
      38
      22
      39
      36
      40
      22
      31
      21
      38
      31
      34
      38
      31
      44
      36
      28
      43
      41
      31
      32
      33
      31
      19
      31
      26
      25
      34
      33
      32
      29
      39
      29
      32
      35
      35
      27
      32
      28
      30
      34
      35
      26
      24
      17
      22
      21
      32
      22
      32
      38
      29
      28
      24
      31
      24
      26
      21
      28
      33
      35
      49
      63
      89
     151
     167
     195
     250
     247
     239
     245
     206
     164
     115
      78
      66
      50
      35
      33
      39
      34
      33
      35
      28
      22
      24
      20
      35
      16
      21
      18
      17
      32
      32
      28
      29
      26
      22
      25
      33
      24
      20
      27
      24
      23
      17
      28
      28
      15
      32
      27
      19
      20
      33
      30
      15
      22
      24
      26
      24
      21
      32
      23
      19
      29
      23
      12
      26
      26
      21
      22
      29
      23
      22
      23
      29
      28
      27
      30
      31
      32
      34
      37
      48
      40
      32
      30
      32
      19
      14
      19
      26
      21
      25
      24
      23
      21
      17
      16
      24
      21
      29
      24
      38
      45
      74
     129
     182
     275
     369
     464
     526
     542
     541
     474
     377
     262
     202
     108
      77
      45
      27
      25
      19
      16
      23
      17
      22
      10
      17
      24
      11
      14
      12
      18
      14
      20
      20
      13
      17
      17
      24
      15
      21
      23
      16
      14
      14
      29
      11
      10
      14
      16
      12
      19
      19
      16
      21
      11
      19
      17
      16
      13
      24
      23
      21
      10
      17
      18
      15
      17
       8
      20
      19
      12
      16
      12
      18
      20
      13
      16
      29
      14
      13
      12
      16
      25
      19
      14
      17
      15
      15
      21
      16
       9
      19
      16
      18
      14
      19
      19
      19
      18
      20
      15
      15
      11
       9
      25
      23
      13
      12
      18
      14
      10
      15
      13
      19
      16
      15
       4
      20
      11
      10
      12
      12
      18
       9
      20
      21
      16
      16
      15
      15
      21
      13
      12
      13
      10
      22
      15
      17
      14
       7
      13
      21
      19
      23
      24
      14
      20
      25
      17
      23
      14
      11
       4
      16
      15
      15
      11
      12
      13
       7
      10
      14
      21
      13
      15
      19
      14
      13
       9
      15
      19
      17
       9
      11
      13
       7
      11
      11
      16
      13
      17
      20
      10
      16
      12
       8
      14
       9
      14
      18
      11
      18
       8
      17
      21
      31
      19
      28
      32
      51
      42
      33
      44
      37
      32
      35
      40
      57
     109
     208
     318
     538
     756
    1017
    1270
    1448
    1605
    1529
    1360
    1119
     835
     515
     364
     183
     102
      59
      23
      13
      17
       9
      10
      11
      11
       8
       4
      11
       4
       8
       5
      15
      11
       7
       5
      15
       9
       8
       7
       9
      12
       7
       6
      10
       5
      10
      13
       8
       4
       6
      10
      12
       9
      16
       9
      13
       9
       9
       9
       4
      12
       6
       6
       8
      11
       8
       6
       3
       6
       9
       6
       7
       8
       4
       8
       7
       5
      11
       6
       8
       6
       7
      12
       8
       6
       8
       6
      11
       9
       8
       7
       6
       9
       5
       8
       5
       8
       7
       5
       8
       8
       6
       8
      11
       6
       6
       9
       6
      13
      18
      38
      57
      69
     124
     154
     188
     196
     232
     215
     196
     136
     117
      74
      58
      31
      19
      11
      12
      15
      12
      14
      12
      11
       9
      11
       6
       9
       5
      12
      12
       7
       9
      10
       9
      10
       4
      11
       9
       5
       8
       8
       9
      10
       7
       9
      11
       9
       5
       8
       5
      10
       6
       7
       6
       5
       3
       9
       6
       5
       9
       6
       9
       6
       4
       8
      12
       9
       7
       7
       8
       6
       8
       8
      11
       8
       7
      10
       8
       7
       8
      12
      13
      10
       7
       5
       9
       7
       4
       7
       7
      10
      10
       8
       6
      10
       7
       9
       3
       8
      17
       9
       5
       7
       5
       9
       6
      12
       7
      14
       6
      10
       5
       8
       8
      10
       8
       6
       6
       4
       7
       8
       6
       9
       8
      14
       8
       6
       5
       4
      12
       7
       9
       9
       8
       6
       7
       7
       9
       3
       7
      10
       9
      11
       6
       7
       4
       2
       7
       7
       8
       8
       3
       9
       6
       6
       9
       6
       9
       8
       4
      13
       5
      10
       7
       6
       4
      14
       5
      12
       4
      11
       5
       6
       2
       7
       3
       6
       4
       7
       5
       4
       8
       5
       5
       4
       7
       7
       4
       2
       4
       6
       9
       8
       5
       6
       3
       4
      11
       7
       4
       2
       4
       4
       4
       5
       8
       7
       8
       7
       7
       8
       7
       3
       8
       6
      12
       8
       7
       9
       8
       4
       4
       2
       5
      11
       7
       5
       4
      11
       8
       9
       6
      11
       7
       5
       6
       7
       5
       6
       7
       5
      10
       6
       5
       8
       7
      11
      11
       7
       4
       5
      10
       4
       4
       4
       2
       9
       2
       8
       6
       5
       8
       5
       7
       3
       5
       5
       7
      10
       7
       4
       4
       6
       4
       3
       7
      13
       1
       5
       5
       6
       7
       7
       2
       4
       8
       5
       2
       8
       5
       3
       4
       6
       3
       1
       4
       7
       7
       9
       7
       7
       3
       4
      11
       5
      11
       3
       8
       7
       6
       9
      16
       9
       7
       4
       5
       5
      10
       5
       5
       2
       7
       4
       5
       4
       7
       4
       4
       5
       7
       3
       5
       3
       4
       7
       2
       5
       4
       8
       9
       9
       4
       4
       3
       9
       5
       5
       9
       4
       3
       4
       5
       4
       3
       5
       7
       3
       6
       5
       4
       5
       3
       7
       3
       4
       2
       5
       2
       5
       6
       3
       5
      13
       1
       3
       3
       2
       6
       6
       6
       6
       5
       5
       5
       9
       4
       7
       2
       6
       4
       2
       4
       4
       4
       5
       8
      11
       6
       4
       8
       6
       3
       6
       5
       6
       6
       5
       3
       4
       7
      11
       4
       4
       5
       7
       8
       5
       1
       9
       4
       4
       3
       3
       3
       2
       4
       8
       6
       6
       6
       4
       1
       4
       6
       9
       5
       9
       3
       4
       4
       5
       9
       3
       4
       7
       6
       3
       7
       4
       4
       9
       8
       7
       4
       6
       3
       3
       4
       4
       5
       9
       5
       4
       6
       3
       3
       3
       5
       7
       7
       5
       3
       2
       3
       8
       7
       5
       3
       2
       9
       7
       6
       3
       7
       8
       5
       5
       7
       3
      11
       5
       3
       3
       9
       7
       0
       5
       9
      11
       4
       9
       7
       9
      12
      13
      13
      17
      17
      10
       5
       3
       3
       4
       5
       7
       3
       2
       5
       7
       6
       3
       4
       8
       5
       6
       3
       7
       5
       9
       8
       5
       2
       8
       2
       6
       6
       5
       4
       5
       8
       6
       4
       1
       3
       4
       5
       4
       4
       3
       3
       2
       4
       6
       4
       5
       2
       4
       4
       5
       3
       3
       5
       3
       6
       2
       5
       7
       2
       7
       2
       2
       4
       4
       3
       5
       6
       1
       4
       6
       6
       4
       3
       3
       6
       3
       6
       2
       4
       5
       3
       7
       6
       5
       7
       6
       4
       4
       3
       5
       5
       6
       4
       2
       5
       7
      10
       7
       6
       4
       5
       5
       6
       4
       7
       5
       3
       4
       3
       4
       2
       5
       3
       5
       4
       3
       4
       2
       3
       2
       7
       6
       3
       4
       3
       3
       3
       1
       3
       0
       6
       6
       3
       2
       3
       2
       3
       5
       3
       6
       4
       3
       5
       7
       5
       7
       5
       8
       4
       7
       1
       1
       5
       3
       2
       5
       1
       5
       4
       7
       3
       6
       4
       4
       9
       4
       3
       4
       2
       1
       4
       2
       3
       3
       4
       3
       3
       6
       1
       2
       4
       3
       1
       1
       3
       5
       4
       7
       1
       2
       7
       3
       2
       5
       5
       4
       2
       2
       4
       4
       3
       2
       6
       5
       4
       3
       3
       1
       5
       5
       4
       3
       2
       4
       3
       6
       0
       4
       3
       7
       1
       4
       3
       5
       4
       3
       2
       2
       4
       3
       3
       3
       3
       3
       2
       1
       1
       4
       4
       2
       3
       3
       6
       3
       2
       5
       3
       6
       6
       2
       4
       4
       2
       0
       8
       5
       1
       5
       2
       4
       9
       5
       4
       3
       1
       2
       7
       2
       8
       7
       5
       5
       3
       7
       4
       4
       7
      12
      11
      17
      14
      13
      11
      11
       4
       4
       4
       5
       4
       4
       2
       6
       2
       2
       1
       7
       1
       3
       4
       3
       3
       1
       3
       2
       9
       1
       2
       4
       3
       4
       0
       2
       4
       3
       3
       3
       1
       5
       5
       1
       4
       7
       2
       3
       2
       2
       7
       3
       3
       5
       1
       2
       2
       1
       1
       0
       4
       7
       4
       5
       2
       4
       2
       3
       3
       5
       2
       4
       6
       5
       1
       2
       2
       4
       7
       4
       2
       4
       1
       2
       3
       4
       1
       2
       1
       5
       1
       1
       3
       3
       5
       4
       8
       7
       6
       5
       9
      10
      15
      11
      24
      23
      24
      27
      30
      21
      11
      11
       6
       3
       3
       7
       8
       4
       3
       6
       3
       3
       6
       4
       1
       3
       5
       5
       1
       1
       3
       3
       7
       2
       3
       5
       5
       0
       4
       4
       5
       4
       2
       5
       3
       3
       3
       2
       4
       4
       3
       2
       1
       1
       2
       4
       2
       4
       0
       6
       3
       4
       3
       0
       2
       3
       2
       3
       3
       3
       3
       1
       3
       3
       3
       4
       2
       1
       1
       3
       1
       4
       2
       2
       5
       1
       3
       2
       4
       5
       3
       1
       2
       3
       4
       2
       2
       4
       1
       4
       6
       4
       1
       2
       3
       4
       6
       4
       3
       4
       0
       5
       3
       2
       2
       3
       2
       3
       3
       1
       3
       1
       2
       3
       6
       4
       3
       5
       4
       1
       2
       1
       0
       4
       3
       4
       2
       2
       3
       4
       6
       3
       9
       4
       4
       6
       1
       2
       4
       3
       1
       3
       3
       4
       6
       4
       0
       1
       2
       4
       5
       6
       4
       1
       1
       2
       4
       7
       3
       2
       6
       2
       0
       1
       4
       2
       2
       3
       2
       4
       1
       3
       4
       3
       2
       1
       2
       4
       3
       2
       2
       1
       2
       2
       4
       1
       4
       3
       1
       4
       0
       3
       4
       4
       1
       4
       3
       1
       3
       3
       3
       4
       5
       4
       2
       4
       2
       5
       5
       3
       5
       4
       4
       4
       2
       4
       4
       3
       3
       6
       3
       3
       1
       1
       2
       5
       4
       0
       4
       5
       1
       3
       3
       2
       4
       4
       2
       1
       3
       4
       8
       6
       2
       2
       1
       3
       2
       2
       3
       4
       2
       6
       2
       3
       4
       3
       2
       3
       3
       4
       2
       4
       3
       3
       2
       1
       0
       4
       4
       3
       4
       4
       1
       4
       4
       2
       3
       0
       1
       3
       3
       4
       4
       1
       5
       2
       0
       4
       4
       2
       2
       1
       2
       2
       4
       4
       1
       1
       6
       4
       1
       4
       0
       2
       5
       2
       3
       1
       3
       1
       2
       2
       1
       1
       0
       2
       2
       4
       3
       3
       4
       1
       2
       5
       2
       3
       3
       0
       3
       2
       6
       2
       4
       1
       5
       7
       6
       4
       7
       4
       3
       0
       2
       3
       3
       4
       3
       4
       2
       1
       2
       3
       2
       2
       2
       7
       4
       1
       1
       4
       2
       3
       2
       3
       0
       1
       3
       3
       7
       5
       7
       3
       2
       5
       4
       8
       1
       2
       1
       2
       3
       3
       4
       5
       3
       0
       2
       4
       6
       5
       3
       3
       5
       4
       1
       1
       7
       1
       3
       5
       2
       3
       1
       5
       1
       3
       4
       3
       2
       3
       5
       4
       4
       3
       4
       6
       2
       2
       5
       6
       1
       3
       1
       3
       2
       2
       3
       3
       3
       2
       1
       2
       1
       5
       3
       1
       5
       3
       4
       4
       1
       2
       5
       1
       2
       2
       2
       4
       1
       7
       1
       0
       1
       5
       8
       5
       5
       6
       3
       4
       4
       8
       1
       6
       3
       6
       1
       2
       4
       3
       3
       2
       2
       1
       3
       1
       1
       1
       0
       2
       2
       3
       0
       3
       6
       4
       2
       2
       1
       1
       2
       1
       0
       2
       3
       5
       0
       0
       2
       5
       7
       2
       2
       2
       3
       1
       2
       4
       5
       2
       3
       1
       4
       4
       4
       3
       2
       5
       4
       4
       3
       0
       0
       2
       5
       2
       2
       4
       3
       0
       2
       3
       2
       2
       2
       6
       4
       5
       2
       4
       3
       1
       0
       5
       1
       1
       4
       2
       1
       2
       2
       4
       0
       2
       0
       1
       1
       1
       2
       4
       0
       0
       3
       2
       4
       2
       3
       6
       2
       4
       1
       4
       3
       2
       5
       1
       4
       1
       4
       1
       3
       2
       3
       1
       0
       2
       3
       2
       0
       4
       2
       4
       3
       2
       2
       1
       3
       2
       1
       2
       4
       1
       4
       4
       4
       3
       4
       1
       2
       1
       1
       5
       3
       0
       3
       5
       2
       7
       4
       4
       4
       3
       5
       7
       1
       3
       4
       1
       4
       3
       1
       3
       0
       3
       3
       3
       0
       2
       1
       4
       1
       2
       0
       2
       5
       2
       2
       2
       1
       3
       0
       3
       4
       0
       2
       2
       0
       4
       4
       2
       4
       2
       3
       1
       0
       5
       1
       2
       0
       1
       1
       0
       2
       2
       0
       1
       0
       1
       1
       4
       2
       5
       2
       4
       1
       6
       5
       1
       0
       4
       6
       2
       3
       2
       1
       3
       3
       1
       1
       2
       1
       1
       3
       1
       3
       2
       2
       2
       4
       1
       3
       2
       3
       5
       2
       1
       0
       5
       4
       1
       3
       3
       7
       1
       1
       1
       0
       1
       2
       3
       1
       1
       0
       3
       2
       5
       2
       2
       1
       3
       0
       1
       4
       1
       0
       1
       1
       0
       4
       3
       6
       3
       4
       2
       0
       3
       3
       3
       1
       0
       1
       1
       1
       5
       4
       1
       4
       2
       3
       3
       1
       1
       3
       6
       2
       2
       1
       3
       1
       0
       1
       2
       1
       6
       1
       4
       2
       2
       4
       5
       1
       2
       1
       0
       3
       1
       3
       0
       1
       2
       1
       4
       3
       4
       1
       1
       2
       3
       0
       3
       3
       1
       3
       1
       1
       1
       1
       4
       1
       2
       2
       2
       3
       0
       2
       0
       1
       3
       1
       2
       4
       2
       2
       0
       3
       2
       0
       1
       3
       4
       3
       0
       3
       1
       0
       1
       0
       1
       2
       0
       1
       3
       3
       0
       0
       2
       2
       3
       2
       1
       0
       5
       5
       3
       2
       1
       5
       1
       2
       5
       1
       2
       1
       1
       2
       4
       6
       1
       1
       2
       3
       3
       4
       1
       2
       0
       2
       3
       4
       5
       3
       4
       1
       1
       4
       2
       2
       3
       2
       3
       4
       2
       3
       2
       2
       1
       0
       1
       2
       2
       2
       3
       0
       3
       2
       2
       5
       2
       1
       2
       4
       1
       0
       1
       4
       2
       3
       2
       1
       3
       3
       5
       1
       2
       1
       3
       2
       3
       0
       2
       2
       1
       1
       3
       0
       0
       4
       1
       2
       2
       1
       0
       1
       4
       2
       3
       3
       2
       0
       2
       3
       2
       4
       1
       1
       2
       1
       2
       0
       2
       0
       3
       0
       1
       0
       1
       2
       1
       1
       0
       5
       1
       4
       5
       2
       3
       1
       2
       3
       1
       3
       1
       1
       2
       4
       3
       2
       1
       3
       2
       1
       3
       1
       6
       1
       2
       3
       3
       0
       1
       1
       0
       2
       1
       2
       1
       3
       1
       2
       0
       2
       1
       3
       3
       4
       1
       1
       3
       3
       3
       3
       4
       1
       2
       0
       3
       2
       0
       2
       2
       2
       0
       1
       2
       1
       0
       2
       1
       2
       1
       1
       0
       2
       2
       1
       2
       6
       1
       0
       1
       2
       2
       5
       0
       5
       1
       1
       2
       2
       2
       3
       3
       2
       2
       0
       6
       4
       3
       2
       3
       4
       3
       0
       0
       1
       1
       1
       1
       2
       1
       2
       1
       1
       2
       2
       3
       2
       2
       2
       0
       2
       2
       2
       3
       2
       1
       2
       5
       0
       3
       3
       2
       0
       3
       1
       0
       2
       3
       1
       1
       2
       4
       5
       1
       1
       3
       3
       1
       1
       5
       2
       0
       3
       4
       3
       2
       3
       2
       3
       1
       1
       6
       3
       2
       2
       1
       0
       1
       3
       5
       0
       2
       2
       7
       4
       2
       1
       4
       3
       1
       1
       0
       1
       1
       1
       1
       2
       3
       0
       1
       2
       3
       0
       5
       5
       3
       8
       5
       8
       6
       7
       8
       6
       5
       4
       2
       3
       1
       0
       1
       4
       4
       2
       3
       1
       1
       6
       0
       2
       2
       3
       2
       1
       2
       3
       2
       0
       0
       1
       2
       3
       3
       1
       0
       3
       0
       2
       3
       2
       1
       2
       0
       3
       2
       0
       5
       1
       2
       1
       0
       2
       2
       1
       0
       0
       1
       1
       2
       1
       2
       0
       8
       3
       3
       2
       2
       0
       1
       3
       1
       1
       2
       3
       0
       3
       0
       4
       3
       0
       2
       4
       2
       0
       2
       1
       1
       2
       3
       4
       4
       4
       3
       1
       6
       1
       1
       2
       0
       3
       2
       4
       1
       2
       3
       1
       3
       1
       2
       3
       1
       0
       2
       1
       0
       1
       1
       3
       3
       3
       0
       3
       1
       2
       0
       5
       1
       2
       2
       1
       0
       3
       1
       1
       1
       4
       1
       3
       2
       0
       2
       3
       4
       3
       3
       2
       3
       3
       1
       6
       0
       1
       0
       1
       2
       3
       2
       2
       2
       1
       1
       1
       2
       3
       2
       3
       2
       2
       2
       1
       1
       3
       0
       3
       2
       1
       0
       1
       2
       1
       0
       3
       2
       0
       0
       2
       1
       0
       2
       1
       1
       2
       1
       1
       4
       1
       1
       3
       1
       3
       2
       3
       1
       3
       2
       4
       0
       1
       2
       0
       0
       3
       2
       2
       4
       2
       1
       1
       2
       4
       3
       7
       1
       2
       4
       4
       6
       8
       5
       1
       1
       3
       3
       2
       0
       3
       3
       1
       3
       1
       2
       1
       1
       3
       1
       5
       1
       1
       1
       1
       2
       1
       0
       3
       3
       2
       4
       2
       2
       1
       1
       2
       3
       4
       4
       0
       0
       3
       4
       3
       0
       0
       2
       1
       0
       1
       2
       0
       3
       1
       1
       1
       2
       4
       2
       4
       1
       2
       5
       0
       1
       1
       1
       1
       1
       3
       2
       0
       1
       1
       2
       3
       2
       1
       3
       3
       1
       2
       4
       3
       4
       1
       2
       2
       0
       1
       2
       2
       1
       2
       1
       4
       1
       1
       2
       2
       1
       2
       1
       0
       3
       2
       2
       3
       5
       0
       0
       0
       1
       4
       0
       0
       5
       3
       2
       1
       1
       3
       0
       5
       1
       3
       1
       5
       0
       3
       3
       1
       0
       2
       4
       1
       0
       0
       0
       1
       4
       3
       3
       5
       1
       1
       2
       2
       0
       2
       1
       6
       4
       0
       3
       0
       0
       1
       3
       1
       2
       3
       0
       3
       2
       0
       0
       2
       1
       2
       1
       1
       2
       1
       0
       3
       3
       4
       5
       3
       0
       2
       2
       3
       2
       1
       0
       1
       0
       2
       2
       1
       4
       2
       2
       2
       5
       3
       1
       1
       1
       6
       3
       2
       1
       2
       0
       3
       2
       0
       0
       1
       2
       1
       1
       0
       1
       1
       1
       0
       1
       2
       6
       0
       1
       1
       1
       1
       1
       1
       2
       0
       3
       1
       1
       1
       1
       2
       2
       0
       1
       0
       0
       5
       1
       1
       4
       0
       2
       0
       0
       0
       2
       3
       1
       3
       1
       1
       0
       1
       0
       1
       1
       2
       1
       0
       1
       2
       1
       0
       3
       0
       0
       1
       0
       3
       3
       1
       3
       1
       1
       1
       1
       1
       2
       0
       3
       2
       1
       3
       0
       1
       1
       2
       1
       3
       3
       0
       1
       2
       2
       0
       3
       3
       3
       1
       2
       3
       1
       1
       2
       4
       3
       3
       2
       2
       1
       2
       2
       2
       3
       1
       3
       3
       2
       2
       2
       1
       1
       2
       1
       4
       4
       2
       0
       1
       0
       4
       2
       1
       0
       3
       1
       1
       0
       1
       1
       2
       1
       1
       1
       0
       2
       0
       1
       1
       2
       0
       1
       4
       3
       0
       1
       0
       2
       1
       3
       2
       2
       3
       0
       1
       1
       4
       0
       0
       3
       1
       2
       2
       2
       1
       2
       0
       1
       4
       0
       2
       0
       2
       1
       2
       1
       2
       0
       1
       1
       3
       2
       4
       0
       2
       1
       2
       2
       0
       1
       1
       2
       0
       1
       2
       0
       3
       2
       4
       1
       3
       1
       1
       1
       2
       3
       2
       1
       2
       2
       0
       3
       3
       3
       1
       2
       2
       1
       4
       0
       0
       0
       0
       2
       1
       1
       3
       1
       1
       1
       2
       0
       2
       0
       0
       2
       1
       2
       2
       2
       2
       2
       1
       2
       1
       4
       2
       2
       2
       2
       2
       0
       0
       2
       2
       0
       4
       1
       3
       2
       2
       0
       3
       0
       2
       2
       2
       1
       2
       1
       2
       1
       0
       2
       2
       2
       3
       2
       1
       2
       1
       0
       0
       2
       3
       1
       1
       2
       0
       3
       3
       1
       2
       0
       2
       2
       3
       4
       1
       2
       1
       1
       1
       1
       2
       0
       1
       3
       1
       0
       4
       3
       2
       1
       1
       1
       3
       2
       1
       0
       1
       2
       1
       1
       2
       1
       1
       3
       3
       2
       3
       2
       3
       1
       2
       4
       0
       5
       0
       1
       3
       2
       1
       2
       1
       3
       5
       0
       0
       1
       1
       1
       1
       1
       2
       0
       2
       1
       2
       1
       1
       2
       2
       5
       0
       7
       3
       3
       4
       3
       1
       5
       8
       7
       6
       7
       5
      11
       4
       4
       8
       7
       4
       0
       3
       0
       2
       3
       3
       1
       3
       1
       3
       1
       1
       2
       1
       1
       3
       3
       3
       2
       0
       0
       1
       1
       2
       3
       4
       0
       3
       3
       1
       2
       2
       3
       2
       4
       0
       2
       2
       0
       1
       1
       3
       3
       0
       0
       1
       2
       2
       1
       0
       0
       2
       1
       1
       3
       1
       1
       2
       4
       0
       2
       0
       1
       3
       0
       3
       4
       0
       0
       2
       1
       1
       1
       3
       3
       0
       2
       3
       1
       0
       3
       1
       1
       5
       0
       0
       0
       3
       3
       1
       1
       3
       0
       2
       4
       3
       1
       1
       1
       2
       3
       3
       4
       3
       2
       2
       3
       1
       1
       5
       2
       1
       0
       1
       1
       1
       3
       0
       1
       2
       5
       2
       2
       1
       2
       3
       2
       2
       1
       3
       2
       2
       3
       0
       1
       2
       3
       2
       2
       3
       1
       2
       5
       0
       0
       2
       2
       1
       3
       2
       0
       1
       0
       2
       2
       1
       2
       2
       1
       1
       3
       3
       0
       0
       2
       2
       2
       1
       0
       0
       2
       1
       2
       2
       4
       2
       3
       0
       1
       1
       1
       3
       2
       0
       5
       0
       1
       0
       3
       3
       1
       0
       0
       0
       4
       2
       0
       2
       0
       2
       1
       1
       0
       2
       1
       4
       2
       3
       1
       1
       2
       2
       1
       4
       2
       2
       0
       1
       2
       1
       2
       3
       1
       3
       3
       2
       2
       1
       3
       1
       1
       0
       4
       1
       4
       3
       3
       2
       2
       1
       0
       2
       1
       1
       3
       4
       1
       0
       2
       1
       0
       1
       1
       1
       2
       2
       1
       4
       1
       0
       2
       4
       1
       1
       0
       1
       0
       1
       1
       1
       2
       2
       2
       3
       5
       3
       0
       2
       4
       2
       1
       0
       2
       3
       3
       3
       3
       0
       2
       0
       0
       1
       2
       3
       0
       2
       3
       3
       1
       4
       1
       2
       2
       5
       4
       3
       3
       2
       4
       1
       0
       1
       0
       4
       0
       2
       0
       2
       4
       2
       1
       2
       2
       5
       1
       2
       2
       3
       2
       2
       2
       4
       3
       0
       4
       3
       3
       1
       2
       1
       1
       2
       3
       0
       4
       2
       1
       2
       3
       4
       3
       2
       1
       1
       1
       0
       0
       4
       0
       2
       1
       2
       3
       4
       1
       1
       0
       1
       1
       1
       0
       1
       1
       0
       1
       1
       1
       1
       3
       1
       4
       3
       3
       3
       2
       3
       3
       1
       3
       5
       2
       2
       1
       1
       1
       1
       2
       3
       2
       4
       1
       2
       2
       1
       2
       1
       2
       1
       2
       3
       1
       0
       1
       2
       4
       1
       1
       0
       3
       2
       1
       4
       3
       1
       4
       5
       0
       2
       4
       1
       1
       2
       2
       4
       1
       3
       2
       4
       1
       4
       3
       1
       2
       1
       3
       3
       3
       3
       4
       1
       1
       1
       5
       5
       8
       7
       3
       7
       3
       0
       6
       4
       4
       0
       1
       2
       3
       3
       2
       1
       0
       0
       4
       3
       1
       1
       2
       3
       1
       3
       2
       3
       1
       1
       0
       3
       3
       2
       2
       0
       2
       0
       4
       2
       2
       3
       1
       0
       1
       2
       0
       0
       2
       1
       0
       2
       1
       1
       4
       1
       1
       2
       1
       1
       2
       3
       3
       2
       1
       1
       1
       1
       0
       0
       0
       0
       0
       0
       0
       1
       5
       0
       2
       3
       2
       1
       1
       1
       4
       0
       1
       2
       2
       3
       0
       4
       0
       0
       2
       1
       0
       1
       2
       1
       1
       1
       1
       1
       0
       0
       1
       2
       1
       2
       1
       1
       2
       1
       3
       1
       2
       1
       2
       0
       3
       2
       0
       2
       1
       0
       0
       3
       1
       2
       1
       0
       0
       1
       0
       1
       0
       3
       2
       3
       2
       1
       0
       2
       1
       0
       2
       3
       4
       0
       1
       0
       0
       0
       0
       0
       3
       3
       4
       1
       2
       3
       0
       2
       3
       2
       5
       1
       1
       0
       4
       2
       1
       2
       0
       3
       1
       2
       0
       0
       1
       3
       2
       1
       2
       1
       2
       1
       5
       0
       1
       3
       0
       2
       1
       1
       1
       1
       0
       2
       1
       2
       2
       0
       2
       1
       2
       0
       0
       1
       1
       2
       0
       1
       2
       1
       3
       3
       0
       1
       1
       1
       4
       3
       0
       0
       2
       1
       1
       0
       1
       1
       2
       0
       0
       1
       1
       3
       2
       2
       0
       2
       1
       3
       0
       2
       0
       1
       2
       1
       2
       1
       1
       2
       2
       2
       3
       3
       0
       0
       1
       2
       2
       1
       0
       0
       0
       1
       0
       1
       0
       1
       1
       2
       0
       1
       1
       1
       2
       1
       0
       0
       0
       0
       0
       2
       0
       3
       2
       1
       0
       1
       1
       0
       1
       2
       1
       3
       0
       2
       0
       1
       1
       0
       0
       1
       1
       1
       1
       1
       0
       0
       0
       1
       1
       3
       0
       4
       1
       3
       3
       0
       2
       0
       0
       3
       2
       2
       0
       0
       1
       3
       0
       2
       1
       1
       0
       0
       1
       3
       1
       0
       2
       1
       2
       1
       0
       0
       1
       1
       0
       0
       0
       2
       0
       2
       2
       0
       0
       0
       4
       1
       1
       1
       1
       1
       0
       1
       0
       0
       0
       0
       1
       0
       0
       0
       1
       2
       0
       1
       1
       1
       2
       0
       0
       2
       0
       1
       0
       1
       0
       3
       2
       1
       1
       2
       0
       0
       1
       0
       1
       1
       1
       1
       3
       0
       0
       0
       0
       1
       1
       1
       0
       1
       2
       0
       0
       0
       2
       0
       0
       1
       0
       0
       2
       0
       0
       3
       1
       2
       2
       1
       1
       0
       0
       0
       0
       2
       0
       1
       0
       1
       1
       0
       0
       1
       0
       1
       0
       0
       3
       1
       0
       0
       3
       1
       1
       3
       0
       2
       2
       0
       0
       0
       0
       0
       1
       0
       1
       1
       0
       0
       0
       1
       0
       0
       1
       0
       1
       0
       0
       0
       0
       3
       0
       0
       1
       1
       0
       1
       0
       1
       1
       1
       0
       0
       0
       0
       0
       1
       0
       0
       1
       1
       0
       3
       2
       0
       0
       0
       0
       1
       1
       0
       2
       0
       1
       0
       1
       0
       0
       2
       0
       0
       1
       0
       0
       1
       0
       0
       0
       1
       1
       1
       1
       0
       0
       0
       0
       1
       1
       1
       2
       2
       0
       1
       1
       3
       0
       4
       2
       2
       3
       1
       1
       2
       1
       1
       0
       0
       0
       0
       0
       1
       0
       0
       0
       2
       0
       0
       1
       1
       0
       2
       0
       4
       2
       2
       2
       2
       2
       1
       1
       1
       0
       4
       0
       1
       1
       0
       1
       3
       0
       1
       1
       0
       1
       0
       1
       0
       0
       3
       0
       1
       0
       0
       0
       1
       0
       1
       1
       0
       1
       0
       0
       0
       0
       1
       0
       0
       1
       0
       0
       0
       0
       2
       1
       0
       0
       2
       0
       1
       0
       0
       1
       2
       1
       0
       0
       2
       1
       0
       2
       0
       0
       1
       1
       0
       0
       0
       0
       0
       0
       0
       1
       0
       0
       0
       2
       0
       0
       0
       2
       1
       0
       1
       0
       2
       1
       1
       3
       1
       1
       1
       0
       1
       0
       0
       0
       0
       0
       1
       0
       0
       0
       1
       1
       0
       0
       1
       2
       0
       1
       1
       0
       1
       0
       0
       0
       2
       0
       0
       0
       0
       0
       2
       2
       1
       1
       0
       1
       1
       0
       0
       2
       0
       0
       0
       1
       0
       0
       1
       0
       0
       0
       0
       0
       1
       0
       0
       0
       1
       0
       1
       2
       0
       1
       0
       1
       0
       2
       1
       0
       1
       0
       0
       0
       1
       0
       1
       1
       0
       1
       0
       1
       0
       1
       0
       0
       1
       1
       1
       2
       0
       1
       0
       0
       1
       1
       0
       0
       0
       0
       0
       0
       0
       1
       0
       4
       0
       0
       2
       1
       1
       0
       0
       0
       1
       0
       0
       0
       1
       0
       1
       0
       2
       1
       1
       0
       0
       1
       1
       0
       0
       1
       0
       0
       0
       1
       1
       0
       0
       0
       1
       2
       3
       0
       0
       0
       1
       1
       1
       0
       1
       0
       1
       0
       0
       0
       1
       1
       0
       0
       0
       0
       0
       0
       0
       0
       1
       1
       0
       1
       0
       1
       0
       1
       0
       0
       0
       0
       1
       0
       2
       1
       2
       1
       1
       1
       0
       2
       1
       2
       3
      11
       8
       6
      15
      17
      16
      29
      42
      49
      44
      46
      50
      41
      46
      35
      16
      15
      23
      10
       2
       7
       5
       2
       1
       1
       0
       2
       0
       1
       2
       1
       0
       0
       0
       0
       0
       1
       1
       0
       0
       1
       0
       0
       0
       0
       1
       0
       1
       0
       0
       0
       0
       1
       0
       1
       1
       0
       0
       0
       1
       1
       0
       0
       1
       2
       2
       0
       1
       0
       0
       0
       0
       0
       0
       0
       0
       0
       2
       0
       0
       0
       0
       2
       0
       2
       0
       0
       1
       0
       0
       1
       0
       2
       0
       0
       1
       0
       1
       1
       0
       1
       0
       1
       0
       1
       1
       1
       1
       0
       0
       0
       0
       1
       1
       0
       1
       3
       0
       0
       0
       0
       0
       0
       2
       0
       0
       2
       1
       0
       0
       0
       0
       0
       0
       0
       0
       1
       0
       0
       0
       0
       0
       1
       1
       1
       0
       0
       1
       1
       3
       0
       0
       0
       0
       1
       0
       0
       0
       0
       1
       1
       0
       0
       1
       0
       0
       1
       1
       0
       0
       0
       0
       0
       1
       1
       0
       1
       0
       0
       1
       0
       0
       1
       0
       2
       1
       1
       1
       0
       0
       0
       2
       1
       0
       0
       1
       0
       1
       1
       1
       0
       0
       0
       0
       1
       1
       1
       0
       0
       1
       0
       0
       1
       0
       0
       2
       0
       0
       0
       0
       1
       0
       0
       1
       0
       2
       0
       0
       0
       0
       1
       1
       0
       0
       0
       0
       1
       0
       0
       0
       1
       0
       0
       1
       0
       0
       0
       0
       1
       1
       0
       1
       1
       1
       0
       0
       0
       0
       1
       0
       0
       0
       0
       0
       0
       0
       0
       0
       0
       0
       0
       0
       0
       2
       1
       0
       0
       0
       1
       2
       0
       0
       0
       0
       0
       0
       1
       0
       1
       0
       0
       0
       1
       1
       1
       0
       1
       0
       0
       0
       0
       1
       0
       0
       0
       0
       0
       1
       1
       1
       1
       0
       0
       2
       1
       1
       1
       3
       0
       0
       1
       0
       0
       0
       1
       0
       0
       1
       0
       0
       1
       0
       0
       1
       0
       0
       0
       0
       0
       1
       0
       1
       0
       0
       0
       0
       1
       1
       0
       0
       0
       0
       0
       1
       0
       1
       0
       1
       0
       0
       0
       0
       0
       0
       0
       0
       0
       1
       0
       0
       0
       0
       0
       0
       0
       0
       1
       0
       0
       1
       0
       1
       0
       0
       1
       0
       1
       1
       0
       0
       0
       0
       1
       0
       0
       0
       0
       0
       0
       0
       0
       2
       0
       1
       0
       2
       0
       0
       0
       0
       1
       0
       0
       0
       0
       0
       1
       0
       0
       0
       0
       1
       0
       0
       0
       0
       0
       1
       1
       0
       0
       2
       0
       0
       0
       0
       0
       0
       0
       0
       0
       0
       0
       2
       1
       0
       0
       0
       0
       1
       2
       0
       1
       0
       1
       0
       0
       0
       0
       1
       0
       0
       1
       0
       0
       0
       0
       0
       1
       0
       0
       1
       0
       0
       0
       0
       0
       3
       0
       0
       0
       0
       0
       1
       1
       0
       0
       0
       1
       1
       3
       0
       0
       0
       0
       1
       0
       0
       0
       1
       0
       0
       0
       1
       0
       1
       1
       0
       2
       0
       1
       1
       1
       1
       1
       1
       1
       0
       1
       0
       0
       1
       1
       0
       0
       0
       0
       0
       1
       1
       0
       0
       1
       0
       1
       0
       0
       0
       0
       1
       3
       1
       0
       1
       0
       1
       1
       0
       2
       0
       0
       0
       1
       1
       1
       1
       0
       1
       0
       0
       0
       0
       1
       0
       0
       0
       0
       0
       0
       0
       0
       0
       0
       0
       0
       0
       0
       0
       2
       0
       0
       0
       0
       0
       0
       0
       0
       0
       1
       0
       0
       1
       0
       0
       0
       1
       0
       0
       0
       1
       0
       1
       1
       2
       0
       0
       0
       0
       0
       0
       1
       1
       0
       0
       0
       0
       0
       2
       0
       0
       0
       0
       0
       0
       0
       1
       0
       0
       0
       2
       0
       0
       0
       0
       0
       0
       0
       1
       2
       0
       0
       1
       0
       0
       1
       0
       1
       0
       0
       0
       1
       0
       0
       2
       0
       0
       0
       0
       0
       0
       0
       0
       0
       0
       0
       0
       2
       0
       0
       0
       1
       0
       1
       0
       1
       1
       0
       2
       0
       0
       0
       2
       0
       0
       0
       1
       0
       0
       0
       0
       1
       0
       0
       0
       0
       3
       0
       0
       0
       0
       0
       0
       1
       0
       0
       0
       0
       0
       0
       0
       0
       1
       1
       0
       0
       0
       1
       0
       0
       0
       0
       0
       0
       0
       0
       0
       0
       0
       1
       0
       0
       0
       0
       0
       1
       1
       0
       0
       0
       0
       0
       0
       0
       0
       0
       0
       0
       0
       0
       0
       0
       0
       0
       0
       0
       0
       0
       0
       0
       0
       0
       0
       0
       0
       0
       0
       1
       0
       0
       0
       1
       0
       0
       0
       1
       0
       0
       0
       0
       0
       0
       0
       0
       0
       0
       0
       1
       0
       0
       0
       1
       0
       0
       0
       0
       0
       1
       0
       0
       1
       3
       0
       1
       0
       0
       1
       0
       0
       0
       0
       0
       0
       0
       0
       0
       0
       0
       0
       0
       0
       0
       1
       0
       0
       0
       1
       0
       0
       0
       0
       0
       0
       0
       0
       0
       0
       0
       0
       0
       0
       0
       0
       0
       0
       1
       0
       0
       0
       0
       0
       0
       1
       2
       1
       0
       0
       0
       0
       0
       0
       1
       1
       0
       0
       0
       0
       0
       0
       0
       0
       0
       0
       1
       0
       0
       0
       0
       0
       0
       0
       0
       0
       0
       0
       0
       0
       0
       0
       0
       0
       0
       0
       0
       0
       0
       0
       0
       1
       0
       0
       0
       0
       0
       0
       0
       2
       0
       0
       0
       1
       1
       0
       0
       0
       0
       0
       0
       1
       2
       1
       1
       0
       0
       0
       1
       0
       0
       1
       0
       0
       0
       0
       0
       0
       0
       1
       0
       0
       0
       0
       0
       0
       0
       0
       1
       0
       0
       0
       0
       0
       0
       0
       1
       0
       0
       0
       1
       0
       0
       2
       0
       0
       0
       0
       1
       0
       0
       0
       1
       0
       0
       0
       0
       0
       0
       0
       0
       0
       0
       0
       0
       0
       0
       0
       0
       0
       0
       0
       0
       0
       0
       0
       0
       0
       0
       0
       0
       0
       0
       0
       0
       0
       1
       0
       0
       0
       0
       0
       0
       0
       0
       0
       0
       0
       0
       0
       0
       0
       0
       0
       0
       0
       1
       0
       0
       0
       1
       0
       0
       0
       0
       0
       0
       0
       0
       0
       0
       0
       1
       0
       1
       0
       0
       0
       0
       1
       0
       0
       0
       1
       0
       0
       0
       0
       0
       0
       0
       0
       1
       1
       0
       0
       1
       2
       0
       2
       0
       1
       1
       2
       0
       0
       0
       1
       0
       0
       0
       0
       1
       0
       1
       0
       0
       1
       0
       0
       0
       0
       0
       0
       0
       0
       0
       0
       0
       1
       0
       0
       0
       0
       0
       0
       0
       1
       0
       0
       0
       0
       1
       1
       0
       0
       0
       0
       0
       0
       0
       0
       0
       0
       0
       0
       0
       1
       0
       0
       1
       0
       0
       0
       0
       0
       0
       0
       0
       0
       0
       1
       0
       0
       0
       0
       0
       0
       0
       0
       0
       0
       1
       1
       0
       0
       0
       0
       0
       0
       0
       0
       1
       0
       0
       0
       0
       0
       0
       0
       0
       1
       0
       0
       0
       1
       0
       0
       0
       0
       0
       0
       1
       1
       0
       0
       0
       1
       0
       0
       0
       0
       0
       0
       0
       1
       0
       2
       3
       1
       2
       2
       6
       4
       8
       1
       7
       5
       2
       2
       3
       1
       0
       0
       1
       1
       0
       0
       0
       0
       1
       0
       1
       0
       0
       0
       0
       0
       1
       0
       0
       0
       0
       0
       1
       0
       0
       1
       0
       0
       0
       0
       0
       0
       0
       0
       0
       1
       0
       0
       0
       0
       0
       0
       0
       0
       0
       1
       0
       0
       0
       0
       0
       0
       0
       0
       0
       0
       0
       0
       0
       0
       0
       0
       0
       0
       0
       1
       0
       0
       0
       0
       0
       0
       0
       0
       1
       0
       1
       0
       0
       0
       0
       0
       0
       0
       0
       0
       1
       0
       0
       0
       0
       0
       2
       0
       0
       0
       0
       0
       0
       0
       0
       0
       0
       1
       0
       0
       0
       0
       0
       0
       0
       0
       0
       0
       1
       0
       0
       0
       0
       0
       0
       0
       0
       0
       0
       1
       0
       0
       0
       0
       1
       0
       0
       0
       0
       0
       0
       0
       0
       0
       0
       0
       0
       0
       2
       0
       0
       1
       0
       0
       1
       0
       0
       1
       0
       0
       0
       0
       0
       1
       1
       1
       0
       0
       1
       1
       0
       0
       0
       0
       0
       0
       0
       0
       0
       0
       0
       1
       0
       0
       0
       0
       0
       0
       0
       0
       0
       0
       1
       0
       0
       0
       1
       0
       0
       0
       0
       0
       0
       0
       0
       0
       0
       0
       0
       1
       0
       0
       0
       0
       0
       0
       0
       0
       0
       0
       0
       0
       0
       0
       0
       0
       0
       1
       0
       1
       1
       0
       0
       0
       0
       0
       0
       0
       0
       0
       0
       0
       0
       1
       0
       0
       0
       0
       0
       0
       0
       0
       1
       0
       0
       0
       1
       0
       0
       1
       0
       0
       0
       0
       0
       0
       0
       0
       1
       0
       0
       0
       1
       0
       0
       0
       0
       0
       0
       0
       0
       0
       0
       0
       0
       0
       0
       0
       1
       0
       0
       0
       0
       1
       0
       0
       0
       0
       0
       0
       0
       0
       0
       0
       0
       0
       0
       0
       0
       0
       0
       0
       1
       1
       2
       1
       1
       1
       0
       1
       0
       2
       0
       0
       0
       1
       0
       0
       3
       0
       1
       0
       1
       0
       0
       0
       0
       0
       0
       0
       0
       0
       1
       0
       0
       0
       0
       1
       0
       0
       0
       0
       0
       0
       0
       0
       0
       0
       0
       0
       0
       0
       3
       0
       1
       0
       0
       0
       1
       0
       0
       0
       0
       0
       0
       0
       0
       0
       1
       0
       0
       0
       0
       0
       0
       0
       0
       0
       0
       0
       0
       0
       0
       0
       0
       0
       0
       0
       0
       0
       0
       1
       0
       0
       0
       0
       0
       0
       0
       0
       0
       0
       0
       0
       1
       0
       0
       0
       0
       1
       0
       1
       0
       0
       0
       0
       0
       0
       0
       0
       0
       0
       0
       0
       0
       0
       1
       1
       0
       1
       0
       1
       0
       0
       0
       0
       0
       0
       0
       0
       0
       0
       1
       0
       0
       0
       0
       0
       0
       0
       0
       0
       0
       0
       1
       0
       0
       0
       0
       0
       0
       0
       0
       0
       0
       0
       0
       1
       0
       0
       0
       1
       0
       0
       0
       0
       0
       0
       0
       0
       0
       0
       1
       0
       0
       0
       0
       0
       0
       0
       0
       0
       0
       1
       0
       0
       0
       0
       0
       0
       0
       1
       0
       0
       0
       0
       1
       0
       0
       0
       0
       0
       0
       1
       0
       0
       0
       0
       0
       0
       0
       0
       0
       0
       0
       0
       0
       1
       0
       0
       0
       0
       0
       0
       0
       0
       0
       0
       0
       0
       0
       0
       0
       0
       0
       0
       0
       1
       0
       0
       0
       2
       1
       0
       0
       0
       0
       0
       0
       0
       0
       0
       0
       0
       0
       0
       0
       0
       1
       0
       0
       1
       0
       0
       0
       0
       0
       0
       0
       1
       0
       0
       0
       1
       0
       0
       0
       0
       0
       0
       1
       0
       0
       0
       0
       0
       1
       0
       0
       0
       0
       0
       0
       0
       0
       0
       0
       0
       0
       0
       1
       1
       0
       0
       0
       0
       0
       0
       0
       0
       0
       0
       0
       1
       1
       0
       0
       0
       0
       0
       0
       0
       0
       0
       0
       0
       0
       0
       1
       0
       0
       0
       0
       0
       0
       0
       0
       0
       1
       0
       1
       0
       0
       0
       0
       0
       0
       0
       0
       1
       1
       0
       0
       0
       1
       0
       0
       0
       0
       0
       0
       1
       0
       0
       0
       0
       0
       0
       0
       0
       0
       0
       0
       0
       1
       0
       0
       0
       1
       0
       0
       0
       0
       0
       0
       0
       0
       0
       0
       0
       0
       0
       0
       0
       1
       0
       0
       0
       0
       0
       0
       0
       0
       0
       1
       0
       0
       0
       0
       0
       0
       0
       0
       0
       0
       1
       0
       0
       0
       0
       0
       0
       0
       0
       1
       0
       0
       0
       0
       0
       0
       0
       0
       2
       0
       0
       0
       0
       0
       0
       0
       0
       1
       0
       0
       0
       0
       0
       0
       0
       0
       0
       0
       0
       0
       1
       1
       0
       0
       1
       0
       0
       0
       0
       0
       0
       1
       0
       0
       0
       0
       0
       0
       0
       0
       0
       0
       0
       1
       0
       0
       0
       1
       0
       0
       1
       0
       0
       1
       0
       0
       1
       0
       0
       1
       0
       0
       0
       1
       1
       1
       1
       0
       0
       0
       0
       0
       0
       0
       0
       0
       0
       0
       0
       0
       0
       0
       0
       0
       0
       0
       0
       0
       0
       0
       1
       0
       0
       0
       0
       0
       0
       0
       0
       0
       0
       0
       0
       1
       0
       0
       0
       0
       1
       0
       0
       0
       0
       0
       0
       0
       0
       0
       0
       0
       0
       1
       1
       0
       0
       0
       0
       1
       0
       0
       0
       0
       0
       1
       0
       0
       0
       1
       0
       0
       1
       0
       0
       0
       1
       0
       0
       0
       0
       0
       0
       0
       0
       0
       0
       0
       0
       1
       0
       0
       0
       0
       0
       0
       0
       0
       0
       0
       0
       0
       0
       0
       0
       0
       0
       1
       1
       0
       0
       0
       0
       0
       0
       0
       1
       0
       0
       0
       1
       1
       0
       0
       0
       0
       0
       0
       0
       0
       0
       0
       0
       0
       1
       0
       0
       0
       0
       0
       0
       1
       1
       0
       1
       1
       0
       0
       1
       1
       0
       0
       0
       0
       0
       0
       0
       0
       0
       0
       0
       0
       0
       0
       1
       0
       0
       0
       0
       0
       0
       0
       0
       0
       0
       0
       1
       0
       0
       0
       0
       0
       0
       1
       0
       0
       0
       0
       0
       0
       0
       0
       0
       2
       0
       1
       1
       0
       0
       0
       0
       0
       0
       0
       0
       0
       0
       0
       1
       1
       0
       0
       1
       0
       0
       0
       1
       0
       0
       0
       0
       0
       1
       0
       0
       0
       0
       0
       0
       0
       0
       0
       0
       0
       0
       1
       1
       0
       0
       0
       0
       0
       0
       0
       1
       0
       0
       1
       0
       0
       0
       0
       0
       0
       0
       0
       0
       0
       0
       0
       0
       0
       0
       1
       0
       0
       0
       0
       0
       1
       0
       0
       0
       0
       0
       0
       0
       0
       0
       0
       0
       0
       0
       0
       1
       0
       0
       0
       0
       0
       0
       0
       0
       0
       1
       0
       0
       0
       0
       0
       0
       1
       0
       0
       0
       1
       0
       0
       0
       1
       0
       0
       0
       0
       0
       0
       0
       1
       0
       0
       0
       0
       1
       0
       0
       0
       0
       0
       0
       0
       0
       0
       0
       0
       0
       0
       1
       0
       0
       1
       0
       0
       0
       0
       0
       0
       0
       0
       0
       0
       1
       0
       0
       0
       0
       0
       0
       0
       0
       0
       1
       0
       0
       0
       0
       0
       0
       0
       0
       0
       0
       0
       0
       0
       0
       0
       0
       0
       0
       0
       0
       0
       0
       0
       0
       0
       1
       0
       0
       0
       0
       0
       0
       1
       0
       0
       0
       0
       0
       0
       0
       0
       0
       0
       0
       0
       1
       0
       0
       0
       0
       0
       0
       0
       0
       0
       0
       0
       0
       0
       1
       0
       0
       0
       0
       0
       0
       0
       0
       0
       0
       0
       0
       0
       0
       1
       0
       0
       0
       0
       0
       0
       1
       0
       1
       0
       0
       1
       0
       1
$ROI:
11
224 244
765 907
1350 1411
1828 1908
2525 2667
2716 2799
3716 3817
4331 4427
4564 4622
5085 5259
5690 5768
$PRESETS:
Live Time
600
0
$ENER_FIT:
0.053689 0.255148
$MCA_CAL:
3
5.368913E-002 2.551478E-001 -1.853380E-009 keV
$SHAPE_CAL:
3
6.992400E+000 7.812671E-004 -3.508660E-008
