$SPEC_ID:
No sample description was entered.
$SPEC_REM:
DET# 1
DETDESC# GMX20P4 HPGe
AP# Maestro Version 7.01
$DATE_MEA:
11/27/2018 15:57:37
$MEAS_TIM:
600 602
$DATA:
0 8191
       0
       0
       0
       0
       0
       0
       0
       0
       0
       0
       0
       0
       0
       0
       0
       0
       0
       0
       0
       0
       0
       0
       0
       0
       0
       0
       0
       0
       0
       0
       0
       0
       0
       0
       0
       0
       0
       0
       0
       0
       0
       0
       0
       0
       0
       0
       0
       0
       9
      25
      70
      87
     111
      83
     118
     104
     118
      97
     119
     110
      93
     108
     127
     102
     136
     102
      95
     143
     138
     113
     137
     145
     148
     166
     172
     185
     186
     209
     236
     292
     276
     283
     275
     250
     234
     197
     156
     160
     146
     155
     172
     167
     169
     235
     208
     215
     244
     245
     250
     252
     200
     214
     259
     302
     340
     342
     394
     488
     504
     562
     664
     788
     844
     990
    1262
    1555
    2064
    2528
    3119
    3572
    3882
    3721
    3444
    2917
    2184
    1637
    1087
     730
     523
     440
     389
     438
     550
     654
     797
     934
     948
     979
     957
     929
     717
     596
     439
     294
     221
     171
     127
     102
      98
     107
      80
      87
      92
      80
      79
      87
      85
      93
      93
      84
      90
      89
      71
     104
      94
      88
      92
     120
      97
     113
      98
      84
      98
      94
     110
      90
     109
     115
     101
     122
     106
     105
     101
     121
     126
     118
     103
     130
     119
     128
     105
     112
     114
      98
     131
     128
     107
     122
     143
     132
     137
     161
     176
     185
     210
     201
     209
     248
     277
     244
     256
     215
     200
     167
     174
     154
     145
     160
     132
     147
     133
     154
     129
     133
     136
     153
     151
     163
     153
     159
     142
     143
     160
     186
     163
     166
     192
     167
     196
     178
     222
     220
     199
     214
     217
     194
     224
     286
     244
     245
     223
     239
     259
     265
     249
     258
     241
     257
     254
     277
     237
     265
     264
     275
     256
     257
     234
     256
     261
     246
     256
     254
     260
     260
     254
     276
     255
     247
     251
     252
     242
     248
     254
     233
     230
     207
     246
     201
     226
     208
     212
     191
     217
     218
     252
     226
     238
     235
     217
     216
     240
     220
     226
     249
     218
     246
     258
     312
     384
     462
     585
     738
    1029
    1368
    1754
    2117
    2325
    2477
    2415
    2245
    1723
    1315
    1012
     669
     439
     279
     198
     197
     150
     128
     139
     142
     127
     149
     132
     123
     136
     121
     132
     156
     127
     133
     132
     143
     131
     170
     123
     149
     134
     159
     137
     147
     145
     133
     139
     148
     121
     144
     129
     132
     146
     117
     143
     134
     152
     156
     125
     132
     126
     123
     164
     128
     129
     116
     135
     139
     141
     156
     156
     143
     138
     113
     152
     116
     146
     157
     134
     140
     138
     138
     134
     139
     134
     125
     140
     138
     163
     129
     142
     138
     151
     126
     159
     147
     149
     116
     127
     137
     133
     139
     131
     154
     114
     145
     126
     142
     140
     130
     123
     153
     130
     138
     139
     134
     155
     112
     139
     142
     145
     126
     140
     124
     125
     152
     143
     147
     139
     134
     136
     140
     134
     145
     139
     139
     130
     130
     130
     122
     133
     131
     136
     133
     139
     137
     110
     114
     128
     141
     135
     139
     114
     123
     132
     128
     156
     140
     133
     115
     138
     143
     139
     114
     152
     147
     124
     124
     120
     100
     124
     127
     113
     121
     131
     137
     137
     148
     108
     131
     112
     112
     123
     116
     125
     110
     150
     145
     120
     126
     128
     124
     131
     136
     113
     121
     135
     123
     123
     135
     114
     121
     131
     121
     110
     135
     139
     110
     137
     128
     139
     124
     117
     119
     132
     122
     137
     131
      99
     123
     116
     130
     128
     125
     118
     120
     134
     132
     125
     132
     136
      93
     127
     143
     124
     123
     136
     119
     111
     139
     119
     140
     114
     134
     138
     116
     111
     112
     124
     110
     127
     124
     130
     127
     126
     117
     128
     119
     101
     130
     109
     129
     113
     116
     129
     129
     123
      99
     121
     137
     105
     106
     149
     124
     123
     155
     140
     128
     130
     133
     160
     122
     136
     121
     143
     142
     144
     138
     133
     127
     113
     123
     116
     128
     121
     124
     129
     122
     127
     137
     121
     119
     129
     129
     120
     126
     101
     110
     118
     126
     116
     139
     110
     115
     107
     143
     127
     122
     129
     143
     163
     154
     182
     159
     154
     162
     137
     112
     115
     114
      97
     105
     114
     111
     104
     139
     115
     121
     104
     104
     132
     110
     108
     106
     110
     117
     103
     109
      98
     113
     119
      95
     121
     101
     112
      87
     110
     112
     115
      98
     106
     103
     102
     106
      99
     109
     124
     115
     106
     109
     107
     109
      99
     108
     117
     105
     102
     114
     109
      99
     129
     100
     112
      95
      93
     119
      95
     113
      97
     116
     100
     108
      93
     103
      97
      97
     105
     103
     118
      93
     103
     104
      97
     114
      96
     104
     105
     107
     103
      98
     111
      88
      97
     107
     112
      86
     107
      88
     100
     113
     105
      95
     120
     120
     107
     104
     101
      97
     109
     102
     111
      94
     103
     101
      82
     109
      80
      99
     113
      72
      97
     104
      89
     104
      81
      96
      99
     114
     100
     100
      90
      93
      90
      91
     108
      79
      90
      92
      89
      97
     101
      92
     103
      97
      87
      79
     101
      92
      83
     124
      96
      85
      78
      95
     107
     100
      79
      83
      80
      81
     107
      91
      90
      93
      84
      92
     103
      82
      75
      82
      80
      90
      80
      82
      78
     104
      86
      81
      89
      84
      80
      75
      96
      64
      71
      97
      75
      66
      64
      77
      67
      69
      72
      64
      79
      75
      76
      61
      78
      68
      83
      64
      81
      67
      49
      70
      59
      53
      65
      57
      65
      71
      53
      65
      63
      73
      58
      69
      64
      75
      56
      65
      73
      55
      68
      62
      61
      45
      66
      63
      63
      59
      69
      54
      70
      62
      61
      54
      48
      47
      53
      65
      69
      53
      67
      72
      78
      88
      80
      78
      64
      59
      58
      62
      67
      68
      51
      57
      54
      52
      49
      67
      60
      43
      53
      56
      53
      44
      81
      48
      53
      45
      55
      55
      52
      51
      51
      53
      51
      51
      64
      54
      51
      51
      47
      51
      46
      51
      39
      41
      41
      57
      48
      52
      45
      55
      39
      48
      60
      53
      62
      46
      55
      50
      52
      67
      51
      62
      62
      63
      65
      60
      59
      51
      48
      34
      60
      47
      37
      39
      54
      48
      54
      52
      44
      47
      43
      33
      37
      45
      36
      41
      37
      48
      50
      45
      46
      38
      40
      47
      41
      33
      39
      48
      44
      37
      38
      41
      37
      40
      40
      32
      43
      39
      48
      44
      43
      41
      29
      37
      34
      33
      37
      42
      43
      38
      39
      30
      48
      44
      43
      42
      40
      26
      44
      33
      39
      35
      32
      46
      36
      43
      26
      41
      37
      29
      26
      33
      35
      26
      38
      42
      39
      47
      33
      29
      29
      26
      31
      36
      28
      28
      39
      49
      26
      42
      29
      38
      33
      45
      29
      34
      35
      29
      31
      31
      34
      35
      37
      37
      22
      27
      32
      29
      31
      35
      35
      30
      50
      32
      35
      33
      35
      32
      31
      30
      35
      29
      35
      33
      37
      31
      28
      31
      35
      36
      34
      43
      65
      94
     102
     140
     187
     223
     250
     285
     306
     247
     212
     197
     133
      86
      66
      48
      45
      31
      38
      24
      40
      31
      21
      20
      35
      23
      25
      25
      28
      45
      19
      20
      26
      23
      29
      24
      24
      32
      18
      30
      21
      22
      27
      27
      25
      33
      27
      28
      32
      22
      27
      38
      30
      24
      31
      23
      19
      26
      25
      30
      19
      31
      22
      34
      18
      34
      24
      20
      32
      26
      37
      29
      26
      31
      27
      28
      23
      36
      37
      38
      45
      45
      44
      41
      33
      33
      23
      32
      25
      28
      27
      19
      25
      22
      27
      30
      32
      21
      16
      25
      29
      36
      35
      65
     102
     173
     242
     326
     428
     514
     616
     627
     574
     561
     430
     318
     270
     142
      96
      74
      43
      32
      20
      24
      26
      22
      20
      24
      22
      23
      15
      19
      20
      20
      23
      16
      18
      18
      12
      14
      24
      12
      26
      21
      25
      23
      30
      18
      24
      32
      18
      26
      24
      15
      14
      15
      24
      23
      15
      21
      22
      20
      27
      13
      14
      22
      22
      16
      22
      30
      31
      22
      20
      17
      19
      17
      18
      10
      17
      23
      13
      18
      17
      21
      13
      21
      23
      30
      17
      17
      18
      24
      23
      14
      17
      18
      18
      18
      14
      20
      17
      19
      21
      25
      17
      14
      23
      14
      19
      17
      10
      20
      20
      17
      16
      18
      14
      18
      27
      26
      16
      16
      13
      22
      16
      21
      15
      17
      13
      16
      17
      23
      15
      16
      17
      19
      15
      20
      13
      13
      24
      20
      15
      19
      15
      19
      24
      21
      24
      20
      31
      13
      22
      23
      20
      20
      14
      14
      17
      21
      26
      17
      26
      18
      18
      12
      18
      16
      19
      21
      23
      17
      21
      13
      26
      17
      16
      15
      18
      22
      25
      15
      14
      16
      19
      15
      15
      26
      19
      14
      17
      17
      16
      16
      14
      24
      15
      19
      30
      39
      29
      41
      55
      39
      46
      44
      51
      38
      42
      62
      70
     142
     278
     394
     582
     885
    1166
    1418
    1573
    1730
    1709
    1504
    1273
    1031
     642
     451
     276
     170
     103
      49
      21
      13
      18
      11
      11
       6
      10
       8
       7
       6
      10
      14
      12
       8
      11
      11
       6
       9
      14
      11
       8
      10
      10
       6
       5
      14
      13
      13
       7
      12
      15
       6
       5
      12
       8
       2
       9
       6
       7
       7
       9
       7
      11
       9
       6
      17
       7
       5
      11
       3
       7
      11
       7
      14
      17
      10
      10
      11
       8
       9
      12
      11
       9
       5
       5
       7
      14
       5
      13
       7
       9
       9
      11
      13
       5
       7
       8
      12
      11
      11
       8
      12
       8
      10
       8
       9
       8
      11
       9
      12
      28
      31
      59
      96
     103
     178
     205
     236
     234
     222
     192
     170
     150
     136
      78
      35
      35
      25
      10
      15
      13
      11
      12
       6
       6
      13
       6
       6
       6
      13
       7
       6
       7
      10
       5
       9
       9
      11
       4
      11
      12
       2
       9
       7
       5
      10
       5
       7
       8
       8
       6
       8
       6
      10
       7
      16
       5
       8
       4
       8
       4
       6
       7
       5
       6
       8
       7
       9
       4
       6
       7
       7
       9
      10
       5
       6
       7
       7
       6
       8
       7
       9
      10
       5
      10
       9
      10
       5
       8
       7
       2
      11
       8
       8
       8
       9
       9
      10
       9
       7
       4
       8
       2
      15
       5
       6
       9
      12
      11
      11
      10
       8
       7
      13
      14
       8
       8
       8
       8
       9
       5
       9
      10
       9
       5
       4
       6
      10
       6
      11
       6
       4
       5
       6
       8
       8
      11
       5
       6
       5
       6
      10
       9
       6
       6
       7
       6
       8
       7
       4
       4
       4
       7
       5
       6
       7
       6
       8
       5
       9
       4
       9
      10
       4
       9
       5
       7
       9
       7
      12
       8
      13
       3
       6
      10
       5
       4
       9
       4
       9
       7
       6
       5
       4
       5
      13
       6
       6
       7
       5
       5
       8
      12
       6
       5
       7
       6
       9
      10
       9
       3
       8
       7
       4
       4
       7
       7
       9
       8
       2
       8
      10
      10
      10
      10
      11
       6
       4
      10
      12
       5
       3
      11
       4
       7
       3
       7
       4
       6
       3
       5
       5
       9
       4
       7
       7
       3
       7
       4
       6
       5
       9
       9
       4
       4
       2
       5
      11
       8
       5
      10
       7
       9
       5
       7
       8
       9
       4
       7
       7
       9
       5
       3
       8
       2
       4
       2
       5
       4
       6
       7
       8
       7
       9
       8
       7
       4
       7
       4
      11
       6
       7
       6
       5
       6
       7
       5
       9
       5
       7
       5
       5
       7
       5
       7
       3
       4
       3
       4
       7
       3
       6
       6
       8
       4
       7
       1
       5
       6
       8
      10
       4
       5
       4
       6
       6
       4
       4
      10
       9
       8
       6
       6
      11
       5
      10
       5
       6
       7
       9
       5
       7
       5
      10
       4
       5
       8
       6
       7
       7
       5
       9
       6
       6
       6
       3
       5
       5
       9
       3
       2
       8
       4
       6
       6
       4
       3
       5
       9
       3
       5
       5
       5
       5
       8
       7
       5
       5
       4
       5
       5
       5
       4
       3
       5
       4
       6
       3
       6
       8
       8
       5
       2
       3
       4
      11
       6
       8
       1
       5
       6
       3
      15
       8
       9
       5
       8
       2
       4
       3
       4
       2
       5
       7
       3
       5
       4
       8
       7
       8
       5
       4
       3
       6
       3
       2
       2
       6
       2
       6
       4
       4
       7
       6
       7
       3
       0
       5
       3
       5
       6
       6
       7
       5
       4
       3
       3
       3
       3
       7
       4
       1
       5
       2
       4
       6
       3
       6
       3
       6
       4
       3
       7
       6
       5
       4
       4
       7
       2
       1
       6
       3
       8
       6
       7
       4
       4
       7
       7
       4
       6
       6
       4
       6
       1
       3
       4
       8
       3
       2
       3
       4
       5
       3
      12
       9
       5
       5
       5
       6
       6
       3
       2
       7
       6
       8
      11
       0
       6
       8
       4
      14
       6
      11
       9
      13
      10
      11
      13
      10
       7
       7
       6
       3
       7
       5
      10
       6
       6
       4
       4
       5
       9
       1
       4
       4
       6
       2
       4
       2
       7
       9
       6
       3
       4
       9
       4
       3
       7
       3
       6
       2
       3
       6
       2
       4
       3
       3
       1
       2
       3
       7
       4
       7
       5
       5
       2
       4
       4
       3
       1
       7
       7
       4
       5
       6
       2
       3
       2
       3
       3
       6
       2
       8
       0
       6
       1
       8
       5
       2
       6
       5
       2
       4
       8
       1
       5
       8
       4
       6
       8
       2
       3
       7
       6
       3
       4
       9
       6
       4
       7
       6
       6
       0
       5
       2
       2
       4
       3
       5
       5
       7
       4
       2
       4
       2
       7
       6
       5
       8
       2
       3
       6
       4
       6
       4
       2
       4
       3
       3
       3
       2
       2
       5
       4
       2
       3
       4
       5
       9
       3
       5
       4
       4
      11
       3
       0
       7
       6
       1
       5
       5
       7
       3
       6
       2
       5
       9
       0
       2
       3
       0
       3
       7
       1
       5
       3
       5
       6
       5
       2
       1
       3
       6
      10
       1
       4
       3
       5
       2
       3
       5
       6
       4
       3
       1
       4
       8
       1
       6
       3
       5
       3
       2
       8
       2
       3
       8
       7
       4
       3
       8
       4
       5
       5
       5
       8
       4
       5
       6
       5
       5
       9
       2
       4
       2
       5
       5
       3
       8
       6
       2
       4
       3
       6
       6
       6
       5
       3
       5
       3
       4
       4
       8
       4
       1
       5
       3
       6
       2
       3
       5
       2
       6
       4
       8
       9
       6
       3
       1
       2
       4
       4
       4
       2
       2
       7
       2
       4
       3
       2
       5
       4
       2
       5
       6
       5
       1
       5
       5
       2
       6
       5
       2
       2
       1
       2
       7
       6
       4
      10
       4
       4
       4
       8
      10
      11
      15
      10
      12
       5
      12
       7
       7
      14
       6
       9
       3
       5
       4
       4
       7
       2
       6
       1
       3
       0
       5
       3
       5
       2
       5
       2
       4
       3
       3
       3
       2
       4
       8
       0
       2
       4
       2
       3
       2
       6
       2
       7
       1
       4
       3
       4
       2
       1
       2
       1
       4
       2
       3
       3
       5
       3
       4
       2
       3
       7
       1
       4
       5
       2
       4
       4
       2
       4
       5
       4
       4
       1
       3
       6
       3
       2
       2
       4
       4
       4
       4
       3
       3
       5
       1
       3
       6
       1
       4
       3
       0
       4
       7
       5
       3
       0
      10
       8
      10
      16
      16
      16
      26
      24
      28
      27
      15
      32
      16
      10
      11
       4
       8
       4
       4
       3
       5
       2
       2
       2
       4
       5
       2
       1
       1
       3
       2
       9
       1
       2
       3
       1
       4
       3
       2
       5
       6
       5
       4
       2
       4
       2
       3
       4
       4
       0
       3
       1
       2
       2
       2
       5
       4
       3
       3
       3
       4
       5
       2
       2
       8
       0
       0
       7
       1
       1
       7
       2
       4
       3
       2
       1
       3
       2
       4
       4
       3
       1
       0
       2
       3
       2
       2
       4
       4
       3
       1
       1
       3
       5
       2
       0
       0
       4
       8
       0
       2
       3
       1
       5
       2
       3
       5
       1
       4
       4
       3
       7
       4
       2
       1
       4
       6
       5
       2
       3
       2
       2
       2
       2
       3
       2
       2
       1
       2
       3
       1
       2
       1
       1
       1
       0
       7
       6
       4
       3
       3
       3
       5
       4
       6
       4
       2
       1
       1
       4
       2
       7
       7
       4
       3
       7
       2
       2
       1
       2
       5
       1
       3
       4
       1
       3
       4
       1
       1
       4
       2
       3
       4
       2
       4
       3
       7
       6
       2
       2
       2
       0
       5
       2
       1
       1
       1
       2
       7
       4
       2
       3
       6
       1
       4
       3
       9
       8
       0
       2
       5
       1
       1
       1
       1
       2
       7
       2
       2
       2
      13
      11
      10
       6
      13
      15
      12
       5
       7
       6
       7
       3
       3
       1
       3
       4
       1
       5
       4
       5
       2
       1
       3
       5
       2
       2
       1
       0
       1
       2
       3
       4
       7
       4
       2
       1
       4
       2
       1
       3
       1
       3
       2
       0
       7
       6
       1
       1
       3
       3
       5
       1
       2
       2
       2
       4
       5
       3
       5
       4
       5
       4
       4
       1
       2
       2
       5
       4
       4
       2
       7
       5
       1
       1
       2
       0
       3
       0
       2
       1
       1
       0
       2
       6
       1
       1
       3
       5
       2
       3
       2
       2
       2
       3
       2
       0
       3
       1
       3
       4
       2
       3
       2
       4
       2
       1
       6
       3
       2
       1
       4
       1
       3
       2
       3
       3
       0
       2
       3
       4
       1
       5
       2
       1
       2
       3
       2
       2
       4
       6
       5
       3
       2
       1
       5
       5
       1
       5
       2
       3
       8
       3
       4
       5
       3
       3
       3
       5
       6
       3
       0
       1
       3
       3
       3
       3
       5
       2
       3
       3
       3
       2
       2
       2
       0
       0
       3
       5
       2
       5
       3
       5
       3
       3
       1
       1
       3
       1
       3
       4
       4
       2
       3
       3
       3
       1
       0
       1
       1
       3
       1
       1
       2
       5
       3
       2
       2
       4
       3
       5
       4
       1
       5
       0
       1
       1
       1
       1
       3
       5
       3
       4
       6
       1
       2
       2
       2
       6
       3
       3
       8
       3
       1
       2
       4
       3
       3
       1
       3
       2
       0
       2
       2
       3
       3
       1
       5
       2
       4
       3
       3
       6
       3
       4
       3
       1
       5
       2
       2
       3
       4
       3
       1
       1
       3
       2
       4
       5
       4
       8
       6
       5
       1
       3
       6
       2
       0
       4
       3
       0
       1
       1
       2
       2
       4
       0
       3
       1
       3
       0
       3
       1
       4
       5
       3
       1
       4
       3
       2
       8
       3
       1
       2
       3
       2
       2
       0
       3
       2
       3
       2
       4
       4
       1
       3
       1
       1
       3
       3
       3
       1
       3
       3
       3
       5
       6
       4
       5
       3
       6
       3
       0
       3
       6
       2
       3
       4
       1
       2
       0
       0
       2
       2
       3
       4
       1
       2
       3
       1
       5
       5
       2
       2
       0
       2
       2
       1
       1
       2
       3
       1
       2
       3
       2
       6
       2
       5
       3
       4
       1
       4
       2
       0
       2
       1
       3
       5
       4
       3
       2
       4
       2
       0
       4
       5
       1
       4
       0
       3
       5
       2
       2
       2
       3
       8
       4
       1
       2
       3
       1
       3
       2
       2
       1
       3
       3
       3
       1
       2
       2
       0
       2
       2
       2
       3
       3
       3
       5
       3
       1
       2
       2
       0
       2
       5
       1
       2
       4
       1
       5
       9
       4
       3
       7
       3
       3
       5
       3
       2
       0
       5
       4
       3
       2
       3
       1
       2
       1
       3
       1
       5
       1
       2
       3
       2
       2
       4
       2
       1
       2
       4
       1
       3
       1
       3
       2
       1
       1
       0
       4
       6
       2
       1
       4
       2
       2
       3
       2
       1
       3
       1
       2
       0
       0
       0
       2
       1
       3
       2
       1
       2
       2
       6
       3
       4
       3
       3
       1
       3
       2
       3
       3
       1
       2
       5
       4
       1
       3
       2
       1
       1
       2
       0
       3
       4
       5
       0
       2
       1
       3
       2
       2
       2
       1
       1
       2
       2
       4
       2
       0
       2
       3
       4
       5
       2
       3
       1
       6
       3
       2
       1
       6
       1
       1
       3
       2
       1
       4
       5
       2
       3
       0
       0
       3
       3
       3
       1
       2
       1
       2
       3
       1
       3
       5
       0
       2
       3
       1
       1
       2
       5
       1
       2
       1
       3
       1
       2
       4
       3
       6
       2
       3
       2
       2
       1
       6
       3
       0
       1
       3
       2
       2
       6
       2
       4
       4
       2
       0
       2
       2
       1
       0
       1
       4
       3
       1
       3
       1
       5
       3
       4
       4
       2
       1
       1
       6
       0
       2
       1
       1
       0
       2
       2
       0
       0
       1
       2
       3
       5
       3
       3
       3
       2
       5
       5
       3
       3
       1
       2
       1
       1
       4
       3
       2
       0
       2
       2
       1
       1
       2
       2
       1
       1
       1
       4
       5
       3
       0
       6
       2
       1
       3
       0
       0
       2
       1
       3
       1
       1
       2
       2
       3
       2
       3
       2
       1
       2
       2
       2
       2
       0
       3
       5
       1
       3
       1
       2
       1
       2
       2
       3
       2
       1
       0
       0
       1
       1
       1
       1
       1
       2
       1
       3
       2
       1
       2
       3
       3
       1
       4
       4
       2
       3
       5
       1
       2
       1
       0
       2
       2
       6
       2
       4
       0
       1
       1
       0
       1
       1
       2
       3
       3
       3
       0
       2
       1
       2
       3
       2
       0
       1
       6
       1
       1
       5
       1
       2
       1
       2
       2
       1
       4
       0
       3
       3
       2
       2
       1
       2
       2
       1
       0
       3
       5
       1
       2
       1
       0
       1
       1
       3
       2
       2
       0
       1
       1
       1
       4
       2
       2
       2
       1
       2
       5
       1
       3
       1
       1
       0
       0
       3
       6
       3
       1
       5
       2
       3
       2
       3
       2
       2
       0
       2
       2
       0
       4
       4
       0
       1
       3
       0
       4
       3
       1
       3
       2
       2
       2
       0
       2
       4
       2
       0
       3
       2
       0
       2
       0
       3
       1
       0
       2
       3
       0
       3
       2
       2
       4
       1
       3
       1
       2
       2
       4
       0
       1
       1
       4
       4
       2
       2
       0
       4
       1
       2
       2
       3
       5
       3
       1
       2
       3
       2
       3
       3
       3
       3
       1
       2
       3
       3
       1
       2
       2
       1
       2
       1
       0
       3
       0
       2
       0
       3
       1
       0
       4
       1
       2
       2
       1
       1
       2
       1
       1
       2
       2
       1
       2
       1
       3
       2
       1
       2
       1
       1
       0
       0
       2
       2
       3
       0
       1
       0
       3
       3
       1
       1
       0
       2
       2
       1
       2
       2
       1
       0
       1
       1
       1
       3
       3
       2
       3
       2
       1
       3
       0
       2
       0
       1
       4
       1
       4
       4
       0
       5
       1
       1
       0
       3
       3
       2
       1
       5
       2
       2
       2
       2
       2
       0
       4
       3
       2
       2
       2
       4
       0
       1
       2
       0
       0
       3
       2
       1
       1
       0
       2
       4
       1
       4
       0
       0
       5
       1
       2
       3
       2
       3
       6
       7
       8
       8
       3
       9
       8
      10
       7
       3
       3
       6
       2
       3
       1
       3
       1
       1
       0
       1
       3
       3
       2
       3
       5
       3
       0
       3
       4
       6
       1
       2
       3
       0
       0
       1
       2
       0
       0
       2
       0
       1
       0
       2
       1
       2
       1
       1
       2
       3
       4
       0
       1
       0
       4
       2
       1
       0
       0
       6
       1
       2
       0
       0
       3
       3
       1
       2
       3
       0
       0
       1
       3
       1
       1
       0
       1
       2
       0
       3
       1
       2
       2
       1
       1
       3
       0
       2
       0
       5
       1
       5
       2
       4
       2
       6
       3
       4
       0
       1
       3
       3
       0
       3
       1
       2
       2
       0
       4
       3
       1
       0
       1
       6
       1
       1
       2
       2
       2
       3
       1
       0
       3
       2
       3
       1
       2
       3
       0
       2
       2
       1
       1
       2
       2
       1
       4
       1
       2
       2
       0
       3
       3
       1
       3
       2
       2
       0
       2
       6
       1
       4
       2
       3
       5
       4
       1
       1
       5
       4
       1
       2
       3
       1
       2
       1
       1
       1
       2
       4
       0
       2
       4
       0
       1
       0
       2
       2
       1
       2
       0
       1
       2
       0
       3
       2
       4
       1
       1
       4
       2
       0
       1
       1
       0
       4
       2
       1
       1
       4
       1
       2
       1
       2
       1
       3
       2
       2
       1
       3
       3
       5
       2
       1
       3
       3
       1
       4
       4
       1
       4
       3
       2
       1
       3
       0
       2
       4
       3
       6
       5
       4
       5
       2
       7
       9
       3
       3
       3
       3
       3
       2
       0
       2
       0
       0
       2
       3
       2
       1
       1
       4
       1
       3
       2
       1
       3
       0
       5
       3
       2
       1
       1
       1
       2
       3
       2
       1
       1
       2
       2
       2
       2
       2
       1
       2
       0
       2
       2
       3
       1
       5
       2
       1
       2
       4
       0
       2
       3
       1
       2
       2
       1
       4
       1
       2
       3
       3
       2
       2
       3
       3
       1
       3
       3
       0
       1
       4
       1
       1
       1
       4
       3
       0
       1
       2
       1
       1
       4
       3
       0
       2
       6
       1
       1
       4
       0
       3
       2
       2
       0
       1
       0
       1
       4
       1
       1
       4
       0
       1
       3
       2
       3
       2
       2
       0
       1
       0
       4
       2
       3
       2
       4
       4
       3
       2
       1
       2
       4
       2
       2
       0
       2
       2
       2
       2
       3
       1
       3
       0
       2
       1
       3
       0
       2
       1
       3
       0
       1
       2
       2
       3
       2
       3
       1
       3
       2
       2
       0
       1
       3
       2
       0
       1
       0
       1
       1
       3
       2
       3
       3
       0
       0
       2
       3
       2
       1
       1
       1
       1
       1
       1
       2
       3
       3
       2
       3
       0
       0
       2
       0
       0
       1
       1
       1
       1
       1
       0
       2
       1
       2
       1
       0
       4
       0
       0
       3
       3
       1
       2
       3
       2
       3
       4
       0
       2
       1
       3
       4
       1
       0
       4
       1
       2
       1
       3
       0
       2
       1
       3
       1
       0
       2
       3
       3
       4
       1
       4
       1
       1
       0
       2
       0
       3
       5
       2
       2
       0
       0
       4
       2
       1
       1
       3
       2
       1
       3
       3
       0
       1
       4
       2
       4
       4
       1
       1
       2
       2
       3
       3
       2
       1
       1
       1
       2
       1
       4
       5
       4
       1
       2
       2
       5
       1
       1
       1
       2
       1
       2
       1
       3
       1
       2
       3
       2
       1
       0
       3
       1
       0
       3
       1
       3
       1
       3
       0
       2
       0
       3
       1
       0
       1
       2
       2
       2
       1
       2
       2
       1
       2
       2
       3
       2
       1
       0
       1
       1
       4
       1
       1
       1
       0
       1
       0
       2
       0
       2
       2
       0
       3
       2
       3
       0
       2
       1
       4
       3
       2
       2
       0
       3
       1
       2
       2
       3
       1
       3
       1
       2
       1
       3
       1
       4
       0
       2
       0
       0
       1
       4
       1
       0
       3
       1
       4
       2
       0
       1
       3
       1
       0
       1
       1
       2
       1
       1
       1
       1
       1
       4
       3
       3
       1
       1
       2
       2
       1
       1
       3
       2
       3
       1
       0
       2
       1
       1
       0
       3
       1
       2
       1
       4
       4
       1
       0
       1
       3
       1
       2
       1
       1
       3
       1
       1
       0
       2
       1
       3
       3
       1
       3
       3
       5
       2
       0
       2
       4
       3
       1
       4
       1
       2
       2
       2
       3
       0
       0
       3
       1
       1
       1
       0
       3
       2
       1
       2
       1
       0
       1
       0
       1
       1
       0
       1
       0
       1
       2
       0
       1
       1
       2
       1
       1
       2
       5
       4
       3
       4
       3
       2
       4
       3
       3
       1
       3
       2
       2
       2
       3
       0
       0
       2
       1
       3
       1
       0
       1
       1
       2
       1
       1
       0
       5
       0
       2
       0
       4
       5
       2
       1
       2
       0
       4
       5
       3
       3
       2
       1
       2
       2
       1
       2
       5
       3
       1
       1
       3
       3
       3
       1
       2
       3
       1
       2
       2
       4
       1
       1
       3
       1
       5
       0
       1
       0
       2
       0
       2
       0
       2
       2
       3
       1
       0
       3
       2
       0
       0
       1
       3
       0
       2
       2
       0
       2
       1
       3
       1
       0
       0
       1
       1
       1
       0
       1
       1
       2
       1
       0
       0
       0
       0
       2
       0
       0
       3
       1
       3
       3
       3
       4
       3
       3
       4
      13
       4
       6
       5
       6
       8
       6
       4
       4
       5
       5
       5
       2
       3
       2
       2
       0
       1
       5
       2
       1
       5
       5
       3
       3
       3
       3
       3
       3
       2
       2
       4
       0
       2
       1
       3
       1
       2
       3
       0
       1
       2
       1
       2
       3
       3
       1
       3
       0
       1
       0
       0
       1
       3
       2
       1
       8
       1
       1
       4
       2
       5
       2
       2
       2
       3
       3
       1
       3
       1
       2
       2
       3
       0
       0
       1
       2
       0
       0
       2
       1
       1
       0
       1
       1
       1
       0
       1
       0
       2
       1
       2
       3
       1
       2
       2
       2
       2
       0
       2
       0
       5
       1
       2
       1
       3
       0
       2
       1
       0
       2
       1
       6
       2
       4
       0
       1
       0
       0
       0
       1
       0
       0
       3
       3
       1
       1
       2
       0
       0
       1
       2
       1
       2
       2
       3
       2
       2
       3
       3
       4
       1
       3
       3
       2
       0
       4
       1
       1
       5
       0
       2
       3
       2
       2
       4
       2
       1
       1
       1
       1
       2
       1
       1
       1
       5
       2
       2
       4
       2
       2
       1
       3
       2
       0
       3
       0
       1
       1
       0
       5
       3
       3
       3
       3
       2
       1
       2
       1
       1
       3
       1
       0
       0
       1
       0
       1
       0
       1
       1
       3
       2
       3
       2
       3
       2
       1
       1
       0
       2
       1
       3
       1
       1
       2
       4
       2
       5
       2
       3
       3
       2
       1
       1
       1
       2
       1
       2
       1
       0
       1
       3
       4
       1
       3
       0
       0
       3
       3
       3
       1
       3
       1
       1
       0
       2
       3
       2
       1
       3
       2
       4
       0
       0
       1
       2
       3
       3
       2
       3
       2
       1
       0
       1
       0
       1
       1
       2
       0
       0
       1
       2
       2
       0
       2
       1
       1
       0
       6
       1
       2
       2
       2
       5
       0
       2
       2
       2
       0
       1
       4
       0
       2
       1
       0
       2
       5
       1
       2
       4
       1
       1
       4
       1
       0
       3
       3
       0
       1
       1
       1
       3
       2
       1
       2
       0
       1
       2
       1
       1
       1
       1
       0
       4
       2
       1
       1
       2
       2
       3
       1
       1
       3
       3
       3
       5
       3
       0
       1
       0
       0
       3
       2
       1
       0
       5
       2
       2
       1
       2
       4
       3
       2
       5
       2
       1
       1
       3
       3
       0
       2
       2
       1
       1
       2
       6
       1
       1
       3
       1
       2
       1
       3
       1
       4
       1
       4
       5
       3
       3
       2
       3
       3
       0
       4
       1
       1
       3
       2
       0
       1
       0
       3
       0
       2
       2
       2
       3
       1
       3
       1
       1
       3
       2
       1
       0
       2
       4
       3
       5
       2
       2
       3
       3
       2
       3
       0
       3
       2
       1
       5
       2
       1
       3
       1
       4
       2
       1
       2
       1
       0
       2
       5
       6
       2
       2
       0
       0
       0
       1
       1
       2
       0
       1
       1
       2
       2
       2
       0
       3
       3
       0
       0
       3
       2
       3
       1
       0
       1
       5
       1
       1
       6
       3
       5
       5
       5
       3
       3
       4
       1
       2
       3
       4
       1
       2
       2
       0
       2
       1
       0
       5
       3
       0
       1
       1
       1
       3
       2
       0
       1
       3
       0
       5
       1
       1
       4
       1
       0
       2
       2
       1
       2
       3
       1
       4
       3
       1
       0
       3
       0
       0
       3
       0
       3
       2
       2
       1
       0
       2
       1
       2
       0
       0
       0
       1
       1
       3
       1
       3
       3
       0
       2
       2
       0
       2
       1
       1
       0
       0
       2
       0
       1
       1
       0
       0
       2
       3
       1
       5
       1
       3
       1
       1
       1
       0
       2
       2
       1
       1
       2
       0
       0
       3
       0
       0
       1
       1
       0
       2
       0
       0
       2
       1
       1
       0
       0
       1
       3
       0
       0
       2
       0
       0
       0
       1
       2
       1
       1
       0
       2
       0
       1
       1
       1
       2
       4
       1
       0
       1
       0
       2
       1
       1
       1
       2
       3
       0
       1
       0
       1
       2
       5
       2
       0
       1
       0
       3
       0
       1
       3
       0
       2
       4
       0
       2
       1
       0
       3
       1
       1
       2
       1
       1
       1
       2
       1
       2
       1
       1
       1
       1
       2
       0
       1
       3
       0
       2
       1
       1
       1
       2
       1
       1
       1
       0
       5
       1
       0
       0
       0
       1
       0
       0
       3
       0
       0
       0
       1
       1
       0
       1
       0
       2
       0
       3
       0
       1
       1
       1
       1
       0
       2
       2
       1
       0
       4
       1
       1
       0
       3
       3
       0
       2
       0
       2
       1
       1
       1
       0
       1
       0
       1
       0
       1
       0
       2
       1
       3
       3
       1
       1
       2
       0
       0
       0
       1
       2
       2
       1
       0
       2
       1
       0
       3
       1
       1
       0
       1
       2
       1
       0
       2
       2
       2
       1
       2
       1
       1
       0
       0
       0
       1
       0
       3
       1
       0
       2
       1
       1
       4
       3
       0
       0
       0
       1
       1
       1
       1
       1
       0
       2
       2
       2
       2
       0
       0
       2
       0
       2
       0
       0
       0
       1
       1
       1
       3
       1
       1
       0
       1
       1
       1
       2
       1
       3
       3
       0
       2
       1
       1
       2
       3
       2
       1
       0
       0
       0
       1
       3
       2
       2
       1
       1
       1
       2
       2
       2
       0
       0
       2
       0
       1
       0
       1
       2
       1
       2
       2
       0
       1
       0
       0
       1
       0
       1
       0
       0
       1
       2
       0
       0
       0
       0
       0
       1
       2
       0
       1
       0
       0
       0
       2
       0
       1
       1
       1
       0
       2
       1
       1
       2
       1
       3
       0
       0
       0
       0
       1
       0
       0
       1
       0
       1
       1
       0
       2
       2
       0
       2
       3
       0
       0
       1
       0
       0
       1
       2
       2
       0
       0
       1
       0
       1
       1
       1
       1
       0
       3
       0
       0
       0
       0
       0
       2
       1
       1
       1
       0
       0
       0
       1
       0
       1
       0
       0
       2
       0
       0
       1
       2
       0
       1
       1
       0
       0
       0
       2
       3
       0
       0
       0
       0
       0
       1
       1
       1
       0
       0
       1
       3
       0
       0
       0
       0
       0
       0
       0
       0
       2
       1
       1
       1
       0
       0
       1
       2
       2
       0
       0
       2
       2
       0
       1
       0
       0
       1
       0
       0
       2
       0
       0
       3
       2
       0
       1
       0
       1
       0
       0
       0
       0
       3
       2
       1
       0
       0
       1
       0
       0
       1
       0
       0
       1
       1
       0
       1
       1
       3
       0
       0
       0
       3
       0
       0
       0
       1
       0
       1
       0
       1
       0
       2
       1
       1
       1
       3
       2
       2
       1
       3
       5
       3
       2
       2
       3
       1
       2
       0
       0
       1
       1
       0
       1
       0
       1
       0
       0
       0
       1
       0
       0
       0
       1
       0
       0
       0
       1
       0
       0
       2
       1
       0
       0
       0
       2
       1
       0
       1
       0
       0
       1
       0
       2
       1
       2
       0
       1
       2
       1
       0
       1
       1
       1
       0
       1
       3
       1
       1
       0
       0
       0
       0
       1
       0
       0
       0
       0
       0
       0
       0
       0
       1
       0
       2
       0
       1
       0
       1
       1
       1
       0
       4
       2
       0
       0
       0
       1
       3
       2
       1
       2
       1
       1
       1
       2
       0
       0
       1
       1
       1
       1
       0
       0
       1
       0
       0
       1
       1
       0
       1
       0
       1
       0
       1
       4
       0
       1
       0
       2
       0
       1
       2
       2
       1
       1
       3
       1
       2
       1
       1
       2
       0
       0
       0
       0
       0
       1
       0
       0
       0
       0
       2
       0
       0
       0
       0
       0
       0
       0
       1
       0
       1
       0
       0
       1
       0
       1
       1
       1
       1
       1
       0
       0
       0
       0
       0
       1
       2
       0
       0
       1
       0
       1
       0
       1
       1
       0
       0
       0
       0
       0
       1
       0
       0
       1
       1
       1
       0
       0
       0
       0
       0
       1
       1
       0
       0
       0
       0
       1
       0
       0
       1
       0
       1
       1
       0
       0
       2
       1
       1
       1
       0
       0
       0
       1
       0
       1
       0
       0
       0
       0
       0
       0
       1
       1
       1
       0
       0
       1
       2
       1
       0
       2
       1
       2
       0
       0
       0
       0
       1
       1
       0
       0
       0
       0
       0
       0
       1
       1
       1
       1
       0
       0
       1
       0
       1
       1
       2
       0
       1
       1
       0
       0
       0
       1
       1
       0
       1
       0
       1
       1
       0
       0
       0
       0
       1
       1
       0
       0
       2
       0
       2
       0
       0
       0
       0
       1
       0
       2
       1
       4
       0
       1
       0
       0
       0
       1
       0
       0
       0
       1
       1
       1
       0
       2
       0
       0
       1
       0
       0
       2
       1
       3
       2
       4
       5
       5
       9
      10
      14
      21
      23
      35
      36
      45
      50
      53
      50
      52
      47
      36
      32
      21
      17
      13
       8
       9
       6
       5
       0
       1
       0
       2
       0
       1
       0
       0
       0
       0
       0
       0
       0
       0
       1
       1
       1
       0
       0
       2
       0
       0
       0
       0
       0
       0
       0
       1
       0
       0
       0
       0
       0
       0
       0
       0
       0
       0
       1
       1
       0
       2
       0
       0
       0
       0
       1
       0
       1
       0
       1
       0
       1
       0
       1
       0
       0
       0
       0
       1
       1
       0
       1
       1
       0
       1
       0
       0
       0
       2
       0
       1
       1
       1
       2
       0
       0
       0
       0
       0
       0
       1
       0
       0
       0
       0
       1
       0
       1
       0
       1
       1
       0
       0
       0
       0
       0
       1
       0
       0
       0
       1
       0
       0
       2
       0
       0
       0
       0
       0
       0
       0
       2
       0
       0
       1
       2
       0
       0
       0
       0
       1
       0
       1
       0
       0
       1
       0
       0
       0
       1
       2
       0
       0
       1
       1
       0
       0
       0
       1
       0
       0
       1
       0
       0
       0
       0
       1
       1
       0
       0
       0
       0
       0
       1
       0
       1
       0
       1
       1
       0
       0
       0
       0
       1
       1
       0
       0
       0
       0
       2
       1
       0
       2
       1
       0
       0
       0
       0
       2
       1
       2
       1
       0
       1
       0
       0
       1
       0
       0
       0
       0
       0
       0
       0
       3
       0
       0
       0
       0
       0
       0
       0
       0
       0
       0
       0
       0
       0
       0
       0
       0
       0
       0
       2
       0
       0
       0
       0
       0
       0
       0
       0
       0
       0
       0
       0
       1
       2
       1
       0
       0
       2
       0
       0
       1
       0
       1
       0
       1
       0
       0
       0
       0
       1
       1
       0
       0
       0
       0
       0
       1
       1
       0
       0
       0
       0
       0
       1
       1
       0
       1
       0
       0
       0
       2
       0
       0
       0
       1
       1
       1
       0
       0
       0
       1
       0
       0
       0
       1
       0
       0
       0
       1
       1
       0
       1
       0
       1
       0
       0
       0
       0
       3
       1
       2
       0
       0
       1
       0
       0
       0
       1
       0
       0
       1
       1
       0
       0
       1
       1
       0
       1
       1
       0
       2
       1
       0
       0
       0
       0
       1
       1
       0
       1
       0
       0
       0
       0
       1
       0
       0
       0
       0
       0
       0
       1
       0
       0
       0
       0
       0
       1
       2
       0
       0
       0
       1
       0
       1
       1
       1
       0
       1
       0
       0
       0
       0
       0
       1
       1
       0
       0
       0
       0
       0
       0
       0
       0
       0
       1
       1
       0
       0
       0
       0
       0
       0
       0
       0
       0
       0
       1
       0
       1
       0
       0
       0
       0
       0
       2
       0
       0
       0
       0
       0
       0
       0
       0
       0
       0
       1
       1
       0
       0
       1
       0
       0
       0
       1
       0
       0
       0
       0
       0
       0
       1
       0
       2
       1
       0
       0
       0
       0
       0
       0
       2
       1
       0
       0
       0
       0
       0
       0
       0
       1
       0
       1
       0
       0
       0
       1
       0
       0
       0
       0
       2
       0
       0
       1
       0
       0
       0
       0
       0
       1
       0
       0
       0
       1
       0
       0
       1
       0
       1
       0
       0
       0
       3
       2
       0
       1
       0
       0
       0
       1
       0
       0
       0
       0
       0
       1
       2
       0
       2
       0
       0
       0
       0
       1
       3
       1
       0
       1
       0
       0
       1
       0
       0
       0
       2
       1
       1
       1
       1
       1
       1
       1
       1
       0
       0
       0
       1
       0
       0
       0
       0
       0
       0
       0
       1
       1
       0
       1
       0
       0
       0
       0
       0
       0
       0
       0
       0
       1
       0
       1
       0
       0
       1
       0
       0
       0
       1
       0
       0
       1
       0
       0
       0
       0
       0
       0
       0
       0
       0
       1
       0
       0
       0
       0
       0
       1
       0
       0
       0
       1
       1
       0
       0
       1
       0
       0
       1
       0
       2
       1
       0
       0
       0
       0
       0
       0
       2
       0
       0
       0
       0
       0
       0
       0
       0
       0
       0
       0
       0
       0
       1
       0
       0
       1
       1
       0
       0
       0
       0
       1
       0
       0
       0
       1
       0
       1
       0
       1
       0
       0
       0
       0
       2
       0
       1
       0
       0
       0
       0
       0
       2
       0
       1
       1
       0
       0
       0
       0
       0
       1
       0
       0
       0
       0
       0
       0
       0
       0
       0
       0
       0
       0
       0
       1
       1
       1
       0
       0
       0
       0
       0
       0
       0
       0
       0
       1
       1
       0
       0
       0
       0
       0
       0
       0
       0
       0
       1
       0
       3
       1
       0
       0
       0
       0
       0
       0
       0
       1
       0
       0
       0
       0
       0
       0
       0
       0
       0
       0
       0
       1
       0
       0
       0
       0
       0
       0
       0
       1
       0
       0
       0
       0
       0
       0
       0
       1
       0
       0
       0
       2
       0
       1
       0
       0
       0
       1
       0
       1
       0
       0
       0
       0
       0
       0
       0
       0
       1
       1
       0
       0
       0
       0
       0
       0
       0
       1
       0
       0
       0
       0
       0
       0
       0
       0
       0
       0
       0
       0
       0
       0
       0
       0
       1
       0
       0
       0
       0
       0
       0
       0
       0
       3
       1
       1
       0
       1
       0
       1
       0
       0
       2
       1
       1
       0
       0
       0
       0
       1
       0
       0
       0
       0
       0
       0
       0
       0
       0
       0
       0
       1
       1
       0
       0
       0
       0
       0
       0
       0
       0
       0
       1
       0
       0
       0
       0
       1
       0
       1
       0
       0
       0
       1
       0
       0
       0
       0
       0
       0
       1
       1
       1
       0
       0
       0
       0
       0
       0
       0
       0
       0
       0
       0
       0
       0
       0
       0
       0
       0
       0
       0
       0
       0
       1
       1
       0
       0
       0
       1
       0
       0
       0
       0
       0
       1
       0
       0
       0
       0
       0
       0
       0
       0
       0
       1
       0
       0
       1
       0
       0
       0
       0
       0
       0
       0
       0
       0
       0
       0
       0
       0
       0
       0
       0
       0
       0
       0
       0
       0
       0
       1
       0
       0
       0
       0
       0
       0
       0
       0
       1
       0
       1
       0
       0
       0
       0
       0
       0
       0
       1
       1
       0
       0
       0
       1
       0
       0
       0
       0
       0
       0
       0
       0
       1
       0
       0
       0
       0
       0
       0
       1
       0
       0
       0
       0
       0
       0
       0
       0
       1
       1
       0
       0
       0
       0
       0
       0
       1
       0
       0
       0
       0
       0
       0
       0
       0
       0
       0
       0
       0
       0
       0
       0
       0
       0
       0
       0
       0
       0
       0
       1
       0
       0
       0
       0
       0
       0
       0
       0
       1
       0
       0
       0
       0
       0
       0
       0
       0
       1
       1
       0
       0
       0
       0
       0
       0
       0
       0
       0
       0
       0
       0
       0
       0
       1
       0
       0
       0
       0
       0
       1
       0
       0
       1
       0
       0
       0
       0
       1
       0
       0
       0
       0
       0
       2
       0
       1
       0
       0
       0
       0
       0
       0
       1
       0
       1
       2
       2
       4
       1
       1
       1
       0
       0
       0
       1
       1
       0
       2
       0
       0
       0
       0
       0
       0
       0
       2
       0
       0
       0
       0
       0
       0
       0
       0
       0
       0
       0
       0
       0
       0
       0
       0
       0
       0
       0
       0
       0
       0
       1
       0
       0
       0
       1
       0
       0
       0
       1
       1
       0
       0
       0
       0
       0
       0
       1
       0
       0
       1
       0
       0
       0
       0
       1
       0
       0
       0
       1
       0
       1
       0
       0
       0
       0
       1
       0
       2
       0
       0
       0
       2
       0
       0
       0
       0
       0
       0
       0
       1
       0
       1
       1
       0
       0
       0
       0
       0
       1
       0
       0
       0
       0
       0
       0
       0
       1
       0
       0
       0
       1
       0
       0
       0
       0
       0
       0
       0
       0
       1
       1
       0
       1
       1
       0
       2
       0
       2
       0
       3
       6
       2
       8
       4
       4
       2
       2
       4
       3
       4
       2
       1
       3
       0
       1
       1
       1
       0
       2
       0
       1
       0
       0
       0
       0
       0
       0
       0
       0
       0
       0
       0
       0
       1
       2
       0
       1
       0
       1
       0
       0
       0
       0
       0
       1
       0
       0
       0
       0
       0
       0
       0
       0
       0
       0
       0
       0
       1
       0
       0
       0
       0
       1
       1
       0
       0
       0
       0
       0
       0
       0
       1
       1
       1
       0
       0
       0
       0
       0
       0
       0
       0
       0
       0
       0
       0
       0
       0
       0
       0
       0
       0
       0
       0
       1
       0
       0
       0
       0
       0
       0
       1
       0
       0
       0
       0
       0
       0
       0
       0
       0
       0
       1
       0
       0
       2
       0
       0
       0
       0
       1
       0
       0
       0
       0
       0
       0
       0
       0
       0
       0
       1
       0
       0
       1
       0
       0
       0
       0
       0
       1
       0
       0
       0
       0
       0
       0
       0
       0
       0
       0
       0
       0
       0
       0
       0
       0
       0
       0
       0
       0
       0
       1
       0
       0
       0
       0
       0
       0
       0
       0
       1
       0
       1
       0
       0
       0
       0
       0
       0
       1
       0
       0
       0
       0
       0
       0
       0
       0
       0
       0
       0
       0
       2
       0
       0
       0
       0
       1
       0
       0
       0
       0
       0
       1
       1
       0
       0
       2
       1
       0
       0
       0
       1
       0
       0
       0
       0
       0
       0
       0
       0
       0
       1
       0
       0
       0
       0
       0
       0
       0
       0
       0
       0
       0
       0
       0
       1
       0
       0
       0
       0
       0
       0
       0
       1
       0
       0
       1
       0
       0
       0
       0
       0
       0
       0
       0
       1
       0
       0
       0
       0
       0
       1
       0
       0
       0
       0
       0
       1
       0
       0
       0
       0
       0
       0
       0
       1
       0
       0
       0
       0
       0
       2
       0
       0
       0
       1
       0
       1
       0
       0
       0
       0
       0
       0
       1
       0
       0
       0
       0
       0
       1
       0
       0
       1
       0
       0
       0
       0
       0
       1
       0
       1
       0
       0
       1
       1
       0
       0
       0
       0
       0
       1
       1
       0
       0
       0
       2
       1
       0
       0
       1
       1
       0
       1
       1
       0
       0
       0
       0
       0
       0
       0
       0
       0
       0
       0
       0
       0
       0
       1
       1
       0
       0
       1
       0
       0
       0
       0
       0
       0
       0
       0
       0
       0
       0
       0
       0
       0
       0
       0
       0
       0
       0
       0
       0
       0
       0
       0
       0
       1
       0
       0
       0
       0
       1
       0
       0
       0
       0
       1
       0
       0
       2
       0
       0
       0
       0
       0
       0
       0
       0
       1
       0
       0
       0
       0
       0
       0
       0
       0
       0
       0
       1
       0
       1
       0
       0
       0
       0
       0
       0
       0
       0
       0
       0
       0
       0
       0
       0
       0
       0
       0
       0
       0
       0
       1
       0
       0
       0
       0
       1
       3
       0
       0
       0
       0
       0
       0
       0
       0
       0
       1
       0
       0
       0
       0
       0
       0
       0
       0
       0
       0
       0
       0
       0
       0
       0
       0
       0
       0
       0
       0
       0
       1
       0
       0
       0
       0
       1
       0
       0
       0
       0
       0
       0
       0
       1
       1
       0
       0
       0
       0
       0
       0
       0
       1
       0
       0
       0
       0
       0
       0
       0
       0
       0
       0
       0
       0
       0
       0
       0
       0
       0
       0
       1
       0
       0
       0
       1
       0
       1
       0
       0
       0
       0
       0
       1
       0
       0
       0
       0
       0
       1
       0
       0
       0
       0
       1
       0
       0
       1
       0
       0
       0
       0
       0
       1
       0
       0
       0
       0
       0
       0
       0
       1
       0
       0
       0
       0
       1
       0
       0
       0
       0
       0
       0
       0
       1
       0
       0
       0
       0
       0
       0
       1
       0
       0
       1
       0
       0
       0
       1
       0
       0
       0
       0
       2
       0
       0
       0
       0
       0
       0
       0
       0
       0
       0
       0
       0
       0
       0
       0
       0
       0
       0
       0
       0
       0
       0
       0
       0
       1
       0
       0
       0
       0
       1
       0
       0
       0
       0
       0
       1
       0
       0
       0
       0
       0
       0
       1
       0
       0
       0
       0
       0
       2
       0
       0
       0
       0
       0
       1
       0
       0
       1
       0
       1
       1
       0
       0
       0
       0
       0
       0
       0
       1
       1
       0
       0
       0
       1
       0
       0
       0
       1
       0
       1
       0
       0
       0
       0
       0
       0
       1
       0
       0
       0
       0
       0
       0
       0
       1
       0
       0
       0
       0
       0
       0
       0
       0
       0
       0
       0
       0
       0
       0
       0
       1
       0
       0
       0
       0
       0
       0
       0
       0
       1
       0
       0
       1
       0
       0
       1
       0
       0
       0
       0
       0
       0
       1
       0
       0
       0
       1
       0
       0
       0
       0
       1
       0
       0
       0
       0
       0
       0
       0
       0
       0
       0
       0
       0
       0
       0
       0
       0
       0
       0
       1
       0
       0
       0
       0
       0
       0
       0
       0
       1
       0
       0
       0
       0
       1
       0
       1
       0
       0
       0
       0
       1
       0
       0
       0
       0
       0
       0
       0
       0
       0
       0
       1
       1
       0
       1
       0
       0
       0
       0
       0
       1
       0
       0
       0
       0
       0
       0
       0
       0
       0
       1
       0
       0
       0
       0
       0
       0
       1
       0
       0
       1
       0
       0
       0
       1
       0
       0
       0
       1
       0
       0
       0
       1
       0
       0
       1
       0
       0
       0
       0
       0
       0
       1
       1
       1
       0
       0
       0
       0
       0
       0
       0
       0
       0
       0
       0
       0
       0
       0
       0
       0
       0
       0
       1
       0
       0
       2
       0
       0
       0
       0
       0
       0
       0
       0
       1
       0
       0
       0
       0
       0
       0
       0
       0
       0
       0
       0
       0
       0
       0
       0
       0
       0
       0
       0
       0
       0
       0
       0
       0
       0
       0
       0
       0
       0
       0
       0
       0
       0
       0
       0
       0
       0
       0
       0
       0
       0
       0
       0
       0
       1
       0
       0
       0
       0
       0
       0
       0
       0
       0
       0
       0
       0
       0
       0
       0
       0
       0
       0
       0
       0
       0
       0
       0
       0
       0
       0
       0
       0
       0
       0
       0
       0
       0
       1
       0
       0
       0
       0
       0
       0
       2
       0
       0
       0
       1
       1
       0
       1
       0
       1
       0
       0
       0
       0
       1
       0
       1
       0
       0
       1
       0
       0
       0
       1
       0
       0
       1
       0
       0
       0
       0
       0
       0
       0
       0
       0
       0
       0
       0
       0
       0
       1
       0
       0
       0
       0
       0
       0
       0
       0
       0
       1
       0
       0
       0
       1
       0
       0
       0
       0
       0
       0
       0
       0
       0
       1
       0
       1
       0
       0
       0
       0
       0
       0
       0
       0
       0
       0
       1
       0
       2
       0
       0
       0
       1
       0
       0
       0
       0
       0
       0
       0
       0
       0
       0
       0
       0
       0
       0
       0
       0
       0
       0
       0
       0
       0
       0
       0
       0
       1
       0
       0
       0
       0
       1
       0
       0
       0
       0
       0
       0
       0
       0
       1
       0
       0
       0
       0
       0
       0
       0
       0
       0
       0
       1
       0
       0
       0
       0
       1
       0
       0
       0
       0
       0
       0
       0
       0
       0
       0
       0
       1
       0
       0
       0
       1
       0
       0
       0
       1
       0
       0
       0
       0
       0
       0
       0
       0
       0
       0
       0
       0
       0
       0
       0
       0
       0
       0
       0
       1
       0
       0
       1
       0
       0
       0
       0
       0
       0
       0
       0
       0
       0
       0
       0
       0
       1
       0
       0
       0
       0
       0
       0
       0
       0
       0
       0
       1
       1
       0
       0
       0
       0
       0
       0
       0
       0
       0
       0
       0
       0
       0
       1
       0
       0
       0
       0
       0
       1
       0
       0
       0
       0
       0
       0
       0
       0
       0
       0
       0
       0
       0
       0
       0
       0
       0
       0
       0
       0
       0
       0
       0
       0
       0
       0
       0
       0
       0
       0
       0
       0
       0
       0
       0
       0
       1
       0
       1
       1
       0
       1
       0
       1
       0
       0
       0
       0
       1
       0
       0
       0
       0
       0
       0
       0
       0
       0
       0
       0
       0
       0
       0
       0
       0
       0
       0
       0
       0
       0
       0
       0
       0
       0
       1
       0
       0
       0
       1
       0
       0
       0
       0
       0
       0
       0
       0
       1
       0
       1
       0
       0
       0
       0
       0
       0
       1
       0
       0
       0
$ROI:
11
224 244
765 907
1350 1411
1828 1908
2525 2667
2716 2799
3716 3817
4331 4427
4564 4622
5085 5259
5690 5768
$PRESETS:
Live Time
600
0
$ENER_FIT:
0.053689 0.255148
$MCA_CAL:
3
5.368913E-002 2.551478E-001 -1.853380E-009 keV
$SHAPE_CAL:
3
6.992400E+000 7.812671E-004 -3.508660E-008
