$SPEC_ID:
No sample description was entered.
$SPEC_REM:
DET# 1
DETDESC# GMX20P4 HPGe
AP# Maestro Version 7.01
$DATE_MEA:
11/27/2018 15:02:55
$MEAS_TIM:
600 602
$DATA:
0 8191
       0
       0
       0
       0
       0
       0
       0
       0
       0
       0
       0
       0
       0
       0
       0
       0
       0
       0
       0
       0
       0
       0
       0
       0
       0
       0
       0
       0
       0
       0
       0
       0
       0
       0
       0
       0
       0
       0
       0
       0
       0
       0
       0
       0
       0
       0
       0
       1
      19
      84
     217
     323
     341
     346
     324
     333
     313
     361
     353
     332
     306
     326
     321
     310
     329
     295
     314
     333
     324
     346
     352
     343
     371
     368
     388
     423
     418
     463
     491
     481
     553
     572
     588
     500
     451
     428
     357
     354
     324
     329
     295
     307
     353
     414
     362
     373
     388
     387
     367
     346
     382
     361
     391
     427
     452
     523
     559
     656
     745
     809
     857
    1081
    1151
    1335
    1671
    2156
    2900
    3722
    4831
    5319
    5985
    5990
    5284
    4248
    3239
    2327
    1531
    1063
     717
     543
     551
     672
     798
    1029
    1289
    1505
    1614
    1696
    1627
    1467
    1177
     913
     691
     476
     373
     226
     201
     181
     156
     189
     147
     132
     155
     131
     134
     142
     139
     146
     160
     143
     130
     139
     158
     167
     144
     149
     161
     161
     164
     150
     159
     153
     152
     163
     155
     184
     159
     169
     198
     167
     177
     158
     196
     183
     164
     183
     183
     182
     161
     197
     185
     179
     184
     186
     182
     180
     185
     202
     183
     207
     198
     218
     248
     278
     300
     341
     381
     434
     435
     404
     400
     358
     292
     246
     240
     219
     191
     214
     224
     211
     221
     199
     202
     207
     197
     214
     227
     181
     204
     222
     204
     237
     206
     245
     233
     221
     217
     256
     251
     251
     265
     292
     258
     275
     291
     282
     292
     313
     306
     290
     322
     301
     308
     377
     336
     326
     317
     332
     359
     330
     348
     372
     398
     357
     403
     334
     356
     330
     369
     388
     370
     364
     373
     366
     394
     373
     349
     372
     358
     375
     338
     342
     356
     354
     319
     327
     289
     307
     299
     292
     315
     268
     318
     309
     299
     305
     305
     290
     292
     296
     312
     277
     278
     289
     290
     294
     349
     381
     455
     561
     766
     961
    1359
    1965
    2580
    3311
    3953
    4290
    4070
    3657
    2944
    2271
    1496
     971
     652
     368
     265
     225
     206
     150
     169
     186
     194
     176
     183
     176
     180
     163
     159
     163
     157
     180
     150
     171
     183
     168
     175
     159
     159
     167
     171
     161
     202
     172
     154
     161
     156
     160
     154
     166
     185
     156
     169
     188
     164
     151
     144
     170
     176
     158
     180
     166
     210
     178
     148
     168
     171
     161
     169
     193
     158
     161
     198
     159
     173
     166
     152
     160
     168
     158
     200
     175
     150
     154
     181
     154
     163
     171
     148
     194
     167
     182
     145
     151
     168
     192
     190
     166
     158
     191
     170
     169
     163
     178
     163
     181
     163
     144
     170
     165
     185
     170
     163
     172
     190
     160
     155
     160
     183
     169
     159
     155
     177
     177
     165
     185
     164
     166
     173
     159
     173
     191
     154
     157
     173
     175
     151
     154
     164
     144
     150
     166
     162
     174
     140
     160
     161
     173
     170
     160
     170
     151
     133
     166
     150
     150
     171
     181
     141
     155
     142
     176
     169
     185
     169
     160
     169
     152
     164
     164
     172
     157
     161
     143
     140
     170
     175
     153
     153
     178
     180
     160
     177
     168
     146
     150
     149
     174
     156
     146
     169
     172
     142
     170
     167
     161
     173
     137
     137
     154
     151
     172
     150
     171
     157
     141
     176
     130
     148
     153
     154
     147
     170
     150
     155
     152
     168
     170
     137
     189
     144
     144
     169
     158
     121
     151
     156
     168
     160
     175
     131
     164
     151
     164
     186
     168
     142
     149
     166
     168
     154
     150
     150
     131
     161
     152
     146
     136
     152
     127
     154
     138
     146
     164
     148
     169
     164
     146
     184
     161
     122
     155
     154
     146
     169
     164
     148
     135
     163
     164
     167
     151
     158
     181
     174
     155
     176
     179
     189
     165
     156
     178
     147
     170
     146
     169
     152
     151
     166
     170
     180
     152
     165
     168
     175
     177
     156
     191
     133
     156
     186
     173
     186
     161
     180
     181
     175
     166
     149
     151
     166
     158
     149
     186
     177
     174
     176
     196
     233
     218
     230
     216
     215
     190
     170
     164
     197
     173
     147
     174
     141
     161
     160
     157
     157
     141
     133
     153
     150
     125
     150
     151
     148
     134
     173
     144
     146
     142
     160
     146
     162
     148
     149
     138
     157
     133
     161
     133
     166
     146
     141
     151
     133
     130
     143
     130
     159
     164
     139
     132
     135
     154
     132
     138
     128
     115
     152
     139
     159
     149
     154
     148
     149
     146
     141
     139
     173
     138
     142
     161
     134
     156
     154
     148
     137
     140
     155
     140
     147
     123
     142
     140
     151
     131
     141
     131
     149
     123
     132
     130
     141
     135
     155
     150
     165
     136
     162
     142
     155
     146
     135
     147
     155
     145
     142
     137
     131
     141
     150
     144
     141
     136
     136
     141
     157
     169
     138
     157
     147
     137
     163
     135
     154
     157
     149
     132
     129
     150
     150
     155
     140
     146
     153
     145
     163
     147
     140
     147
     137
     118
     146
     138
     156
     122
     153
     155
     137
     138
     153
     143
     130
     143
     151
     138
     155
     133
     110
     122
     125
     145
     125
     140
     124
     136
     128
     118
     111
     120
     125
     132
     116
     104
     126
     137
     115
     113
     106
     119
     124
     112
     108
      96
     120
     121
     131
     102
      91
     126
     108
     116
     113
     103
     107
     109
      94
      96
      96
      98
     113
      62
      93
      98
      88
      87
      88
      91
      90
      96
     104
      91
      88
      96
      86
      78
      98
      78
      68
      80
     100
      79
      79
      92
     109
      93
      88
      82
      85
      64
      87
      87
      90
      85
      86
     109
      82
      72
      81
      91
      77
      78
      88
      85
      89
     112
      86
     111
     113
     121
     100
      94
      86
      75
      77
      77
      82
      86
      76
      82
      70
      83
      64
      72
      69
      73
      76
      67
      98
      79
      61
      60
      71
      72
      70
      67
      74
      82
      77
      69
      69
      65
      77
      67
      60
      71
      58
      82
      63
      50
      78
      73
      60
      66
      69
      76
      54
      53
      60
      63
      62
      57
      64
      63
      72
      54
      78
      82
      91
      81
      65
      69
      73
      67
      61
      61
      63
      59
      70
      68
      61
      60
      72
      59
      54
      54
      61
      54
      57
      45
      63
      44
      56
      48
      53
      57
      56
      68
      59
      52
      44
      60
      46
      50
      43
      52
      56
      33
      51
      40
      59
      52
      58
      38
      47
      47
      44
      38
      42
      63
      40
      46
      49
      50
      41
      47
      43
      37
      44
      54
      50
      31
      64
      47
      41
      48
      42
      47
      46
      53
      61
      43
      54
      40
      49
      47
      29
      47
      40
      42
      43
      34
      49
      44
      47
      35
      35
      42
      47
      37
      44
      36
      43
      38
      43
      36
      41
      48
      46
      24
      41
      40
      34
      35
      45
      30
      45
      35
      49
      52
      36
      35
      50
      34
      27
      43
      42
      44
      34
      36
      48
      38
      42
      36
      31
      41
      31
      45
      33
      36
      39
      49
      35
      32
      42
      40
      48
      68
      78
     111
     133
     193
     315
     382
     426
     512
     512
     484
     391
     331
     231
     174
     106
      71
      45
      56
      40
      42
      37
      36
      28
      38
      38
      31
      30
      25
      38
      34
      37
      28
      39
      28
      33
      37
      27
      29
      40
      32
      35
      27
      44
      31
      27
      36
      31
      48
      39
      36
      35
      23
      26
      27
      37
      20
      32
      35
      30
      36
      24
      32
      20
      32
      32
      37
      33
      29
      36
      24
      33
      36
      35
      26
      33
      31
      33
      30
      48
      43
      46
      48
      41
      47
      33
      36
      30
      33
      27
      29
      21
      20
      23
      38
      30
      42
      33
      36
      31
      40
      30
      39
      62
      86
     128
     196
     345
     488
     685
     889
    1098
    1117
    1077
     966
     818
     634
     397
     247
     168
      96
      50
      40
      31
      28
      30
      24
      15
      28
      21
      22
      32
      23
      23
      16
      24
      26
      25
      22
      15
      26
      21
      29
      28
      24
      26
      25
      25
      31
      14
      17
      27
      23
      25
      32
      22
      20
      25
      26
      23
      27
      27
      25
      24
      17
      17
      14
      36
      25
      24
      20
      16
      19
       9
      22
      28
      26
      22
      21
      25
      23
      23
      25
      30
      21
      31
      30
      26
      17
      22
      26
      28
      24
      33
      30
      19
      28
      18
      39
      30
      29
      21
      27
      18
      19
      19
      20
      25
      26
      26
      21
      32
      29
      28
      23
      26
      24
      20
      19
      12
      19
      13
      19
      20
      21
      26
      25
      25
      27
      30
      25
      33
      23
      13
      28
      25
      21
      29
      19
      21
      19
      23
      23
      28
      23
      18
      25
      27
      23
      43
      33
      26
      29
      15
      18
      36
      29
      17
      16
      20
      26
      21
      25
      31
      14
      19
      25
       8
      17
      20
      23
      23
      16
      13
      17
      29
      25
      28
      21
      18
      34
      21
      17
      19
      25
      22
      26
      20
      20
      18
      22
      29
      17
      23
      17
      21
      30
      25
      26
      29
      30
      31
      46
      52
      42
      53
      42
      42
      44
      37
      61
      85
     154
     311
     566
     886
    1386
    1934
    2409
    2973
    3190
    3055
    2690
    2329
    1734
    1193
     744
     441
     219
     106
      48
      22
      15
      21
      12
       8
      15
       2
       9
      12
       8
      11
       8
       4
      13
       8
       6
      13
      15
      10
       8
       9
      11
       8
      10
      10
      14
       8
      13
      10
       8
       7
      14
      13
      12
       9
      12
       9
       7
       6
      13
      13
       9
      11
      17
       8
       8
      11
       6
      10
       8
       7
       8
      10
      10
      11
       7
       8
       9
       6
      10
       9
       6
       5
      11
      14
       6
      10
      11
      10
      10
      11
      12
      10
      14
      13
      11
       6
       6
       8
      10
       8
      11
       7
       9
      13
       7
      12
      11
      15
      20
      25
      49
      71
     128
     171
     250
     313
     364
     440
     440
     374
     310
     232
     181
     105
      75
      40
      24
      27
      12
      20
      11
      25
      11
      11
      12
       9
      11
      11
      12
       9
      12
      12
      14
       8
       8
      12
      11
      14
       6
      11
       2
       8
      11
       8
       8
      10
       7
       4
       6
      14
       6
       9
       7
       4
       6
      13
       5
       6
       7
       9
       7
       7
       6
      10
       8
      13
       8
       5
      12
       6
      13
      11
       7
       8
      11
       8
      10
       7
       5
       9
       4
       4
      10
       7
       4
       3
      14
      12
       6
       9
      10
       6
      12
      13
       2
       3
       5
      10
       4
       2
       8
       3
       4
       6
      10
       5
       7
       7
      17
       5
       4
       9
       5
       6
      10
       1
       5
       4
       6
      11
       8
      10
      13
      15
       4
       6
      12
       9
       4
      12
      11
       4
       8
       4
       5
      11
      10
       8
      10
      13
       3
       4
       6
       5
      10
       9
       7
       6
       6
       8
       5
       9
      11
       6
       5
       9
       7
       8
       3
       3
       7
      13
       9
       8
       7
      11
      10
       2
       6
      13
      13
      10
       4
      10
       6
       4
       8
       6
       9
       7
       5
       7
       8
       6
       8
       6
       7
       4
       6
       4
       9
       8
       7
       9
       6
       8
       9
       5
       6
       5
       8
      10
      11
       8
       6
       7
       5
       4
      14
       7
       7
       9
      10
      16
      10
      12
      15
      16
      12
      12
       8
       9
       8
       9
       6
       5
       6
       3
       4
       8
       5
      11
       2
       4
       4
       4
       6
       5
       4
       7
       6
       4
       6
       1
       8
       4
       7
       8
       5
       3
       6
       7
       4
       9
       5
       5
       9
       5
       3
       7
       6
       3
       8
       9
       9
       2
       4
       9
       4
       3
       4
       7
       9
       8
       1
       7
       6
       4
       6
       5
       6
      12
       3
       3
       2
       5
       2
       5
       5
      10
       5
       5
       6
       5
       2
       3
       9
       6
       5
       9
       8
       4
       6
       4
       3
       5
       2
       4
       5
       2
       6
       5
       6
       4
       3
       5
       7
       4
       7
       6
       5
       6
       5
      12
       4
       5
       7
       4
       3
       4
       8
       3
      10
       4
       1
       7
       3
       3
       9
       6
       5
       5
      10
       8
       4
       7
       3
       4
       3
       6
       4
       6
       7
       6
      10
       3
       6
       3
       6
       9
       3
       4
       2
       6
       8
       3
       9
       4
       3
      10
       4
       4
       7
       8
       6
       3
       8
       6
       4
       9
       7
       4
       9
       5
       6
       3
       3
       1
       6
       4
       9
       8
       8
       4
       2
       4
       3
       4
       6
       8
       4
       3
       3
       5
       4
       9
       3
       3
      10
       2
       7
       2
       9
       3
       3
       4
       5
       8
       4
       1
       6
       2
       3
       3
       8
       9
       4
       8
       4
       6
       7
       1
       5
       2
       5
       7
      10
       4
       3
       4
       5
       2
       6
       8
       6
       3
       3
       8
       5
       8
       9
       4
       2
       3
       4
       5
       9
       3
       8
       7
       1
       5
       4
       7
       6
       2
       4
       7
       5
       3
       8
      10
       6
       9
       5
       6
       7
       4
       2
       7
       4
       3
       4
       4
       2
       9
       1
      11
       5
       5
       6
       9
       2
       4
      11
       4
       7
       7
       4
       6
       8
      12
       6
       3
       8
      10
      10
       7
       7
       7
      11
       7
       9
       3
       8
       5
       2
       4
       6
       5
       5
       4
       3
       7
       6
       4
       3
       6
       7
       6
       4
       7
       1
       7
       1
       4
       2
       4
       5
       2
       4
       9
       7
       5
       4
       6
       4
       9
       2
       5
       3
       4
       2
       2
       1
       4
       3
       3
       3
       3
       5
       3
       6
       5
       3
       6
       3
       2
       4
       7
       3
       1
       2
       4
       4
       8
       4
       5
       5
       3
       6
       4
       6
       7
       8
       5
       8
       7
       4
       2
       8
      10
       4
       7
       6
       8
       5
       2
       4
       1
       4
       2
       2
       7
       7
       4
       7
      10
       1
      11
       3
       5
       4
       8
       8
       2
       4
       6
       2
      11
       2
       7
       3
       4
       3
       8
       6
       4
       8
       4
       4
       7
       6
       8
       4
       2
       6
       2
       2
       7
       1
       5
       3
       5
       2
       6
       4
       0
       4
       3
       5
      10
       6
       8
       8
       4
       5
       7
       5
       7
       5
       3
       8
       4
       3
       5
       6
       7
       0
       7
       4
       4
       6
       7
       3
       4
       4
       7
       8
       5
       4
       0
       4
       3
       2
       8
       9
       5
       3
       2
       3
       4
       0
       3
       2
       6
       4
       5
       3
       3
       2
       0
       6
       3
       5
       3
       5
       6
       2
       5
       3
       8
       5
       0
       4
       5
       4
       5
       3
       5
       5
       2
       5
       3
       3
       4
       2
       5
       1
       6
       2
       2
       4
       1
       5
       2
       3
       2
       2
       3
       2
       3
       5
       2
       5
       6
       6
       1
       2
       1
       6
       5
       2
       4
       1
       3
       4
       1
       2
       2
       4
       1
       2
       5
       7
       6
       6
       9
       1
       0
       2
       6
       5
       3
       3
       5
       1
       4
       3
       5
       4
       6
       8
       3
       5
       9
       7
      10
      10
       9
       8
      13
      12
      10
       9
       6
       3
       7
       4
       5
       0
       3
       2
       2
       4
       5
       5
       2
       6
       4
       4
       5
       4
       4
       4
       5
       5
       4
       1
       4
       5
       4
       5
       4
       0
       4
       1
       3
       2
       5
       1
       3
       4
       1
       4
       4
       2
       4
       3
       6
       5
       5
       3
       1
       2
       5
       3
       5
       6
       3
       4
       3
       1
       5
       6
       3
       5
       4
       5
       7
       2
       1
       4
       3
       1
       4
       2
       4
       4
       2
       1
       6
       4
       2
       4
       7
       3
       2
       7
       1
       2
       1
       2
       3
       6
      12
      13
      22
      16
      23
      25
      27
      26
      18
      23
      15
      10
       8
       3
       6
       3
       0
       3
       3
       2
       9
       3
       4
       3
       2
       5
       8
       4
       1
       1
       2
       2
       2
       3
       3
       5
       5
       2
       3
       3
       1
       5
       4
       5
       3
       5
       5
       3
       2
       3
       2
       3
       2
       3
       4
       4
       2
       8
       4
       7
       1
       4
       2
       3
       2
       2
       2
       1
       9
       3
       6
       4
       2
       8
       0
       6
       4
       4
       2
       4
       1
       5
       5
       2
       2
       7
       2
       7
       2
       3
       1
       3
       5
       2
       8
       3
       3
       2
       4
       2
       3
       0
       2
       5
       3
       1
       3
       3
       2
       5
       1
       4
       1
       5
       2
       3
       5
       2
       4
       2
       6
       5
       3
       0
       0
       3
       4
       4
       5
       2
       1
       0
       2
       2
       4
       4
       2
       4
       3
       4
       4
       1
       3
       4
       3
       2
       2
       4
       1
       3
       4
       3
       4
       3
       6
       3
       3
       3
       0
       1
       2
       2
       3
       8
       2
       3
       1
       0
       6
       2
       4
       3
       0
       4
       4
       2
       3
       3
       4
       4
       2
       3
       5
       5
       3
       4
       3
       2
       4
       3
       6
       3
       2
       2
       4
       4
       6
       6
       1
       3
       9
       6
       8
       5
       7
       6
       6
       5
       8
      14
      10
      10
       5
      12
      12
       9
       4
       5
       3
       6
       2
       4
       6
       3
       1
       4
       2
       1
       1
       5
       2
       2
       5
       5
       1
       1
       3
       3
       5
       0
       0
       6
       1
       2
       4
       0
       1
       2
       4
       4
       0
       2
       3
       2
       2
       3
       4
       1
       4
       1
       2
       1
       1
       3
       1
       3
       2
       3
       3
       2
       5
       1
       0
       3
       2
       4
       5
       4
       3
       3
       1
       4
       5
       2
       1
       4
       3
       4
       3
       3
       2
       4
       3
       3
       1
       1
       3
       7
       5
       5
       0
       3
       2
       1
       4
       3
       1
       4
       3
       4
       1
       6
       3
       2
       4
       1
       6
       4
       3
       3
       0
       6
       0
       5
       4
       6
       2
       2
       1
       4
       2
       3
       4
       3
       2
       2
       1
       4
       0
       4
       1
       0
       3
       3
       2
       3
       4
       7
       1
       4
       2
       0
       1
       2
       5
       5
       3
       3
       2
       6
       6
       1
       2
       5
       2
       2
       1
       1
       4
       8
       6
       2
       2
       2
       1
       3
       0
       3
       3
       2
       0
       4
       4
       4
       4
       1
       2
       2
       5
       2
       2
       3
       3
       3
       4
       2
       1
       4
       1
       1
       5
       2
       3
       3
       4
       1
       4
       2
       2
       5
       4
       1
       2
       2
       2
       3
       2
       3
       3
       3
       3
       1
       5
       1
       3
       3
       2
       4
       3
       2
       2
       2
       2
       3
       3
       1
       1
       5
       5
       0
       3
       6
       2
       1
       3
       1
       5
       3
       0
       2
       4
       4
       2
       1
       1
       7
       4
       0
       2
       3
       3
       4
       2
       4
       4
       3
       7
       2
       1
       4
       1
       1
       4
       6
       1
       0
       2
       4
       4
       2
       3
       2
       3
       1
       1
       2
       3
       1
       4
       1
       3
       1
       6
       3
       2
       2
       2
       3
       3
       3
       3
       0
       5
       2
       3
       2
       1
       0
       4
       1
       4
       1
       3
       3
       4
       0
       0
       1
       2
       2
       2
       2
       1
       1
       3
       2
       4
       3
       2
       2
       1
       5
       2
       3
       3
       1
       4
       3
       4
       2
       1
       2
       1
       2
       5
       1
       3
       3
       4
       1
       0
       2
       1
       3
       1
       3
       1
       1
       5
       2
       3
       2
       4
       2
       6
       1
       5
       4
       0
       3
       1
       4
       2
       1
       2
       0
       4
       5
       3
       6
       1
       4
       3
       0
       2
       0
       5
       4
       2
       1
       1
       1
       0
       3
       2
       3
       0
       3
       2
       2
       3
       1
       4
       3
       2
       0
       3
       0
       4
       6
       2
       4
       1
       3
       6
       9
       1
       5
       2
       1
       2
       3
       4
       1
       1
       3
       5
       7
       2
       8
       8
       8
       6
       3
       5
       1
       1
       3
       1
       2
       2
       4
       0
       2
       1
       1
       4
       3
       2
       5
       4
       2
       2
       1
       2
       0
       3
       5
       2
       1
       2
       2
       6
       2
       5
       1
       5
       2
       5
       1
       4
       1
       1
       3
       4
       4
       2
       3
       2
       3
       2
       0
       4
       2
       2
       5
       1
       1
       1
       1
       2
       1
       2
       3
       2
       1
       3
       7
       4
       3
       4
       2
       1
       4
       2
       3
       2
       2
       4
       2
       1
       2
       1
       3
       1
       1
       1
       2
       0
       2
       2
       1
       2
       1
       3
       2
       1
       2
       7
       1
       2
       4
       4
       0
       3
       4
       5
       4
       2
       3
       0
       0
       2
       2
       3
       2
       0
       0
       3
       1
       4
       3
       3
       3
       0
       2
       1
       5
       0
       5
       0
       3
       2
       4
       5
       1
       2
       1
       3
       2
       3
       3
       5
       5
       2
       4
       3
       3
       6
       6
       3
       2
       2
       1
       3
       1
       1
       3
       1
       2
       1
       2
       3
       1
       4
       6
       1
       1
       4
       0
       1
       4
       5
       3
       2
       6
       2
       5
       2
       4
       0
       1
       1
       2
       3
       1
       2
       2
       2
       3
       0
       3
       2
       0
       4
       3
       4
       0
       1
       2
       4
       2
       4
       4
       1
       2
       2
       3
       4
       2
       3
       2
       4
       0
       0
       1
       0
       6
       1
       3
       0
       1
       2
       2
       2
       1
       2
       0
       2
       1
       3
       2
       1
       1
       1
       3
       2
       2
       0
       5
       4
       0
       7
       1
       3
       4
       0
       4
       1
       2
       1
       3
       3
       3
       0
       4
       3
       1
       0
       2
       6
       2
       2
       1
       2
       0
       2
       3
       2
       1
       4
       1
       0
       1
       0
       2
       1
       3
       3
       2
       0
       4
       2
       4
       1
       1
       1
       1
       1
       3
       0
       1
       2
       3
       2
       2
       2
       4
       2
       2
       3
       4
       5
       1
       7
       1
       2
       5
       5
       2
       3
       0
       3
       2
       1
       2
       1
       1
       2
       2
       4
       1
       3
       5
       4
       1
       0
       2
       0
       3
       0
       3
       0
       3
       2
       2
       3
       0
       1
       3
       2
       1
       2
       2
       1
       1
       2
       3
       5
       3
       0
       1
       2
       5
       1
       4
       2
       3
       3
       3
       8
       5
       2
       2
       3
       2
       0
       1
       1
       3
       2
       2
       0
       2
       1
       1
       1
       0
       4
       2
       4
       2
       0
       1
       3
       2
       2
       2
       0
       1
       0
       1
       0
       1
       4
       4
       3
       2
       1
       1
       1
       2
       0
       0
       1
       0
       2
       5
       3
       1
       0
       4
       1
       3
       1
       2
       0
       0
       4
       1
       3
       1
       2
       1
       1
       2
       4
       1
       2
       0
       3
       5
       2
       0
       3
       0
       2
       4
       2
       4
       1
       1
       4
       2
       2
       1
       0
       0
       2
       2
       5
       1
       3
       7
       1
       2
       2
       3
       3
       2
       6
       1
       3
       1
       2
       1
       1
       4
       2
       2
       3
       1
       1
       1
       2
       2
       0
       1
       3
       3
       6
       1
       2
       3
       1
       0
       2
       1
       0
       1
       3
       1
       2
       1
       4
       2
       3
       3
       1
       1
       1
       1
       3
       1
       1
       0
       1
       2
       1
       1
       5
       5
       4
       5
       2
       1
       1
       0
       1
       1
       0
       6
       3
       0
       0
       5
       1
       1
       5
       6
       2
       2
       3
       0
       2
       1
       4
       1
       1
       2
       0
       2
       4
       1
       2
       2
       0
       3
       2
       3
       0
       1
       0
       4
       8
       6
       8
       9
      10
       5
       6
       5
       5
       8
       6
       2
       5
       3
       0
       4
       1
       5
       2
       1
       1
       1
       0
       1
       4
       2
       0
       2
       1
       3
       2
       3
       2
       3
       0
       1
       3
       1
       4
       2
       1
       1
       2
       2
       1
       3
       1
       1
       3
       3
       0
       0
       2
       2
       1
       2
       2
       3
       1
       2
       1
       4
       0
       2
       3
       1
       2
       1
       2
       3
       1
       1
       1
       0
       4
       3
       1
       2
       1
       2
       2
       1
       4
       1
       2
       2
       1
       3
       3
       3
       3
       1
       1
       2
       6
       2
       3
       5
       1
       4
       2
       0
       3
       0
       4
       2
       2
       1
       2
       2
       2
       1
       3
       2
       3
       3
       2
       0
       3
       2
       2
       0
       2
       2
       1
       3
       0
       2
       2
       0
       3
       1
       2
       1
       2
       5
       2
       2
       2
       2
       2
       4
       2
       0
       6
       1
       3
       1
       1
       1
       4
       3
       5
       2
       6
       5
       1
       2
       2
       3
       2
       0
       3
       2
       0
       2
       3
       2
       3
       3
       3
       0
       2
       1
       2
       3
       6
       1
       2
       5
       2
       2
       0
       2
       3
       3
       3
       0
       4
       1
       2
       2
       2
       0
       2
       3
       0
       3
       1
       5
       1
       1
       2
       1
       2
       1
       1
       2
       1
       2
       3
       4
       3
       6
       1
       3
       3
       1
       2
       3
       4
       3
       3
       3
       2
       1
       4
       2
       3
       4
       8
       1
       2
       4
       8
       6
       3
       2
       4
       2
       1
       5
       2
       4
       2
       2
       3
       2
       3
       2
       4
       0
       1
       1
       1
       1
       0
       2
       1
       5
       2
       2
       3
       2
       1
       1
       1
       3
       1
       0
       2
       0
       1
       1
       2
       1
       1
       0
       1
       4
       0
       2
       1
       3
       2
       1
       1
       0
       1
       2
       3
       2
       2
       1
       2
       1
       2
       1
       3
       4
       0
       3
       0
       2
       3
       1
       0
       4
       1
       3
       3
       1
       3
       1
       1
       3
       2
       1
       4
       0
       1
       2
       3
       0
       2
       2
       1
       2
       1
       3
       6
       1
       2
       1
       0
       2
       2
       2
       1
       3
       0
       1
       2
       1
       0
       0
       0
       1
       2
       2
       3
       0
       3
       3
       2
       4
       1
       3
       1
       3
       2
       1
       2
       1
       2
       3
       1
       2
       2
       1
       0
       1
       1
       1
       3
       2
       1
       2
       0
       3
       0
       5
       2
       2
       0
       2
       0
       0
       2
       2
       2
       1
       2
       1
       2
       0
       1
       1
       1
       1
       1
       1
       2
       1
       3
       2
       2
       2
       2
       0
       1
       0
       2
       2
       3
       1
       0
       1
       2
       5
       1
       1
       3
       0
       2
       1
       2
       1
       0
       2
       7
       2
       7
       0
       3
       1
       0
       0
       2
       2
       1
       1
       3
       2
       1
       1
       4
       1
       2
       1
       1
       2
       3
       3
       1
       5
       0
       1
       0
       0
       3
       2
       3
       0
       1
       3
       1
       2
       3
       1
       2
       2
       2
       2
       1
       2
       0
       3
       4
       1
       1
       1
       2
       1
       1
       3
       2
       0
       2
       1
       0
       3
       3
       3
       1
       2
       1
       1
       1
       1
       1
       1
       2
       1
       3
       0
       3
       1
       0
       2
       1
       1
       2
       2
       1
       2
       0
       2
       1
       4
       2
       3
       0
       1
       2
       1
       3
       4
       0
       2
       2
       0
       0
       1
       0
       1
       2
       4
       2
       3
       1
       3
       0
       3
       1
       2
       0
       2
       2
       1
       1
       2
       4
       3
       3
       2
       0
       0
       2
       0
       6
       1
       1
       0
       0
       1
       3
       0
       4
       5
       1
       2
       2
       2
       2
       1
       2
       2
       2
       2
       2
       1
       1
       1
       2
       1
       2
       3
       0
       4
       2
       0
       1
       3
       2
       0
       2
       0
       3
       2
       0
       0
       1
       1
       1
       0
       1
       2
       2
       2
       3
       1
       5
       1
       2
       5
       2
       2
       1
       0
       0
       4
       2
       3
       1
       0
       2
       3
       0
       1
       3
       2
       3
       1
       0
       2
       2
       2
       2
       2
       2
       1
       1
       0
       1
       2
       1
       0
       1
       4
       1
       0
       1
       1
       1
       2
       2
       3
       2
       1
       2
       0
       2
       2
       1
       1
       0
       5
       0
       1
       2
       1
       0
       1
       3
       1
       0
       0
       1
       1
       1
       1
       2
       4
       1
       1
       2
       1
       0
       2
       4
       4
       2
       3
       0
       2
       1
       2
       1
       3
       2
       3
       2
       4
       1
       3
       1
       2
       3
       0
       1
       1
       2
       3
       0
       0
       1
       1
       2
       2
       2
       3
       3
       3
       1
       0
       0
       0
       3
       2
       2
       1
       2
       0
       0
       2
       1
       3
       1
       2
       1
       0
       1
       2
       2
       4
       4
       0
       2
       0
       2
       1
       2
       1
       0
       1
       4
       4
       2
       6
       2
       1
       0
       0
       1
       1
       2
       0
       3
       0
       2
       1
       1
       2
       3
       2
       1
       1
       3
       1
       1
       2
       3
       3
       2
       3
       3
       0
       2
       2
       1
       2
       3
       2
       0
       1
       1
       1
       2
       1
       2
       2
       4
       3
       1
       2
       1
       3
       1
       1
       0
       1
       3
       1
       2
       4
       1
       3
       3
       2
       3
       3
       5
       6
       8
      17
       5
       2
       8
       5
       6
       3
       4
       2
       2
       1
       2
       0
       2
       3
       2
       1
       1
       1
       0
       2
       5
       0
       0
       3
       1
       1
       3
       1
       1
       2
       4
       1
       1
       0
       0
       0
       1
       3
       1
       0
       3
       4
       4
       3
       2
       2
       1
       2
       3
       3
       2
       0
       1
       2
       1
       0
       2
       3
       3
       0
       2
       2
       3
       2
       2
       2
       1
       1
       2
       1
       1
       2
       3
       2
       2
       1
       2
       1
       4
       1
       1
       3
       2
       2
       1
       1
       2
       1
       1
       2
       1
       1
       2
       2
       4
       3
       1
       0
       0
       2
       0
       2
       1
       0
       2
       1
       2
       1
       1
       2
       2
       1
       0
       0
       0
       2
       0
       2
       3
       1
       1
       2
       1
       3
       0
       4
       1
       1
       2
       2
       1
       3
       1
       4
       2
       2
       3
       1
       1
       0
       4
       1
       0
       1
       5
       1
       3
       1
       1
       3
       3
       3
       3
       2
       3
       0
       1
       0
       2
       2
       0
       2
       1
       0
       1
       4
       2
       2
       1
       2
       0
       2
       1
       1
       3
       1
       4
       3
       2
       2
       1
       2
       2
       1
       2
       0
       0
       2
       1
       1
       1
       2
       1
       5
       3
       1
       1
       2
       1
       1
       3
       3
       2
       1
       3
       6
       0
       1
       2
       1
       0
       1
       1
       2
       4
       3
       4
       0
       0
       4
       1
       0
       1
       4
       1
       1
       1
       1
       4
       1
       0
       0
       5
       2
       2
       4
       2
       3
       2
       2
       3
       1
       0
       0
       4
       0
       3
       0
       4
       1
       1
       2
       1
       3
       4
       5
       0
       2
       1
       4
       2
       0
       1
       3
       0
       1
       1
       2
       1
       3
       4
       1
       2
       2
       1
       4
       1
       2
       0
       2
       0
       1
       2
       3
       0
       2
       2
       2
       2
       2
       1
       2
       3
       3
       0
       2
       4
       2
       1
       1
       2
       1
       1
       0
       3
       3
       1
       2
       4
       5
       2
       1
       2
       1
       1
       2
       0
       3
       0
       1
       0
       2
       3
       2
       2
       0
       1
       5
       2
       1
       1
       0
       3
       2
       1
       0
       2
       0
       0
       2
       4
       2
       1
       2
       5
       2
       3
       2
       2
       0
       2
       1
       1
       3
       3
       3
       3
       4
       0
       2
       4
       1
       0
       3
       3
       2
       3
       1
       0
       3
       5
       0
       1
       0
       1
       2
       1
       1
       2
       1
       1
       0
       1
       1
       4
       2
       3
       0
       0
       3
       2
       0
       1
       1
       0
       1
       4
       1
       0
       2
       1
       1
       3
       3
       1
       2
       4
       3
       3
       4
       1
       2
       3
       0
       2
       5
       0
       1
       3
       1
       2
       1
       2
       0
       3
       0
       2
       1
       3
       1
       0
       0
       2
       2
       1
       1
       3
       2
       0
       1
       2
       2
       3
       4
       3
       2
       2
       3
       2
       2
       1
       2
       3
       0
       3
       1
       2
       4
       5
       3
       6
       2
       1
       6
       3
       1
       4
       1
       1
       2
       0
       1
       1
       3
       3
       2
       1
       1
       1
       1
       0
       3
       2
       2
       1
       2
       0
       0
       1
       2
       0
       1
       2
       0
       0
       0
       5
       2
       2
       0
       0
       3
       5
       0
       2
       0
       1
       2
       2
       0
       4
       1
       0
       2
       0
       3
       0
       2
       1
       2
       1
       0
       3
       1
       3
       2
       3
       3
       1
       1
       0
       1
       1
       2
       1
       0
       2
       0
       0
       2
       0
       2
       3
       3
       2
       2
       1
       0
       2
       2
       2
       1
       2
       1
       3
       0
       0
       0
       0
       0
       1
       2
       1
       1
       4
       1
       3
       2
       3
       0
       2
       0
       2
       0
       1
       3
       3
       0
       0
       1
       0
       2
       2
       2
       1
       1
       0
       3
       1
       1
       1
       1
       3
       3
       2
       1
       2
       3
       0
       0
       0
       0
       0
       1
       1
       2
       2
       2
       0
       0
       1
       1
       0
       2
       3
       1
       2
       0
       1
       0
       0
       1
       2
       1
       0
       1
       0
       0
       2
       4
       1
       4
       2
       5
       0
       3
       2
       3
       1
       2
       2
       1
       1
       1
       1
       0
       1
       2
       2
       0
       4
       1
       0
       2
       0
       2
       1
       2
       2
       2
       3
       0
       0
       3
       1
       3
       1
       0
       1
       5
       0
       1
       3
       4
       1
       2
       1
       1
       1
       2
       0
       1
       1
       2
       1
       1
       0
       2
       1
       1
       1
       1
       0
       1
       1
       0
       0
       2
       2
       1
       0
       0
       2
       1
       0
       1
       0
       0
       0
       2
       0
       3
       0
       1
       2
       1
       1
       2
       2
       1
       0
       0
       2
       1
       0
       1
       0
       1
       2
       2
       1
       0
       1
       1
       1
       0
       2
       2
       1
       1
       5
       2
       1
       0
       1
       0
       1
       0
       3
       1
       0
       1
       2
       1
       0
       1
       2
       0
       0
       0
       1
       3
       0
       2
       1
       0
       0
       1
       2
       2
       0
       0
       2
       2
       0
       1
       0
       0
       0
       1
       0
       0
       1
       1
       1
       2
       0
       2
       3
       0
       3
       0
       2
       2
       0
       1
       3
       1
       0
       2
       0
       0
       1
       0
       1
       1
       0
       0
       1
       0
       2
       0
       4
       0
       0
       0
       2
       1
       2
       4
       1
       0
       0
       1
       1
       1
       1
       1
       0
       1
       1
       0
       0
       1
       0
       1
       3
       1
       1
       2
       0
       0
       2
       0
       0
       1
       1
       0
       1
       2
       2
       3
       0
       1
       1
       1
       1
       2
       2
       3
       3
       3
       0
       1
       0
       0
       0
       1
       1
       1
       0
       0
       0
       0
       0
       0
       0
       1
       1
       1
       0
       1
       1
       2
       0
       1
       1
       0
       2
       2
       0
       2
       3
       1
       0
       3
       0
       0
       0
       0
       0
       0
       1
       0
       1
       0
       1
       2
       0
       0
       0
       2
       1
       1
       0
       0
       0
       0
       1
       0
       1
       0
       1
       1
       0
       0
       1
       2
       0
       0
       0
       1
       0
       1
       0
       2
       0
       1
       0
       1
       1
       0
       0
       3
       1
       0
       0
       0
       1
       2
       1
       1
       0
       0
       1
       0
       1
       0
       0
       0
       1
       0
       0
       1
       0
       0
       0
       0
       0
       1
       1
       1
       0
       2
       1
       0
       1
       1
       2
       0
       2
       1
       1
       0
       2
       0
       0
       0
       0
       0
       1
       0
       1
       1
       0
       1
       0
       0
       0
       0
       2
       1
       0
       0
       1
       2
       3
       1
       3
       5
       1
       1
       2
       4
       2
       1
       0
       1
       2
       1
       0
       0
       0
       0
       0
       1
       0
       1
       0
       0
       0
       1
       0
       0
       1
       1
       2
       2
       0
       2
       0
       2
       0
       0
       1
       0
       1
       0
       1
       0
       1
       1
       1
       0
       1
       0
       1
       0
       1
       2
       0
       0
       1
       1
       1
       1
       0
       0
       0
       0
       0
       0
       0
       1
       0
       1
       0
       1
       0
       2
       1
       1
       1
       0
       1
       1
       2
       0
       1
       1
       1
       0
       3
       0
       0
       1
       0
       1
       0
       0
       4
       2
       0
       1
       0
       1
       0
       1
       0
       0
       1
       2
       1
       0
       1
       1
       0
       0
       2
       0
       1
       2
       1
       0
       2
       2
       1
       0
       4
       0
       1
       4
       0
       1
       1
       0
       0
       0
       1
       0
       1
       1
       1
       1
       1
       1
       0
       1
       0
       0
       0
       1
       2
       0
       1
       0
       1
       1
       1
       0
       0
       1
       1
       0
       1
       0
       0
       2
       1
       0
       2
       0
       0
       1
       2
       0
       0
       1
       2
       1
       1
       0
       0
       2
       0
       0
       0
       1
       0
       0
       0
       0
       0
       1
       0
       1
       2
       0
       2
       1
       2
       0
       1
       0
       2
       0
       0
       2
       1
       0
       2
       0
       0
       2
       1
       2
       0
       0
       0
       0
       1
       3
       1
       0
       1
       0
       1
       1
       2
       0
       1
       1
       0
       0
       2
       0
       1
       1
       4
       2
       1
       0
       0
       1
       0
       0
       0
       2
       0
       0
       0
       0
       0
       0
       0
       0
       0
       0
       0
       0
       0
       1
       0
       0
       0
       2
       0
       0
       3
       0
       0
       1
       0
       1
       1
       2
       1
       1
       1
       2
       1
       0
       0
       0
       0
       0
       0
       2
       0
       1
       1
       0
       0
       0
       0
       0
       0
       1
       2
       1
       2
       0
       2
       1
       1
       1
       1
       0
       0
       1
       1
       0
       1
       0
       1
       1
       1
       0
       4
       1
       5
       2
       0
       4
       4
       8
      12
      30
      27
      24
      48
      50
      50
      51
      54
      42
      45
      34
      20
      14
      16
      16
      13
       5
       3
       1
       1
       0
       0
       1
       0
       2
       0
       0
       0
       0
       0
       1
       0
       0
       0
       0
       0
       0
       0
       0
       0
       1
       0
       0
       0
       1
       0
       0
       0
       1
       0
       0
       0
       0
       1
       1
       0
       0
       1
       1
       0
       0
       0
       1
       0
       0
       0
       0
       0
       1
       0
       0
       0
       1
       2
       0
       0
       0
       0
       0
       0
       0
       0
       1
       0
       0
       0
       3
       0
       0
       0
       0
       0
       0
       0
       0
       0
       1
       1
       0
       0
       1
       2
       1
       1
       0
       0
       0
       1
       0
       0
       0
       0
       0
       0
       0
       0
       0
       0
       1
       0
       0
       0
       0
       0
       1
       0
       0
       0
       0
       1
       0
       0
       1
       1
       0
       1
       0
       1
       2
       0
       1
       0
       0
       0
       0
       0
       1
       0
       0
       1
       0
       0
       0
       0
       1
       1
       0
       0
       0
       1
       0
       0
       0
       0
       0
       1
       0
       0
       1
       1
       0
       0
       0
       0
       0
       0
       0
       1
       1
       0
       0
       0
       1
       0
       0
       1
       0
       0
       0
       2
       1
       1
       1
       0
       0
       3
       1
       2
       1
       0
       1
       1
       0
       0
       0
       0
       0
       0
       0
       0
       0
       0
       2
       0
       0
       0
       0
       0
       1
       0
       0
       1
       0
       1
       2
       1
       2
       0
       0
       0
       0
       2
       0
       0
       2
       0
       0
       1
       0
       1
       0
       2
       0
       0
       0
       0
       0
       0
       0
       0
       1
       1
       1
       1
       0
       0
       1
       0
       0
       1
       2
       0
       1
       0
       0
       2
       0
       1
       1
       0
       0
       0
       0
       0
       1
       1
       0
       1
       1
       0
       0
       1
       0
       1
       0
       2
       1
       0
       0
       0
       0
       0
       1
       0
       0
       0
       0
       2
       1
       1
       0
       0
       0
       1
       0
       0
       1
       0
       0
       0
       1
       0
       0
       1
       0
       0
       0
       0
       0
       0
       1
       1
       0
       1
       1
       2
       0
       0
       0
       0
       1
       0
       2
       1
       0
       0
       1
       0
       0
       0
       1
       0
       0
       1
       0
       0
       0
       0
       0
       1
       1
       2
       0
       0
       0
       1
       0
       0
       0
       0
       0
       0
       0
       0
       0
       0
       0
       0
       0
       0
       0
       0
       0
       0
       1
       0
       0
       0
       0
       0
       0
       0
       0
       0
       0
       1
       0
       1
       0
       2
       0
       0
       1
       0
       0
       0
       0
       0
       0
       0
       0
       0
       1
       0
       0
       0
       0
       1
       0
       0
       0
       0
       1
       0
       0
       0
       0
       0
       0
       0
       0
       0
       1
       0
       0
       0
       0
       0
       0
       0
       0
       0
       0
       0
       0
       1
       0
       0
       0
       0
       0
       0
       0
       1
       0
       0
       0
       0
       0
       0
       0
       1
       0
       0
       1
       0
       0
       0
       0
       0
       0
       0
       0
       0
       0
       0
       1
       0
       0
       0
       2
       0
       0
       0
       1
       0
       1
       0
       0
       0
       0
       0
       0
       1
       0
       0
       1
       0
       1
       1
       1
       1
       0
       0
       0
       0
       0
       0
       1
       0
       0
       1
       0
       1
       0
       1
       0
       1
       0
       0
       0
       0
       0
       0
       0
       1
       0
       2
       0
       0
       1
       2
       1
       0
       2
       0
       1
       0
       1
       0
       0
       0
       0
       0
       0
       0
       1
       1
       0
       1
       1
       1
       0
       0
       1
       0
       0
       0
       1
       0
       2
       0
       0
       0
       1
       1
       0
       1
       0
       0
       0
       0
       0
       0
       0
       0
       0
       1
       0
       1
       0
       0
       0
       0
       0
       1
       0
       0
       0
       1
       0
       0
       0
       2
       0
       0
       0
       0
       0
       0
       0
       0
       0
       0
       0
       1
       0
       0
       0
       1
       0
       0
       1
       1
       0
       0
       1
       0
       1
       0
       1
       0
       0
       0
       0
       0
       0
       1
       0
       0
       1
       2
       1
       1
       0
       1
       0
       0
       0
       0
       0
       0
       1
       2
       0
       0
       1
       0
       0
       0
       1
       1
       0
       0
       0
       0
       1
       0
       0
       0
       1
       0
       0
       0
       0
       0
       0
       1
       0
       0
       0
       0
       1
       0
       0
       0
       0
       1
       1
       0
       0
       0
       0
       0
       1
       0
       0
       2
       0
       0
       0
       0
       0
       1
       0
       1
       0
       1
       1
       0
       0
       0
       0
       0
       0
       1
       0
       0
       0
       0
       0
       0
       1
       0
       0
       0
       0
       0
       0
       0
       0
       0
       0
       0
       0
       0
       1
       0
       1
       1
       0
       0
       0
       0
       0
       0
       3
       0
       1
       0
       0
       0
       1
       1
       0
       1
       0
       0
       0
       2
       1
       0
       0
       0
       0
       0
       0
       1
       0
       1
       0
       0
       0
       1
       0
       0
       0
       0
       1
       0
       0
       0
       0
       0
       0
       0
       0
       2
       0
       0
       0
       0
       0
       0
       1
       0
       0
       1
       0
       0
       0
       0
       0
       0
       1
       0
       1
       0
       0
       0
       1
       0
       1
       1
       0
       0
       0
       0
       0
       0
       0
       0
       0
       1
       0
       0
       0
       0
       0
       1
       0
       0
       0
       1
       0
       0
       0
       1
       0
       0
       0
       1
       1
       0
       0
       1
       0
       0
       0
       0
       0
       0
       0
       0
       1
       0
       0
       0
       0
       0
       0
       2
       0
       0
       0
       0
       0
       1
       0
       0
       0
       0
       0
       0
       0
       1
       0
       0
       0
       1
       0
       0
       0
       0
       0
       0
       0
       0
       0
       0
       0
       0
       0
       1
       0
       0
       0
       0
       1
       1
       0
       0
       0
       0
       0
       1
       0
       0
       0
       0
       0
       0
       0
       0
       0
       1
       1
       0
       0
       1
       0
       0
       0
       0
       0
       0
       0
       0
       0
       0
       1
       1
       0
       0
       0
       0
       0
       0
       0
       1
       1
       0
       0
       0
       1
       1
       0
       1
       0
       0
       0
       0
       0
       0
       0
       0
       1
       0
       1
       0
       2
       0
       1
       0
       0
       0
       0
       1
       1
       0
       1
       0
       0
       0
       1
       0
       0
       0
       0
       1
       0
       0
       1
       0
       0
       0
       0
       0
       0
       0
       0
       1
       0
       0
       1
       0
       0
       0
       1
       0
       0
       0
       0
       0
       0
       0
       0
       0
       0
       0
       0
       0
       0
       1
       0
       0
       0
       0
       0
       0
       0
       0
       0
       0
       1
       0
       0
       0
       0
       0
       0
       1
       0
       1
       0
       0
       0
       0
       0
       0
       0
       0
       0
       0
       0
       0
       0
       0
       0
       0
       0
       0
       0
       0
       0
       0
       0
       1
       1
       0
       1
       0
       0
       1
       0
       0
       0
       0
       0
       0
       0
       0
       0
       1
       0
       4
       1
       0
       1
       1
       1
       1
       0
       1
       1
       0
       0
       2
       0
       0
       0
       0
       0
       0
       1
       0
       0
       1
       0
       0
       0
       0
       0
       0
       0
       0
       0
       0
       0
       0
       1
       0
       0
       0
       0
       0
       1
       0
       0
       0
       0
       0
       2
       0
       0
       0
       0
       0
       0
       1
       0
       0
       0
       0
       0
       0
       0
       1
       0
       0
       0
       0
       0
       0
       0
       0
       0
       0
       0
       0
       0
       0
       0
       0
       0
       0
       0
       0
       0
       0
       1
       0
       0
       0
       0
       1
       0
       0
       0
       0
       0
       0
       0
       0
       1
       0
       1
       0
       0
       0
       0
       1
       0
       0
       0
       1
       0
       0
       0
       0
       0
       1
       0
       0
       0
       1
       0
       0
       0
       1
       0
       0
       0
       0
       0
       0
       0
       0
       2
       2
       1
       4
       2
       2
       3
       5
       5
       5
       3
       1
       8
       5
       2
       1
       0
       0
       1
       1
       0
       0
       0
       0
       0
       0
       0
       0
       1
       0
       0
       1
       1
       0
       0
       0
       0
       0
       0
       0
       0
       0
       0
       0
       1
       0
       0
       0
       1
       0
       0
       0
       0
       0
       0
       0
       0
       0
       0
       1
       0
       0
       0
       1
       0
       1
       0
       0
       0
       0
       0
       0
       0
       0
       0
       0
       1
       0
       0
       0
       0
       0
       0
       0
       0
       0
       0
       0
       0
       0
       0
       0
       0
       0
       0
       0
       0
       0
       0
       0
       0
       0
       0
       0
       0
       0
       0
       0
       0
       0
       0
       2
       0
       0
       0
       0
       0
       0
       0
       0
       1
       0
       0
       0
       0
       0
       0
       1
       0
       0
       0
       0
       0
       0
       0
       0
       0
       0
       0
       0
       0
       0
       0
       0
       0
       0
       0
       0
       0
       0
       0
       0
       0
       1
       0
       1
       0
       0
       0
       0
       0
       0
       0
       0
       0
       0
       0
       0
       0
       0
       1
       0
       0
       0
       0
       0
       0
       0
       0
       0
       0
       0
       0
       0
       0
       0
       0
       1
       0
       0
       0
       0
       0
       0
       0
       0
       0
       2
       0
       0
       0
       0
       1
       0
       0
       0
       0
       0
       0
       0
       0
       0
       1
       0
       0
       1
       0
       0
       1
       0
       0
       0
       0
       0
       0
       0
       0
       0
       0
       1
       0
       1
       0
       1
       1
       0
       0
       0
       0
       0
       0
       0
       0
       0
       0
       0
       0
       0
       0
       0
       1
       0
       0
       1
       0
       0
       0
       0
       0
       1
       0
       0
       1
       0
       0
       0
       0
       0
       0
       0
       0
       0
       1
       0
       0
       0
       0
       0
       0
       0
       0
       0
       0
       0
       0
       0
       0
       0
       0
       0
       0
       0
       0
       1
       0
       0
       0
       0
       0
       0
       1
       0
       0
       0
       0
       0
       0
       0
       1
       0
       1
       0
       0
       0
       0
       0
       0
       0
       0
       1
       0
       0
       2
       0
       0
       0
       2
       0
       0
       0
       1
       0
       0
       0
       1
       0
       1
       2
       0
       1
       0
       1
       1
       0
       0
       0
       0
       0
       1
       1
       0
       0
       1
       0
       0
       0
       0
       0
       0
       0
       0
       0
       0
       0
       0
       0
       0
       0
       0
       0
       0
       0
       0
       0
       0
       1
       1
       0
       1
       0
       0
       0
       0
       0
       0
       0
       0
       0
       0
       0
       0
       0
       0
       0
       0
       0
       0
       0
       1
       0
       0
       0
       0
       1
       1
       0
       0
       0
       0
       0
       1
       1
       0
       1
       0
       1
       0
       0
       0
       0
       0
       0
       1
       0
       0
       0
       0
       1
       0
       1
       0
       0
       0
       0
       0
       0
       0
       0
       0
       0
       1
       0
       0
       0
       0
       0
       1
       0
       0
       1
       0
       0
       0
       0
       1
       1
       1
       0
       0
       0
       0
       0
       0
       0
       0
       0
       0
       0
       0
       1
       0
       1
       0
       0
       1
       0
       0
       0
       0
       0
       0
       0
       1
       0
       0
       0
       0
       0
       0
       0
       0
       1
       2
       1
       0
       0
       0
       0
       0
       1
       0
       0
       0
       0
       0
       0
       0
       0
       0
       0
       0
       1
       0
       0
       1
       0
       0
       1
       1
       0
       1
       2
       0
       0
       1
       1
       0
       0
       0
       0
       0
       0
       0
       0
       0
       1
       1
       0
       2
       0
       0
       0
       1
       0
       0
       0
       0
       1
       0
       0
       0
       0
       0
       0
       0
       0
       1
       0
       0
       0
       0
       1
       0
       0
       0
       0
       0
       0
       0
       0
       0
       0
       0
       0
       1
       0
       0
       0
       0
       0
       0
       0
       0
       0
       0
       1
       0
       0
       0
       0
       0
       0
       0
       0
       1
       1
       0
       0
       0
       0
       0
       0
       0
       0
       0
       0
       0
       0
       0
       0
       0
       1
       0
       0
       1
       0
       0
       0
       0
       0
       0
       0
       0
       0
       0
       0
       0
       0
       0
       0
       0
       1
       1
       0
       0
       0
       0
       0
       0
       0
       0
       0
       0
       0
       0
       1
       0
       0
       0
       0
       0
       0
       0
       0
       0
       0
       0
       0
       0
       0
       0
       0
       0
       0
       0
       0
       1
       1
       0
       0
       1
       0
       0
       0
       0
       0
       0
       0
       0
       0
       0
       0
       0
       0
       0
       0
       0
       0
       1
       1
       0
       0
       0
       0
       0
       0
       0
       0
       0
       0
       0
       0
       0
       1
       0
       0
       0
       1
       0
       1
       0
       0
       0
       0
       0
       0
       0
       0
       0
       0
       0
       0
       0
       0
       0
       0
       0
       0
       0
       0
       1
       0
       0
       0
       0
       0
       0
       0
       0
       2
       0
       0
       1
       0
       0
       0
       0
       0
       1
       0
       0
       0
       0
       0
       0
       0
       0
       1
       0
       0
       1
       0
       0
       0
       0
       0
       0
       0
       0
       0
       1
       0
       1
       0
       0
       0
       1
       0
       0
       0
       0
       0
       0
       0
       0
       0
       0
       1
       0
       0
       0
       0
       0
       0
       0
       0
       0
       0
       0
       0
       0
       0
       0
       0
       0
       0
       0
       0
       0
       1
       0
       0
       0
       0
       1
       0
       0
       0
       0
       0
       0
       0
       0
       0
       0
       0
       0
       0
       0
       0
       0
       1
       0
       0
       0
       0
       0
       0
       0
       0
       0
       0
       0
       0
       0
       0
       0
       0
       0
       0
       0
       0
       0
       0
       1
       0
       0
       0
       0
       0
       0
       1
       0
       0
       0
       1
       0
       0
       1
       0
       0
       1
       0
       0
       0
       0
       1
       0
       0
       0
       0
       1
       0
       0
       0
       0
       0
       0
       0
       0
       0
       0
       0
       0
       0
       0
       0
       0
       0
       0
       0
       1
       0
       0
       0
       1
       1
       0
       0
       0
       0
       0
       0
       0
       0
       0
       0
       1
       0
       0
       1
       1
       0
       1
       0
       0
       0
       0
       1
       0
       0
       0
       0
       0
       0
       0
       0
       0
       0
       0
       0
       0
       0
       0
       0
       0
       0
       0
       0
       0
       0
       0
       0
       0
       0
       0
       0
       1
       0
       0
       0
       0
       1
       0
       0
       1
       0
       0
       0
       0
       0
       0
       1
       0
       0
       0
       1
       0
       1
       0
       1
       0
       0
       0
       0
       0
       0
       0
       0
       0
       0
       0
       0
       0
       0
       0
       0
       0
       0
       0
       0
       0
       0
       0
       0
       0
       0
       0
       0
       0
       0
       0
       0
       0
       1
       0
       0
       0
       0
       0
       0
       0
       0
       0
       0
       0
       1
       0
       0
       1
       0
       1
       0
       0
       1
       0
       1
       0
       1
       0
       1
       0
       0
       0
       1
       0
       0
       1
       0
       0
       0
       0
       1
       0
       1
       0
       0
       0
       0
       0
       1
       0
       0
       1
       0
       0
       0
       0
       0
       0
       1
       0
       0
       0
       0
       0
       0
       0
       0
       0
       2
       0
       0
       0
       0
       0
       1
       0
       1
       0
       0
       0
       0
       0
       0
       0
       0
       0
       0
       0
       0
       1
       0
       0
       0
       1
       0
       0
       0
       0
       0
       0
       0
       0
       0
       0
       2
       0
       1
       1
       0
       0
       0
       2
       0
       0
       0
       0
       0
       0
       0
       0
       1
       0
       0
       0
       0
       1
       0
       1
       0
       0
       0
       0
       0
       0
       0
       0
       0
       0
       1
       0
       0
       0
       0
       0
       0
       0
       0
       0
       0
       0
       0
       0
       0
       0
       0
       0
       0
       0
       0
       0
       0
       0
       0
       0
       1
       0
       0
       0
       0
       0
       0
       0
       0
       0
       0
       1
       0
       0
       0
       0
       0
       0
       0
       0
       0
       0
       0
       0
       0
       0
       0
       0
       0
       1
       0
       0
       0
       0
       0
       0
       0
       0
       0
       0
       0
       0
       0
       0
       0
       0
       0
       0
       0
       0
       0
       0
       0
       0
       1
       0
       0
       0
       0
       0
       0
       0
       0
       1
       1
       1
       0
       0
       2
       0
       0
       0
       0
       0
       0
       1
       1
       0
       0
       0
       0
       0
       1
       0
       1
       0
       0
       0
       0
       0
       0
       0
       0
       1
       0
       1
       0
       0
       0
       0
       0
       0
       0
       0
       1
       0
       0
       0
       5
$ROI:
11
224 244
765 907
1350 1411
1828 1908
2525 2667
2716 2799
3716 3817
4331 4427
4564 4622
5085 5259
5690 5768
$PRESETS:
Live Time
600
0
$ENER_FIT:
0.053689 0.255148
$MCA_CAL:
3
5.368913E-002 2.551478E-001 -1.853380E-009 keV
$SHAPE_CAL:
3
6.992400E+000 7.812671E-004 -3.508660E-008
