$SPEC_ID:
No sample description was entered.
$SPEC_REM:
DET# 1
DETDESC# GMX20P4 HPGe
AP# Maestro Version 7.01
$DATE_MEA:
11/27/2018 16:51:58
$MEAS_TIM:
600 603
$DATA:
0 8191
       0
       0
       0
       0
       0
       0
       0
       0
       0
       0
       0
       0
       0
       0
       0
       0
       0
       0
       0
       0
       0
       0
       0
       0
       0
       0
       0
       0
       0
       0
       0
       0
       0
       0
       0
       0
       0
       0
       0
       0
       0
       0
       0
       0
       0
       0
       0
       4
      36
     144
     329
     495
     490
     564
     558
     528
     470
     530
     567
     547
     556
     511
     521
     529
     496
     494
     494
     501
     524
     507
     488
     546
     589
     546
     539
     593
     564
     555
     599
     672
     617
     620
     623
     620
     582
     534
     532
     446
     477
     487
     546
     526
     570
     599
     612
     625
     619
     594
     511
     487
     536
     518
     565
     513
     560
     634
     687
     738
     781
     914
     882
    1012
    1061
    1279
    1497
    1832
    2234
    2726
    3273
    3680
    3869
    3906
    3417
    2935
    2303
    1690
    1204
     919
     726
     565
     572
     576
     679
     883
     980
    1072
    1190
    1238
    1189
    1054
     901
     799
     553
     443
     367
     271
     231
     202
     216
     184
     209
     194
     188
     174
     180
     185
     161
     190
     191
     169
     192
     193
     167
     193
     196
     169
     208
     183
     181
     170
     189
     208
     218
     175
     198
     164
     186
     179
     170
     196
     200
     215
     224
     198
     199
     192
     213
     212
     209
     237
     178
     201
     202
     209
     199
     208
     207
     245
     244
     232
     254
     230
     249
     269
     322
     303
     388
     369
     412
     357
     393
     307
     318
     264
     245
     239
     227
     248
     177
     235
     220
     230
     226
     228
     238
     245
     241
     237
     200
     240
     253
     274
     264
     287
     254
     251
     248
     273
     254
     286
     313
     325
     318
     319
     319
     347
     342
     320
     319
     339
     335
     377
     354
     379
     367
     359
     390
     349
     370
     390
     391
     403
     416
     385
     361
     377
     398
     407
     389
     404
     395
     405
     357
     357
     377
     388
     342
     377
     337
     372
     345
     365
     313
     330
     317
     310
     343
     356
     309
     335
     324
     350
     301
     331
     327
     294
     325
     319
     317
     299
     304
     327
     315
     310
     363
     318
     378
     434
     512
     590
     833
    1109
    1440
    1919
    2476
    3108
    3545
    3572
    3611
    3378
    2803
    2203
    1579
    1031
     744
     450
     331
     254
     202
     179
     173
     183
     195
     177
     169
     169
     165
     178
     191
     172
     166
     200
     171
     192
     171
     185
     183
     175
     150
     155
     182
     188
     160
     188
     159
     193
     175
     169
     147
     191
     176
     180
     163
     185
     174
     170
     213
     159
     173
     187
     180
     163
     167
     177
     176
     187
     184
     167
     145
     181
     156
     179
     200
     179
     171
     166
     187
     164
     197
     180
     183
     184
     190
     160
     183
     172
     189
     169
     186
     168
     168
     168
     198
     171
     158
     173
     185
     171
     184
     178
     194
     191
     183
     165
     165
     192
     151
     164
     188
     176
     168
     197
     188
     190
     184
     188
     155
     171
     164
     186
     183
     158
     181
     186
     203
     173
     183
     163
     189
     157
     182
     184
     202
     189
     155
     162
     183
     173
     185
     191
     195
     177
     188
     152
     172
     179
     175
     170
     166
     176
     158
     193
     162
     186
     180
     161
     180
     172
     177
     166
     143
     163
     186
     185
     160
     181
     162
     165
     152
     145
     185
     168
     160
     177
     154
     172
     152
     165
     185
     176
     178
     176
     181
     158
     167
     169
     183
     164
     160
     143
     170
     175
     151
     175
     163
     191
     177
     180
     179
     161
     158
     178
     142
     162
     176
     150
     178
     147
     160
     161
     173
     183
     177
     169
     179
     158
     152
     166
     164
     149
     164
     169
     184
     181
     172
     202
     154
     168
     173
     154
     166
     152
     184
     174
     178
     179
     172
     173
     169
     156
     179
     167
     140
     176
     168
     132
     153
     174
     153
     174
     164
     167
     176
     172
     184
     166
     152
     158
     156
     168
     163
     174
     163
     157
     150
     183
     167
     156
     171
     186
     176
     180
     164
     173
     208
     177
     176
     174
     191
     159
     164
     199
     200
     188
     179
     165
     179
     180
     157
     193
     168
     179
     177
     199
     183
     184
     164
     165
     165
     201
     194
     198
     173
     191
     191
     168
     166
     161
     171
     180
     171
     202
     185
     177
     193
     179
     204
     216
     200
     257
     212
     258
     213
     178
     185
     215
     175
     181
     160
     182
     172
     152
     200
     168
     155
     179
     161
     179
     150
     176
     170
     166
     196
     171
     158
     147
     174
     168
     141
     167
     155
     154
     138
     150
     169
     161
     160
     173
     151
     174
     168
     179
     157
     157
     171
     156
     151
     151
     153
     152
     148
     144
     138
     145
     132
     147
     139
     156
     153
     164
     154
     132
     156
     161
     156
     141
     150
     166
     151
     162
     137
     139
     154
     144
     178
     152
     185
     154
     159
     155
     147
     157
     151
     158
     144
     129
     146
     152
     176
     162
     163
     165
     165
     155
     159
     146
     149
     169
     147
     175
     147
     185
     167
     158
     141
     141
     145
     130
     140
     176
     152
     157
     122
     142
     154
     172
     147
     157
     153
     137
     146
     135
     125
     137
     142
     144
     154
     141
     165
     138
     131
     174
     158
     143
     151
     141
     134
     139
     155
     146
     144
     135
     133
     159
     153
     133
     152
     133
     145
     147
     131
     145
     140
     127
     140
     125
     140
     142
     147
     127
     141
     127
     154
     151
     128
     162
     138
     125
     149
     110
     141
     143
     116
     119
     121
     126
     128
     122
     111
     121
     129
     111
     110
     111
     129
     116
     103
     105
     121
     114
     110
     100
     110
     120
     113
     109
     114
     107
      86
     111
     100
      94
     112
      99
     109
     106
      91
     105
      92
     101
     113
     100
      89
      80
     103
      95
      94
      93
      90
     105
      99
     105
     101
      94
      84
     103
      81
      87
      72
     102
      94
     112
      96
      73
      74
      83
     101
      73
     103
      80
     109
     101
     104
     105
     101
     102
     105
     121
     113
     115
      99
      92
      88
      96
      78
      77
      86
      80
      80
      69
      74
      76
      76
      72
      67
      67
      69
      80
      69
      76
      72
      68
      71
      79
      75
      79
      80
      63
      71
      82
      82
      90
      56
      63
      59
      64
      66
      78
      76
      58
      56
      61
      67
      65
      61
      75
      58
      67
      79
      73
      53
      72
      88
      86
      91
      75
      76
      68
      95
      77
      68
      67
      68
      65
      64
      66
      52
      61
      76
      72
      64
      56
      57
      67
      59
      55
      51
      51
      59
      72
      63
      47
      60
      51
      60
      43
      46
      68
      48
      53
      52
      46
      58
      47
      49
      43
      54
      70
      47
      45
      55
      54
      50
      56
      57
      66
      52
      43
      58
      63
      46
      48
      56
      44
      48
      46
      60
      36
      48
      48
      51
      51
      49
      61
      44
      41
      43
      31
      53
      58
      63
      53
      48
      60
      61
      59
      49
      42
      40
      51
      36
      54
      42
      39
      48
      40
      49
      50
      44
      41
      39
      37
      39
      55
      37
      47
      46
      48
      48
      43
      42
      49
      42
      47
      45
      35
      47
      46
      57
      40
      39
      48
      39
      44
      52
      48
      44
      49
      48
      45
      50
      32
      43
      41
      39
      39
      39
      42
      50
      47
      61
      53
      41
      52
      53
      61
      88
     118
     143
     224
     305
     393
     457
     477
     481
     459
     434
     359
     258
     173
     135
      91
      68
      53
      46
      43
      39
      23
      27
      29
      36
      35
      25
      35
      31
      40
      38
      34
      46
      29
      42
      34
      37
      33
      34
      36
      27
      39
      43
      33
      23
      31
      25
      39
      29
      29
      31
      39
      30
      31
      41
      40
      25
      27
      44
      24
      25
      23
      34
      40
      41
      37
      32
      31
      33
      37
      33
      37
      41
      31
      36
      37
      32
      42
      46
      47
      46
      42
      44
      44
      52
      47
      37
      36
      26
      26
      36
      38
      24
      32
      42
      34
      31
      31
      29
      47
      47
      67
      84
     107
     154
     242
     386
     567
     736
     931
    1100
    1100
    1111
    1027
     860
     597
     507
     261
     206
     129
      73
      54
      30
      37
      23
      29
      23
      21
      32
      33
      32
      29
      19
      20
      26
      30
      19
      24
      29
      23
      20
      28
      20
      14
      34
      19
      22
      32
      26
      25
      34
      27
      29
      26
      22
      26
      23
      33
      29
      19
      30
      21
      23
      27
      33
      30
      24
      24
      24
      25
      29
      23
      30
      31
      17
      33
      21
      24
      24
      26
      24
      21
      23
      26
      23
      26
      20
      31
      25
      16
      18
      18
      27
      23
      27
      22
      16
      27
      26
      20
      30
      16
      31
      30
      23
      21
      31
      29
      29
      21
      31
      21
      26
      30
      19
      22
      35
      22
      19
      24
      13
      24
      32
      21
      27
      20
      25
      23
      33
      21
      25
      16
      26
      25
      24
      25
      25
      33
      18
      20
      17
      22
      24
      30
      28
      24
      33
      28
      28
      29
      25
      31
      17
      28
      29
      21
      25
      24
      25
      27
      26
      28
      32
      21
      14
      24
      15
      25
      30
      23
      24
      28
      21
      26
      19
      25
      23
      22
      31
      23
      23
      26
      28
      20
      19
      27
      21
      21
      19
      28
      19
      21
      26
      23
      26
      22
      24
      37
      38
      32
      25
      47
      54
      47
      54
      46
      51
      52
      55
     100
     144
     222
     398
     633
    1025
    1494
    1990
    2449
    2806
    3076
    3094
    2771
    2326
    1887
    1332
     902
     521
     334
     186
      89
      43
      22
      11
      12
       9
       7
      13
       8
      14
       9
      10
      15
       8
      10
       6
      10
      13
       8
      14
       7
      10
       8
      10
      16
       5
      11
      13
      14
      16
      10
      19
       9
      12
       9
       9
       9
      14
      14
       7
      10
       6
      10
      13
       5
       4
       7
      10
      12
       5
      13
      13
      15
      12
       7
      21
      17
      10
      10
      10
       7
      17
      11
       8
       8
      10
       9
      13
      11
      10
       6
      13
      11
       9
       7
       7
       9
       9
      11
      10
      10
       6
      15
       8
       8
      10
      15
      11
      13
      26
      15
      45
      57
      90
     131
     177
     304
     310
     385
     428
     398
     370
     337
     263
     197
     120
      71
      55
      40
      31
      20
      23
      15
      18
      26
      12
      12
      15
      13
       6
      11
       5
      12
       7
       7
       9
      11
      10
       5
       4
      10
      11
       4
      12
      12
      14
      11
      10
       6
       6
      12
       8
       5
       6
       5
      14
       9
      11
       9
       9
       8
      11
       4
       4
       8
       6
       5
       5
       7
       9
       7
      10
       8
       4
       8
      11
      11
       8
       9
       9
      11
      12
       3
       7
       9
       8
      11
       2
       9
       9
      11
       8
       5
       9
       9
       6
      10
      12
       8
       8
       8
       5
       9
       5
       6
       9
      13
       8
       7
       7
       8
       8
       7
       9
       7
      10
       6
       7
       7
       9
       6
       5
      10
      11
       9
      11
      13
       8
       4
       8
      12
       8
      10
      10
       7
      10
       8
      10
       6
       7
       4
      11
      12
       6
       5
      12
       5
       9
       5
       3
       7
      11
       7
       7
      16
       6
       6
       5
       5
       4
       9
       7
      14
       9
       7
      10
      13
       3
      11
       8
       5
      10
       5
       7
       8
       9
       7
       9
       7
      12
       9
       7
       4
       8
       8
      11
       7
       7
       3
       7
      13
       5
       4
       5
       4
       5
       8
       3
       3
       3
       7
       5
       8
       9
      10
       9
       5
       3
       6
       6
       7
      11
       9
      10
       7
      15
      15
      13
      11
      18
      13
      13
       7
      12
       3
       7
      11
       5
      11
       4
       4
       8
       6
       7
       8
       7
      12
      10
       2
      10
       3
       4
      12
       6
       4
       4
       9
       5
       6
       6
       9
       5
       8
       6
      11
      10
       4
       8
       3
       7
      12
       2
      13
       7
       8
       7
       6
       5
       5
       6
      13
      10
       6
       8
       4
       7
       4
       3
       8
       9
      10
       4
       6
       8
       6
       5
       9
       6
       3
       5
       2
       6
       5
       8
       7
       4
       2
       5
       4
       4
       8
       6
       9
       8
       5
       5
       5
       8
       3
       2
       9
       5
       6
       6
       3
       1
      11
      12
       6
       9
       7
       7
       6
       8
       3
       6
       7
       6
       5
       4
       3
       3
       2
       6
       7
       9
       8
       6
       6
       7
       5
       7
      11
       6
       6
       3
       2
       9
       7
       4
       8
       6
       4
       3
       8
       6
       4
       8
       6
       1
       6
       7
       6
       7
       9
       6
       8
       9
       8
       6
       7
       4
       5
       5
       7
       3
       6
       7
       6
       9
       8
       5
       7
       5
       3
       5
       7
       4
       5
       2
       5
       4
       9
       9
       8
       5
       4
       7
       3
       9
       8
       8
       8
       4
       5
       5
       5
       7
       7
       5
       3
       6
       8
       4
       5
       7
      11
       5
       2
       5
       4
       7
       7
      10
       4
       7
       6
       3
       4
       4
       4
       3
       3
       6
       5
       4
       4
       5
       6
       8
       5
       8
       6
       6
       2
       5
       1
       9
       9
       7
       3
       5
       7
       8
       4
       3
       5
      11
       7
       5
       6
       1
       3
       3
       5
       6
       4
       7
       2
       7
       4
       5
       3
       0
       5
       2
       3
       7
       4
       6
       3
       6
       4
       8
       5
       4
       3
       4
       3
       5
       2
       8
       6
      10
       1
       5
       6
       1
       6
       7
       6
       9
      11
       7
       7
       3
       8
      13
      10
      10
      11
       8
       8
       4
       6
      11
       6
       7
       2
       9
       7
       7
       8
       3
       4
       7
       4
       2
       5
       6
       4
       4
       3
       6
       7
       6
       7
       6
       1
       4
       5
       5
       2
       6
       6
       4
       9
       6
       3
       3
       4
       5
       2
       5
       5
       5
       6
       5
       4
       3
       3
       1
       4
       7
       4
       5
       4
       4
       4
       3
       4
       3
       5
       4
       4
       5
       7
       6
       5
       5
       3
       2
      11
       7
       7
       6
       2
       5
       7
       2
       5
       3
       5
       2
       2
       8
       1
       2
       4
       4
       7
       3
       5
       6
       3
       5
       3
       4
       4
       5
       4
       6
       2
       2
       3
       5
       4
       5
       2
       4
       6
       6
       2
       0
       4
       0
       6
       6
       4
       4
       7
       6
       2
       5
       1
       5
       2
       5
       4
       7
       4
       2
       5
       2
       4
       4
       3
       6
       4
       2
       7
       4
       1
       9
       5
       6
       2
       5
       2
       2
       7
       1
       2
       3
       3
       5
       2
       3
       2
       3
       4
       6
       7
       1
       5
       7
       4
       4
       2
       1
       4
       3
       3
       5
       8
       7
       3
       6
       3
       1
       5
       5
       9
       6
       4
       5
       5
       4
       5
       7
       3
       4
       4
       1
       5
       3
       3
       9
       6
       5
       1
       8
       4
       5
       5
       5
       2
       4
       4
       3
       3
       2
       3
       6
       2
       2
       5
       2
       7
       2
       4
       2
       7
       4
       6
       2
       6
       6
       4
       3
       7
       6
       6
       4
       6
       8
       7
       4
       3
       5
       3
       8
       5
       4
       1
       5
       5
       3
       3
       1
       4
       4
       5
       5
       8
       4
       4
       5
       5
       3
       4
       5
       4
       7
       7
       3
       6
       6
       2
       4
       4
       4
       6
       8
       5
       7
       5
       9
      19
      14
      17
      12
      18
      16
       8
       8
       7
      10
       2
       3
       3
       4
       3
       8
       3
       4
       4
       4
       1
       4
       3
       4
       1
       3
       5
       3
       5
       1
       1
       2
       2
       9
       3
       0
       4
       4
       2
       2
       3
       4
       2
       4
       4
       4
       6
       4
       2
       7
       3
       5
       6
       6
       0
       7
       3
       5
       3
       4
       2
       1
       3
       2
       1
       2
       3
       3
       2
       4
       7
       4
       3
       4
       1
       2
       5
       4
       3
       2
       3
       4
       2
       1
       3
       2
       1
       2
       5
       0
       0
       4
       7
       7
       5
       7
       7
       6
       5
      10
      11
      17
      16
      25
      29
      34
      25
      17
      20
      18
      12
      11
       6
       6
       4
       4
       3
       6
       0
       4
       5
       4
       4
       1
       9
       2
       6
       2
       3
       2
       4
       4
       2
       2
       3
       7
      11
       3
       6
       3
       3
       5
       8
       4
       4
       1
      10
       4
       1
       6
       3
       3
       4
       2
       1
       2
       4
       0
       3
       1
       4
       1
       3
       3
       3
       6
       1
       3
       3
       2
       3
       2
       7
       2
       7
       2
       5
       6
       6
       6
       3
       3
       1
       1
       2
       2
       5
       5
       4
       2
       4
       6
       3
       4
       1
       1
       5
       4
       7
       1
       2
       2
       8
       4
       3
       3
       3
       2
       3
       2
       1
       6
       1
       3
       2
       3
       5
       7
       4
       4
       3
       4
       2
       4
       3
       2
       3
       3
       7
       4
       2
       3
       6
       4
       4
       1
       3
       5
       2
       2
       5
       3
       3
       3
       5
       8
       5
       3
       1
       8
       2
       3
       2
       3
       3
       3
       4
       1
       2
       1
       3
       2
       6
       3
       3
       2
       5
       5
       2
       2
       2
       2
       5
       4
       5
       4
       3
       2
       3
       1
       3
       2
       1
       3
       1
       9
       3
       3
       6
       5
       9
       4
       0
       3
       1
       1
       2
       5
       6
       2
       2
       7
       5
       7
       7
       8
      18
      20
      21
      25
      28
      36
      18
      19
      10
      12
       7
      13
       4
       5
       2
       4
       5
       2
       4
       4
       5
       4
       5
       6
       1
       4
       1
       2
       5
       2
       5
       2
       2
       6
       3
       4
       8
       3
       3
       2
       4
       1
       3
       1
       2
       3
       0
       4
       5
       2
       4
       2
       1
       5
       2
       4
       3
       2
       2
       1
       4
       2
       0
       4
       1
       3
       4
       3
       5
       3
       2
       2
       3
       2
       5
       2
       3
       6
       1
       3
       2
       2
       2
       3
       1
       2
       4
       4
       2
       2
       4
       3
       2
       2
       3
       2
       2
       6
       2
       2
       2
       1
       3
       4
       2
       3
       6
       3
       1
       8
       3
       3
       1
       4
       1
       4
       3
       5
       4
       0
       0
       3
       3
       1
       1
       2
       4
       0
       3
       2
       2
       3
       4
       3
       6
       2
       2
       1
       2
       4
       3
       6
       1
       0
       4
       3
       7
       3
       5
       1
       3
       4
       1
       2
       3
       5
       1
       5
       2
       6
       4
       2
       5
       3
       4
       4
       0
       5
       2
       4
       1
       1
       6
       5
       4
       4
       2
       5
       2
       1
       2
       3
       6
       2
       7
       3
       2
       1
       2
       2
       6
       4
       2
       2
       5
       1
       1
       6
       1
       2
       3
       1
       3
       3
       6
       2
       3
       1
       2
       2
       3
       4
       2
       2
       5
       2
       3
       4
       5
       5
       4
       1
       2
       0
       2
       3
       3
       3
       2
       0
       4
       1
       4
       7
       5
       4
       4
       3
       4
       3
       6
       2
       8
       2
       2
       2
       4
       2
       5
       1
       4
       5
       4
       1
       3
       1
       4
       2
       6
       2
       1
       4
       6
       5
       0
       2
       3
       2
       1
       3
       3
       2
       3
       4
       2
       6
       5
       3
       5
       1
       3
       4
       3
       5
       2
       3
       2
       4
       3
       1
       3
       4
       1
       2
       4
       4
       4
       4
       4
       1
       4
       2
       4
       2
       2
       1
       2
       2
       4
       3
       4
       2
       3
       5
       2
       2
       2
       3
       3
       3
       4
       2
       5
       0
       1
       1
       1
       1
       1
       3
       0
       1
       6
       3
       1
       5
       3
       3
       5
       2
       3
       4
       3
       3
       1
       4
       3
       4
       3
       2
       6
       0
       3
       3
       3
       4
       0
       4
       7
       1
       5
       3
       2
       4
       2
       4
       3
       8
       1
       2
       2
       3
       3
       1
       3
       2
       2
       3
       4
       2
       1
       3
       2
       1
       1
       1
       4
       1
       2
       1
       4
       5
       4
       1
       4
       2
       3
       2
       2
       5
       2
       6
       5
       5
       2
       2
       5
       1
       5
       3
       2
       2
       2
       2
       2
       5
       1
       4
       3
       6
       5
       5
       3
       9
       3
       2
       3
       6
       2
       4
       0
       3
       3
       4
       3
       0
       3
       3
       6
       3
       1
       7
       0
       4
       4
       2
       0
       2
       4
       4
       0
       4
       4
       1
       3
       5
       4
       0
       3
       3
       2
       1
       3
       0
       6
       1
       3
       5
       3
       4
       2
       2
       5
       1
       1
       0
       1
       2
       3
       3
       3
       1
       4
       5
       0
       5
       5
       3
       0
       5
       2
       6
       1
       6
       1
       1
       2
       0
       3
       1
       2
       1
       0
       1
       1
       3
       2
       2
       2
       2
       3
       5
       2
       3
       4
       3
       4
       4
       1
       2
       2
       3
       2
       3
       2
       7
       2
       3
       4
       2
       3
       2
       2
       4
       5
       3
       3
       0
       3
       1
       1
       6
       2
       3
       1
       2
       3
       2
       1
       1
       2
       2
       4
       3
       4
       0
       3
       3
       2
       2
       1
       1
       1
       4
       2
       3
       4
       2
       4
       1
       3
       2
       4
       1
       2
       2
       4
       2
       1
       2
       0
       5
       1
       1
       5
       2
       3
       5
       1
       1
       1
       1
       1
       2
       3
       1
       2
       1
       0
       2
       3
       1
       2
       2
       4
       0
       1
       4
       4
       5
       2
       5
       4
       3
       4
       0
       1
       4
       2
       2
       3
       1
       4
       6
       0
       0
       0
       1
       4
       3
       1
       2
       2
       0
       3
       4
       1
       1
       4
       2
       2
       1
       1
       5
       1
       4
       0
       2
       2
       1
       3
       2
       2
       1
       1
       3
       1
       2
       1
       3
       3
       1
       6
       2
       3
       1
       4
       0
       2
       0
       0
       2
       0
       0
       2
       2
       2
       1
       1
       3
       0
       4
       1
       1
       4
       0
       4
       3
       1
       4
       7
       4
       4
       7
       1
       1
       1
       5
       3
       2
       5
       0
       0
       0
       0
       4
       5
       4
       0
       2
       4
       2
       1
       3
       3
       1
       1
       2
       2
       1
       1
       3
       3
       4
       1
       2
       4
       2
       4
       2
       0
       2
       3
       1
       1
       2
       1
       2
       1
       1
       0
       6
       1
       1
       1
       0
       1
       3
       3
       5
       1
       5
       4
       3
       2
       3
       1
       2
       4
       2
       1
       1
       5
       1
       3
       1
       1
       1
       1
       1
       3
       2
       1
       0
       1
       2
       2
       1
       1
       0
       3
       2
       1
       2
       2
       4
       4
       4
       3
       1
       0
       0
       3
       3
       3
       0
       2
       3
       5
       1
       2
       4
       2
       2
       1
       2
       3
       1
       2
       3
       2
       3
       2
       2
       1
       4
       2
       0
       2
       5
       2
       3
       4
       1
       1
       4
       5
       1
       2
       2
       1
       3
       2
       1
       3
       1
       0
       5
       2
       2
       1
       0
       2
       3
       1
       2
       4
       2
       2
       2
       2
       1
       1
       1
       0
       1
       0
       2
       0
       1
       3
       0
       1
       0
       2
       1
       2
       2
       1
       1
       1
       0
       3
       2
       0
       1
       2
       2
       3
       1
       4
       0
       3
       2
       5
       3
       2
       0
       2
       1
       1
       2
       3
       2
       3
       1
       0
       0
       3
       2
       1
       4
       2
       0
       4
       2
       1
       2
       5
       2
       5
       2
       3
       1
       5
       7
       4
       2
       5
       2
       0
       4
       0
       2
       1
       0
       2
       2
       3
       1
       2
       4
       3
       2
       1
       2
       6
       1
       2
       1
       2
       1
       1
       2
       2
       1
       1
       2
       2
       2
       1
       1
       5
       3
       2
       1
       0
       0
       2
       1
       2
       1
       3
       2
       1
       3
       1
       2
       1
       3
       1
       2
       2
       2
       3
       3
       6
       2
       3
       7
       6
       7
       4
      10
      13
       7
       5
       4
       3
       2
       3
       3
       1
       1
       2
       3
       5
       2
       1
       1
       0
       7
       1
       3
       1
       3
       2
       1
       5
       0
       4
       0
       3
       5
       1
       3
       5
       2
       3
       1
       1
       0
       0
       2
       2
       1
       2
       3
       0
       2
       5
       4
       5
       1
       0
       3
       2
       0
       1
       2
       1
       3
       1
       5
       4
       5
       4
       1
       2
       0
       2
       3
       3
       1
       5
       2
       4
       4
       4
       0
       1
       2
       0
       3
       1
       3
       5
       1
       3
       2
       4
       3
       2
       4
       2
       3
       3
       4
       2
       2
       3
       1
       1
       0
       2
       0
       0
       2
       3
       3
       1
       2
       2
       1
       4
       3
       5
       3
       1
       2
       3
       1
       0
       3
       0
       3
       3
       3
       1
       1
       2
       0
       1
       1
       1
       0
       3
       1
       3
       3
       0
       0
       1
       4
       1
       3
       3
       3
       2
       0
       5
       2
       1
       2
       2
       1
       0
       3
       1
       1
       2
       1
       2
       3
       2
       0
       1
       1
       3
       0
       2
       3
       1
       4
       1
       2
       2
       1
       2
       2
       0
       1
       4
       3
       1
       3
       1
       0
       0
       1
       2
       1
       2
       2
       4
       1
       0
       2
       1
       3
       0
       1
       3
       0
       1
       1
       1
       3
       1
       6
       2
       5
       5
       2
       4
       6
       1
       4
       0
       1
       3
       1
       1
       6
       2
       1
       6
       4
       3
       4
       6
       8
       3
       2
       3
       1
       2
       2
       2
       0
       1
       1
       1
       3
       6
       1
       3
       3
       1
       1
       3
       3
       1
       1
       3
       1
       0
       1
       2
       1
       0
       1
       2
       1
       0
       0
       0
       2
       0
       3
       3
       2
       4
       2
       1
       2
       3
       4
       1
       1
       1
       2
       1
       2
       3
       2
       0
       5
       3
       3
       2
       2
       0
       2
       0
       4
       1
       0
       2
       0
       2
       1
       0
       1
       0
       1
       1
       2
       1
       1
       1
       1
       4
       1
       0
       0
       2
       3
       0
       4
       3
       6
       2
       0
       3
       2
       0
       4
       3
       0
       1
       2
       1
       0
       1
       3
       3
       0
       1
       2
       3
       1
       3
       0
       3
       2
       4
       3
       2
       1
       1
       3
       1
       1
       1
       1
       4
       3
       1
       0
       4
       3
       0
       2
       1
       2
       0
       2
       3
       3
       2
       2
       1
       2
       3
       3
       2
       2
       1
       1
       3
       3
       1
       1
       0
       0
       2
       1
       2
       2
       0
       4
       1
       1
       0
       0
       2
       0
       4
       2
       3
       4
       2
       2
       0
       3
       4
       1
       4
       2
       0
       1
       3
       5
       1
       3
       2
       0
       4
       1
       1
       1
       3
       3
       0
       4
       0
       4
       1
       2
       3
       0
       3
       3
       2
       1
       1
       3
       0
       1
       3
       1
       0
       2
       0
       4
       1
       3
       2
       1
       2
       2
       2
       1
       2
       2
       2
       0
       2
       1
       3
       2
       1
       1
       3
       1
       0
       2
       0
       1
       1
       1
       2
       1
       1
       0
       2
       2
       1
       1
       1
       1
       4
       1
       1
       1
       2
       0
       3
       2
       1
       1
       0
       1
       2
       4
       3
       3
       0
       2
       1
       2
       2
       0
       0
       0
       0
       1
       1
       1
       1
       2
       2
       1
       1
       2
       1
       1
       0
       1
       1
       1
       1
       2
       1
       0
       2
       2
       0
       4
       1
       0
       1
       1
       4
       2
       2
       1
       4
       2
       2
       1
       0
       3
       1
       0
       1
       0
       0
       4
       0
       2
       2
       2
       3
       2
       1
       1
       1
       6
       1
       3
       1
       1
       2
       3
       5
       1
       3
       4
       1
       2
       3
       0
       1
       2
       3
       1
       2
       0
       0
       2
       1
       3
       0
       1
       1
       2
       0
       1
       1
       1
       2
       1
       3
       0
       2
       3
       1
       1
       0
       1
       2
       1
       0
       0
       3
       0
       1
       1
       0
       4
       1
       0
       1
       1
       1
       2
       3
       1
       0
       0
       1
       5
       1
       1
       0
       2
       1
       0
       2
       1
       0
       1
       1
       2
       1
       4
       2
       2
       1
       4
       1
       0
       1
       3
       1
       1
       4
       0
       3
       5
       0
       3
       2
       1
       0
       1
       4
       0
       2
       2
       1
       1
       0
       0
       1
       1
       0
       1
       1
       1
       2
       1
       2
       1
       2
       1
       1
       3
       2
       1
       3
       0
       4
       2
       0
       1
       2
       2
       0
       2
       0
       0
       1
       3
       0
       1
       0
       1
       0
       1
       1
       3
       3
       0
       0
       2
       2
       1
       0
       1
       3
       3
       1
       2
       1
       0
       2
       1
       3
       2
       0
       2
       1
       0
       0
       2
       2
       1
       2
       3
       0
       0
       1
       2
       2
       4
       2
       1
       1
       1
       1
       4
       3
       0
       2
       0
       1
       4
       0
       1
       2
       2
       2
       2
       1
       1
       1
       2
       2
       3
       1
       0
       1
       1
       2
       0
       4
       0
       1
       0
       2
       0
       0
       2
       2
       1
       3
       3
       0
       4
       2
       1
       3
       1
       0
       7
       2
       1
       0
       1
       2
       0
       1
       3
       2
       0
       4
       1
       1
       0
       3
       2
       2
       1
       1
       0
       2
       1
       0
       2
       5
       4
       3
       2
       2
       5
       6
       7
       6
      10
       8
       4
       9
       5
       6
       5
       6
       3
       1
       1
       2
       3
       1
       3
       0
       1
       3
       2
       5
       0
       0
       0
       0
       1
       3
       3
       1
       0
       0
       2
       0
       1
       0
       0
       3
       0
       1
       1
       1
       5
       1
       4
       2
       1
       2
       1
       1
       3
       0
       2
       2
       1
       1
       4
       1
       2
       2
       3
       1
       0
       0
       2
       1
       1
       1
       0
       2
       0
       1
       3
       0
       1
       2
       1
       2
       3
       1
       3
       1
       1
       3
       3
       2
       3
       3
       2
       3
       2
       1
       1
       4
       5
       3
       4
       3
       1
       2
       0
       3
       5
       2
       1
       3
       2
       2
       1
       0
       0
       1
       4
       1
       4
       1
       3
       2
       2
       3
       1
       2
       2
       0
       2
       1
       0
       4
       1
       0
       3
       1
       3
       3
       1
       0
       1
       3
       2
       4
       2
       1
       3
       2
       5
       4
       0
       3
       0
       0
       2
       0
       1
       2
       3
       2
       2
       1
       3
       2
       0
       2
       1
       3
       1
       2
       2
       2
       0
       3
       2
       0
       0
       5
       1
       2
       5
       1
       2
       2
       0
       2
       1
       1
       2
       2
       0
       2
       3
       0
       2
       2
       0
       1
       1
       4
       2
       1
       0
       1
       1
       1
       2
       1
       1
       1
       3
       4
       6
       2
       1
       2
       1
       0
       3
       0
       1
       1
       2
       0
       2
       1
       2
       1
       0
       2
       2
       0
       1
       0
       1
       1
       2
       1
       0
       0
       2
       1
       2
       1
       1
       1
       2
       0
       1
       2
       0
       1
       3
       2
       1
       0
       0
       2
       2
       0
       1
       4
       0
       2
       4
       0
       4
       1
       4
       5
       2
       0
       1
       2
       2
       0
       0
       2
       1
       2
       2
       0
       3
       1
       2
       3
       2
       1
       1
       0
       1
       2
       1
       0
       4
       2
       0
       1
       6
       1
       3
       3
       2
       0
       1
       3
       2
       2
       3
       0
       0
       2
       2
       3
       1
       1
       2
       0
       2
       2
       1
       1
       0
       2
       1
       1
       3
       2
       4
       7
       2
       0
       1
       3
       0
       4
       4
       1
       0
       1
       2
       0
       3
       2
       5
       4
       1
       2
       3
       2
       3
       2
       2
       3
       2
       3
       0
       0
       0
       2
       1
       3
       2
       3
       0
       2
       4
       2
       3
       1
       5
       1
       2
       0
       2
       4
       3
       0
       1
       1
       1
       0
       2
       2
       1
       2
       4
       0
       2
       0
       2
       2
       0
       1
       5
       3
       3
       0
       1
       2
       6
       2
       3
       3
       1
       1
       1
       5
       0
       3
       2
       2
       4
       1
       2
       2
       3
       3
       3
       2
       2
       1
       2
       3
       6
       0
       1
       2
       1
       1
       0
       1
       3
       0
       1
       0
       0
       2
       1
       2
       4
       3
       2
       1
       1
       2
       5
       1
       3
       1
       4
       2
       3
       0
       4
       4
       0
       1
       2
       2
       3
       1
       1
       5
       6
       5
       5
       2
       3
       4
       8
       4
       2
       2
       2
       1
       1
       0
       5
       3
       3
       1
       2
       1
       7
       5
       2
       0
       0
       1
       2
       0
       3
       2
       0
       2
       1
       2
       1
       0
       1
       1
       3
       1
       3
       3
       2
       0
       0
       4
       0
       0
       1
       3
       4
       2
       1
       2
       4
       1
       1
       3
       1
       2
       0
       3
       0
       1
       1
       1
       2
       1
       0
       0
       0
       0
       1
       1
       1
       0
       1
       2
       0
       1
       1
       2
       1
       2
       0
       0
       2
       1
       2
       2
       0
       3
       0
       2
       3
       1
       0
       3
       0
       2
       2
       1
       0
       2
       4
       1
       3
       0
       1
       5
       1
       2
       1
       1
       0
       0
       3
       0
       1
       1
       1
       0
       0
       4
       4
       1
       1
       1
       1
       2
       1
       2
       3
       0
       1
       1
       3
       1
       0
       1
       5
       2
       2
       0
       1
       0
       1
       0
       0
       1
       1
       1
       0
       0
       1
       3
       1
       2
       1
       2
       1
       3
       0
       1
       0
       1
       1
       3
       1
       0
       1
       2
       4
       1
       0
       1
       3
       0
       0
       2
       0
       0
       1
       0
       1
       3
       4
       2
       1
       1
       3
       1
       2
       1
       2
       1
       1
       2
       1
       0
       1
       2
       0
       2
       3
       2
       1
       1
       2
       2
       1
       3
       1
       2
       1
       1
       1
       0
       2
       2
       0
       1
       1
       1
       0
       0
       2
       0
       1
       0
       1
       0
       2
       1
       3
       1
       1
       0
       0
       0
       6
       0
       0
       1
       2
       1
       2
       1
       1
       0
       1
       0
       1
       0
       2
       1
       2
       4
       2
       1
       0
       0
       1
       1
       1
       2
       0
       2
       1
       1
       2
       0
       3
       0
       0
       0
       0
       1
       1
       0
       3
       0
       1
       5
       3
       0
       1
       0
       1
       0
       3
       1
       1
       1
       0
       1
       2
       0
       1
       2
       0
       1
       1
       1
       0
       0
       0
       1
       1
       1
       0
       0
       1
       1
       0
       0
       1
       0
       0
       1
       0
       0
       2
       1
       0
       2
       0
       0
       4
       1
       0
       1
       0
       0
       0
       0
       0
       1
       1
       0
       1
       0
       2
       1
       1
       1
       0
       0
       0
       0
       0
       0
       1
       2
       0
       0
       0
       1
       1
       0
       0
       1
       2
       2
       0
       2
       0
       0
       0
       0
       0
       0
       2
       1
       1
       0
       0
       1
       0
       0
       1
       0
       0
       2
       0
       0
       0
       0
       0
       1
       2
       1
       0
       1
       2
       0
       1
       1
       0
       1
       1
       1
       1
       1
       1
       1
       3
       2
       1
       2
       0
       1
       0
       1
       2
       0
       1
       0
       0
       0
       0
       2
       0
       0
       1
       0
       0
       1
       0
       0
       0
       0
       1
       0
       0
       0
       1
       0
       2
       0
       1
       0
       0
       0
       0
       0
       0
       3
       0
       1
       0
       0
       2
       0
       0
       0
       0
       2
       1
       0
       0
       0
       1
       0
       1
       1
       1
       2
       0
       0
       1
       0
       0
       0
       0
       0
       1
       1
       1
       2
       2
       0
       1
       1
       1
       1
       2
       0
       0
       0
       0
       1
       1
       1
       0
       1
       0
       0
       1
       0
       0
       0
       0
       0
       1
       1
       0
       1
       1
       1
       0
       1
       1
       1
       1
       0
       0
       0
       0
       0
       0
       0
       0
       0
       0
       1
       1
       0
       0
       4
       0
       4
       1
       0
       2
       0
       0
       0
       2
       0
       1
       1
       0
       1
       2
       3
       1
       2
       0
       2
       1
       1
       2
       0
       3
       3
       1
       0
       1
       1
       0
       0
       0
       1
       2
       1
       2
       1
       1
       1
       1
       0
       1
       2
       3
       1
       0
       0
       1
       1
       1
       0
       1
       2
       0
       0
       1
       0
       0
       2
       1
       0
       0
       0
       1
       0
       3
       1
       2
       0
       1
       0
       1
       0
       1
       0
       0
       1
       0
       1
       1
       0
       0
       1
       1
       0
       0
       1
       1
       1
       0
       1
       0
       1
       0
       2
       0
       0
       0
       2
       1
       0
       1
       1
       0
       0
       0
       0
       0
       1
       1
       0
       2
       3
       1
       2
       0
       2
       2
       3
       0
       2
       0
       1
       0
       2
       1
       0
       0
       1
       3
       0
       0
       4
       1
       0
       2
       0
       2
       1
       1
       2
       3
       1
       2
       1
       0
       2
       1
       0
       0
       1
       1
       1
       0
       0
       0
       0
       0
       1
       0
       1
       0
       0
       1
       1
       0
       0
       0
       2
       0
       1
       0
       0
       0
       0
       1
       0
       0
       1
       0
       0
       1
       0
       0
       3
       1
       0
       1
       0
       2
       0
       0
       1
       0
       1
       2
       0
       1
       0
       2
       1
       0
       0
       1
       0
       0
       1
       1
       1
       1
       0
       2
       0
       0
       0
       2
       0
       0
       0
       1
       2
       1
       1
       0
       0
       0
       0
       0
       0
       0
       0
       0
       0
       0
       1
       0
       0
       0
       0
       1
       0
       0
       0
       1
       1
       0
       1
       0
       1
       0
       1
       0
       1
       2
       0
       4
       0
       1
       0
       0
       1
       2
       0
       0
       2
       1
       2
       0
       0
       0
       3
       0
       0
       0
       1
       3
       1
       0
       0
       0
       1
       0
       1
       0
       0
       0
       0
       2
       0
       0
       0
       0
       1
       1
       0
       0
       1
       1
       0
       0
       1
       3
       2
       0
       0
       0
       0
       0
       1
       0
       1
       0
       0
       0
       2
       3
       0
       2
       2
       2
       1
       1
       0
       0
       0
       0
       0
       0
       0
       1
       0
       2
       1
       2
       3
       2
       5
       4
      10
      14
      18
      15
      37
      42
      45
      54
      49
      43
      56
      38
      29
      25
      20
      20
       9
       6
       4
       3
       2
       1
       2
       0
       1
       0
       1
       0
       1
       1
       0
       0
       0
       0
       1
       0
       1
       0
       0
       0
       1
       0
       0
       1
       1
       0
       0
       0
       0
       0
       2
       0
       0
       1
       0
       0
       2
       1
       0
       0
       0
       1
       0
       0
       0
       0
       0
       0
       0
       0
       0
       0
       0
       0
       0
       0
       0
       1
       0
       0
       0
       1
       0
       0
       0
       3
       0
       0
       0
       0
       1
       0
       0
       0
       0
       0
       1
       1
       0
       0
       1
       0
       0
       0
       2
       0
       0
       0
       0
       0
       0
       0
       0
       0
       1
       2
       1
       1
       0
       0
       1
       0
       1
       0
       1
       0
       0
       1
       1
       0
       0
       1
       0
       0
       0
       0
       0
       1
       1
       1
       2
       0
       2
       0
       1
       0
       0
       2
       0
       1
       0
       1
       2
       0
       1
       0
       0
       1
       0
       0
       0
       0
       1
       1
       0
       0
       0
       0
       0
       2
       0
       0
       0
       1
       0
       0
       1
       2
       0
       0
       0
       0
       1
       0
       0
       0
       1
       0
       0
       0
       0
       1
       0
       0
       0
       0
       0
       6
       0
       1
       1
       2
       0
       1
       0
       0
       0
       1
       0
       0
       1
       0
       1
       0
       0
       1
       0
       0
       0
       0
       1
       1
       0
       0
       1
       1
       0
       0
       0
       0
       2
       1
       1
       1
       3
       2
       0
       0
       2
       1
       1
       0
       0
       0
       2
       1
       0
       1
       1
       0
       0
       1
       1
       1
       0
       0
       0
       1
       0
       0
       0
       1
       0
       0
       0
       0
       1
       0
       0
       0
       0
       0
       1
       1
       0
       1
       0
       0
       2
       0
       0
       1
       0
       1
       0
       0
       0
       0
       0
       1
       0
       1
       1
       1
       0
       1
       0
       1
       0
       0
       0
       0
       2
       1
       0
       0
       1
       0
       0
       1
       0
       0
       0
       1
       0
       1
       0
       2
       0
       2
       0
       1
       0
       1
       0
       0
       0
       0
       0
       0
       0
       1
       1
       0
       1
       0
       0
       1
       0
       0
       0
       0
       0
       0
       0
       0
       1
       1
       0
       0
       0
       0
       0
       1
       1
       0
       1
       0
       1
       1
       1
       0
       0
       0
       1
       2
       0
       1
       0
       0
       0
       2
       0
       0
       0
       1
       0
       0
       1
       0
       1
       0
       0
       0
       1
       1
       1
       0
       0
       0
       0
       0
       2
       0
       1
       0
       1
       0
       0
       1
       0
       0
       0
       0
       0
       0
       0
       1
       1
       0
       0
       0
       0
       0
       1
       2
       0
       0
       0
       0
       0
       0
       1
       0
       0
       1
       0
       0
       0
       1
       2
       1
       0
       0
       0
       0
       1
       1
       0
       0
       0
       0
       0
       0
       2
       0
       0
       0
       0
       1
       1
       0
       0
       0
       0
       0
       1
       0
       0
       0
       0
       1
       0
       0
       1
       1
       0
       0
       0
       0
       1
       0
       0
       1
       0
       0
       0
       3
       1
       0
       0
       1
       0
       0
       0
       1
       0
       0
       4
       0
       0
       0
       1
       1
       0
       0
       0
       0
       0
       1
       1
       0
       0
       0
       1
       0
       1
       3
       0
       1
       1
       0
       1
       3
       0
       1
       2
       0
       0
       1
       1
       0
       1
       0
       2
       0
       0
       0
       0
       4
       3
       0
       1
       0
       0
       1
       0
       0
       1
       0
       1
       0
       1
       0
       0
       0
       1
       1
       2
       3
       0
       0
       0
       0
       1
       0
       0
       0
       0
       0
       1
       0
       0
       0
       0
       1
       0
       0
       1
       0
       0
       1
       0
       0
       1
       0
       0
       0
       0
       2
       0
       0
       0
       0
       1
       0
       2
       0
       1
       1
       0
       1
       0
       0
       0
       1
       1
       0
       0
       0
       0
       0
       0
       0
       1
       0
       0
       1
       0
       0
       0
       0
       0
       1
       0
       0
       0
       0
       1
       1
       1
       1
       0
       0
       0
       0
       0
       0
       1
       0
       0
       1
       0
       0
       1
       1
       3
       0
       0
       1
       0
       0
       0
       1
       0
       0
       0
       0
       0
       0
       1
       0
       1
       0
       1
       1
       0
       0
       0
       0
       0
       1
       1
       2
       0
       1
       0
       1
       0
       0
       0
       0
       0
       1
       0
       1
       0
       0
       2
       0
       0
       0
       1
       0
       0
       0
       0
       0
       0
       0
       0
       0
       1
       0
       0
       0
       0
       1
       1
       0
       0
       1
       0
       1
       0
       1
       0
       0
       0
       0
       1
       0
       0
       0
       1
       0
       2
       0
       0
       0
       1
       0
       0
       1
       1
       0
       0
       0
       0
       0
       0
       0
       0
       1
       0
       0
       0
       1
       0
       0
       1
       0
       0
       0
       0
       0
       0
       0
       1
       0
       0
       1
       0
       0
       0
       0
       1
       0
       0
       0
       0
       0
       0
       0
       0
       0
       1
       0
       0
       0
       0
       0
       0
       1
       0
       1
       0
       0
       2
       1
       1
       0
       0
       0
       0
       0
       0
       0
       0
       0
       1
       1
       1
       0
       0
       1
       0
       1
       0
       1
       1
       0
       1
       0
       0
       0
       0
       0
       0
       0
       0
       0
       1
       0
       0
       0
       0
       0
       0
       0
       0
       0
       0
       0
       0
       0
       2
       0
       0
       0
       1
       0
       0
       0
       0
       0
       0
       0
       0
       2
       0
       1
       1
       0
       0
       0
       0
       0
       0
       0
       0
       0
       0
       1
       0
       0
       0
       1
       0
       0
       0
       0
       0
       0
       0
       0
       1
       0
       0
       1
       0
       1
       0
       0
       0
       0
       1
       1
       0
       0
       0
       0
       0
       0
       0
       2
       0
       0
       0
       0
       0
       0
       1
       0
       0
       1
       0
       0
       0
       0
       0
       0
       0
       0
       0
       0
       1
       0
       0
       0
       0
       0
       0
       0
       0
       0
       0
       1
       0
       0
       0
       0
       0
       0
       0
       0
       1
       0
       1
       0
       0
       0
       0
       0
       0
       0
       0
       0
       0
       0
       0
       0
       0
       0
       0
       0
       0
       0
       0
       0
       0
       0
       0
       1
       1
       0
       0
       1
       0
       1
       0
       0
       0
       0
       0
       0
       0
       0
       0
       0
       0
       0
       0
       0
       0
       1
       0
       0
       1
       1
       1
       0
       2
       0
       0
       0
       0
       0
       1
       0
       0
       0
       0
       0
       0
       1
       0
       0
       0
       0
       0
       0
       0
       0
       0
       0
       0
       0
       0
       0
       0
       0
       0
       0
       0
       0
       0
       0
       0
       0
       0
       1
       0
       0
       1
       0
       0
       0
       0
       0
       0
       1
       0
       1
       0
       0
       0
       0
       0
       0
       0
       0
       0
       1
       1
       0
       2
       0
       0
       0
       0
       0
       1
       1
       0
       1
       0
       1
       0
       2
       1
       2
       0
       1
       0
       0
       0
       0
       2
       0
       0
       0
       0
       0
       0
       0
       0
       1
       0
       0
       0
       0
       0
       0
       0
       0
       1
       0
       0
       0
       0
       1
       0
       0
       0
       1
       0
       1
       0
       1
       0
       0
       0
       0
       0
       0
       0
       0
       0
       1
       1
       0
       0
       0
       0
       1
       0
       0
       0
       0
       0
       0
       1
       1
       0
       0
       0
       0
       0
       0
       0
       1
       0
       0
       0
       0
       0
       0
       0
       1
       0
       0
       0
       0
       0
       0
       0
       0
       0
       0
       0
       1
       0
       0
       0
       1
       0
       0
       0
       0
       0
       0
       0
       0
       0
       0
       1
       0
       0
       0
       0
       0
       0
       0
       0
       1
       1
       1
       0
       1
       0
       0
       0
       1
       0
       0
       1
       0
       1
       0
       1
       5
       0
       2
       1
       3
       4
       2
       7
       6
       7
       3
       2
       4
       3
       1
       2
       0
       0
       0
       0
       0
       1
       0
       0
       0
       0
       0
       1
       0
       1
       0
       0
       0
       0
       0
       1
       0
       0
       0
       0
       0
       0
       0
       0
       0
       0
       1
       0
       0
       1
       2
       0
       0
       0
       0
       0
       0
       0
       1
       0
       0
       0
       0
       0
       0
       0
       0
       0
       0
       1
       0
       1
       0
       0
       0
       0
       0
       0
       1
       0
       0
       0
       0
       0
       0
       0
       0
       0
       0
       1
       0
       0
       0
       0
       0
       0
       0
       0
       0
       0
       0
       0
       0
       0
       0
       1
       0
       0
       0
       0
       0
       0
       0
       0
       0
       0
       0
       1
       0
       0
       0
       0
       0
       0
       1
       0
       0
       0
       0
       0
       0
       0
       0
       0
       0
       0
       0
       0
       0
       0
       0
       0
       0
       0
       1
       0
       0
       0
       1
       1
       0
       0
       0
       0
       0
       0
       0
       0
       0
       0
       0
       0
       0
       1
       0
       0
       1
       0
       0
       0
       0
       0
       0
       1
       1
       0
       0
       0
       1
       0
       0
       0
       0
       0
       0
       0
       0
       0
       0
       0
       0
       0
       0
       0
       0
       0
       0
       0
       0
       0
       0
       0
       0
       0
       0
       0
       0
       1
       0
       0
       1
       0
       0
       0
       0
       0
       0
       1
       0
       0
       0
       0
       0
       0
       1
       0
       0
       0
       0
       0
       0
       1
       0
       0
       0
       0
       0
       0
       0
       0
       0
       0
       0
       0
       1
       0
       0
       0
       0
       0
       0
       0
       0
       1
       0
       0
       0
       0
       0
       0
       0
       0
       1
       0
       1
       0
       0
       0
       0
       0
       0
       0
       0
       0
       1
       0
       0
       0
       0
       0
       0
       0
       0
       0
       0
       0
       1
       0
       0
       0
       0
       0
       0
       0
       0
       0
       0
       0
       0
       0
       1
       0
       0
       0
       1
       0
       0
       0
       1
       0
       0
       0
       0
       0
       1
       0
       0
       0
       0
       0
       0
       0
       0
       0
       0
       0
       0
       1
       1
       1
       1
       1
       1
       0
       2
       1
       0
       0
       1
       0
       1
       0
       1
       0
       0
       0
       0
       0
       0
       1
       0
       0
       0
       0
       0
       0
       0
       0
       1
       0
       1
       0
       0
       0
       0
       0
       0
       0
       0
       0
       0
       0
       1
       0
       0
       0
       0
       1
       1
       0
       0
       0
       0
       0
       0
       0
       0
       0
       1
       0
       1
       0
       0
       0
       0
       1
       0
       0
       0
       0
       0
       0
       0
       0
       1
       0
       1
       0
       0
       1
       1
       0
       0
       0
       0
       1
       0
       0
       1
       0
       0
       0
       0
       0
       0
       0
       0
       0
       1
       1
       0
       0
       0
       0
       1
       0
       0
       0
       0
       0
       0
       1
       0
       0
       0
       0
       0
       0
       0
       0
       0
       0
       0
       0
       0
       0
       0
       0
       0
       0
       0
       0
       1
       0
       1
       0
       0
       1
       1
       0
       0
       0
       0
       0
       0
       0
       0
       1
       0
       0
       0
       1
       0
       1
       0
       0
       0
       1
       0
       0
       0
       0
       0
       0
       0
       0
       0
       0
       0
       1
       0
       0
       1
       0
       0
       0
       0
       0
       0
       0
       0
       0
       0
       0
       0
       0
       0
       0
       0
       0
       0
       0
       0
       0
       0
       0
       1
       0
       0
       1
       0
       0
       1
       0
       0
       0
       0
       0
       0
       0
       1
       0
       0
       0
       0
       0
       0
       0
       0
       0
       1
       0
       0
       0
       0
       0
       0
       0
       0
       0
       0
       0
       0
       0
       1
       0
       0
       0
       0
       0
       0
       0
       1
       1
       0
       0
       0
       1
       0
       0
       0
       0
       0
       0
       0
       0
       0
       0
       0
       0
       0
       0
       0
       0
       0
       0
       0
       0
       0
       0
       0
       0
       0
       0
       0
       0
       0
       0
       0
       0
       0
       1
       0
       0
       0
       0
       0
       0
       1
       0
       0
       0
       0
       0
       0
       0
       0
       0
       0
       0
       0
       1
       0
       0
       0
       0
       0
       0
       0
       0
       0
       0
       0
       0
       1
       0
       0
       0
       0
       0
       0
       0
       1
       0
       0
       0
       0
       1
       0
       0
       1
       1
       0
       0
       0
       0
       0
       1
       0
       0
       0
       0
       0
       0
       0
       0
       0
       0
       0
       0
       0
       1
       0
       0
       0
       1
       0
       0
       2
       0
       1
       0
       0
       0
       0
       1
       0
       0
       0
       0
       0
       0
       2
       0
       0
       0
       0
       1
       0
       0
       0
       0
       0
       0
       0
       0
       0
       0
       0
       0
       0
       2
       2
       0
       0
       0
       0
       0
       0
       1
       0
       0
       0
       0
       0
       0
       0
       0
       0
       0
       0
       0
       0
       0
       0
       1
       0
       0
       0
       0
       0
       0
       0
       0
       0
       1
       0
       0
       0
       0
       0
       0
       0
       0
       0
       0
       0
       0
       0
       0
       0
       0
       0
       0
       0
       0
       0
       1
       0
       0
       0
       0
       0
       0
       0
       0
       0
       0
       0
       0
       0
       0
       0
       0
       0
       0
       1
       0
       0
       0
       0
       1
       0
       0
       1
       0
       1
       0
       0
       0
       0
       0
       0
       0
       0
       0
       0
       2
       0
       1
       0
       0
       0
       0
       0
       1
       0
       0
       0
       0
       0
       0
       1
       1
       0
       1
       0
       1
       0
       0
       0
       0
       0
       0
       0
       0
       0
       0
       0
       0
       2
       0
       0
       0
       0
       0
       0
       0
       0
       0
       1
       0
       1
       0
       0
       0
       0
       0
       0
       0
       0
       1
       0
       0
       0
       1
       0
       0
       0
       0
       0
       0
       0
       0
       0
       0
       0
       0
       0
       0
       0
       0
       0
       0
       0
       0
       0
       0
       0
       0
       0
       0
       0
       0
       0
       1
       1
       0
       1
       0
       1
       0
       1
       0
       0
       0
       0
       0
       0
       0
       0
       0
       0
       0
       0
       1
       0
       0
       0
       0
       0
       0
       0
       0
       0
       0
       0
       0
       0
       1
       0
       0
       0
       0
       0
       0
       0
       0
       0
       0
       0
       0
       0
       0
       0
       0
       0
       0
       0
       0
       0
       0
       1
       0
       0
       0
       0
       0
       0
       0
       0
       0
       1
       0
       0
       0
       0
       0
       0
       0
       0
       0
       0
       0
       0
       0
       0
       0
       1
       0
       0
       0
       0
       0
       0
       0
       0
       0
       0
       1
       0
       0
       0
       0
       0
       0
       1
       1
       0
       0
       1
       0
       0
       0
       0
       0
       0
       1
       0
       0
       0
       0
       0
       0
       1
       0
       0
       0
       0
       0
       0
       0
       0
       0
       0
       0
       0
       0
       0
       0
       0
       0
       0
       0
       0
       0
       0
       0
       1
       0
       1
       0
       1
       0
       0
       0
       0
       0
       0
       0
       0
       0
       0
       0
       0
       1
       0
       0
       1
       0
       0
       0
       0
       0
       0
       0
       0
       0
       0
       0
       0
       0
       0
       1
       0
       0
       0
       0
       1
       1
       0
       0
       0
       0
       0
       0
       0
       0
       1
       1
       0
       0
       0
       0
       0
       0
       0
       0
       1
       1
       0
       0
       0
       0
       0
       0
       1
       0
       0
       0
       0
       0
       1
       1
       0
       0
       0
       0
       0
       0
       0
       0
       0
       0
       1
       0
       0
       0
       0
       0
       0
       0
       0
       0
       0
       0
       0
       0
       0
       0
       0
       0
       0
       0
       0
       0
       0
       0
       0
       0
       0
       0
       0
       0
       0
       0
       1
       0
       0
       0
       0
       0
       0
       0
       0
       0
       0
       0
       1
       0
       0
       0
       0
       0
       0
       0
       0
       1
       0
       0
       0
       1
       0
       1
       0
       0
       0
       0
       0
       1
       0
       0
       0
       0
       0
       0
       0
       0
       0
       0
       0
       0
       0
       0
       0
       0
       0
       1
       0
       0
       0
       0
       1
       0
       0
       0
       0
       0
       0
       0
       0
       2
       0
       0
       0
       0
       0
       0
       0
       0
       0
       0
       0
       1
       0
       0
       0
       1
       0
       0
       0
       1
       0
       0
       0
       0
       0
       0
       0
       0
       0
       0
       0
       0
       0
       0
       0
       0
       0
       0
       0
       0
       0
       0
       0
       1
       0
       0
       1
       0
       0
       0
       0
       0
$ROI:
11
224 244
765 907
1350 1411
1828 1908
2525 2667
2716 2799
3716 3817
4331 4427
4564 4622
5085 5259
5690 5768
$PRESETS:
Live Time
600
0
$ENER_FIT:
0.053689 0.255148
$MCA_CAL:
3
5.368913E-002 2.551478E-001 -1.853380E-009 keV
$SHAPE_CAL:
3
6.992400E+000 7.812671E-004 -3.508660E-008
