$SPEC_ID:
No sample description was entered.
$SPEC_REM:
DET# 1
DETDESC# GMX20P4 HPGe
AP# Maestro Version 7.01
$DATE_MEA:
11/27/2018 14:31:01
$MEAS_TIM:
600 601
$DATA:
0 8191
       0
       0
       0
       0
       0
       0
       0
       0
       0
       0
       0
       0
       0
       0
       0
       0
       0
       0
       0
       0
       0
       0
       0
       0
       0
       0
       0
       0
       0
       0
       0
       0
       0
       0
       0
       0
       0
       0
       0
       0
       0
       0
       0
       0
       0
       0
       0
       0
       4
      25
      56
     109
     117
     108
     123
     114
     102
     120
     117
     121
     115
     118
     146
     120
     105
     121
     138
     136
     142
     146
     140
     140
     139
     169
     177
     205
     220
     210
     252
     280
     339
     328
     319
     279
     272
     222
     207
     163
     161
     148
     159
     191
     205
     205
     198
     217
     204
     213
     242
     220
     238
     243
     248
     266
     324
     342
     391
     466
     494
     587
     614
     726
     742
     871
    1119
    1518
    1941
    2615
    3201
    3799
    3880
    3860
    3489
    2846
    2172
    1472
     926
     645
     437
     420
     379
     442
     494
     703
     769
    1000
    1182
    1120
    1051
     966
     771
     588
     407
     315
     243
     164
     133
      97
      88
      71
      98
      90
      92
      84
      77
     104
      86
      98
     108
     115
      88
      95
      91
      96
      80
     108
      82
      93
     106
     101
     102
      98
     114
     123
     102
     121
     138
     140
     112
     102
     117
     122
     117
     118
     123
     129
     143
     114
     115
     118
     116
     137
     125
     124
     128
     126
     130
     131
     165
     141
     130
     143
     181
     174
     229
     214
     309
     291
     279
     284
     308
     247
     229
     200
     156
     144
     187
     170
     154
     143
     157
     162
     151
     160
     163
     147
     153
     153
     143
     149
     161
     157
     164
     153
     177
     159
     193
     207
     177
     193
     221
     212
     261
     192
     236
     242
     229
     233
     251
     219
     244
     235
     275
     251
     253
     249
     272
     260
     271
     297
     270
     254
     277
     268
     292
     283
     257
     300
     313
     283
     294
     258
     278
     254
     281
     266
     249
     286
     287
     288
     261
     258
     277
     276
     213
     228
     238
     209
     240
     263
     251
     238
     281
     247
     245
     242
     254
     238
     260
     251
     237
     261
     240
     243
     261
     265
     293
     293
     358
     477
     567
     755
    1054
    1411
    1869
    2330
    2765
    2948
    2855
    2524
    2004
    1530
     989
     709
     398
     285
     208
     157
     180
     147
     130
     169
     135
     129
     151
     142
     145
     138
     162
     131
     144
     136
     148
     141
     128
     148
     147
     125
     139
     146
     156
     126
     145
     143
     154
     147
     135
     129
     146
     154
     154
     135
     152
     170
     156
     156
     158
     165
     137
     141
     147
     136
     158
     139
     141
     139
     153
     147
     137
     138
     137
     153
     139
     146
     157
     131
     135
     150
     141
     133
     143
     135
     131
     126
     147
     128
     159
     152
     126
     134
     131
     133
     143
     148
     151
     141
     135
     141
     146
     153
     154
     135
     133
     147
     149
     120
     143
     150
     146
     146
     136
     125
     136
     162
     140
     141
     141
     120
     132
     136
     154
     150
     165
     123
     161
     145
     128
     127
     149
     117
     133
     147
     139
     140
     127
     152
     148
     144
     118
     136
     154
     125
     130
     139
     144
     151
     146
     125
     116
     108
     132
     140
     137
     145
     134
     118
     159
     161
     140
     114
     143
     147
     147
     124
     139
     129
     125
     132
     131
     131
     134
     148
     121
     132
     115
     129
     126
     134
     133
     149
     117
     133
     137
     123
     137
     128
     138
     124
     133
     114
     123
     123
     133
     116
     113
     121
     136
     134
     125
     116
     125
     130
     123
     146
     102
     116
     136
     111
     133
     140
     133
     127
     124
     121
     131
     132
     115
     148
     113
     138
     116
     113
     126
     126
     142
     139
     125
     139
     126
     122
     144
     134
     112
     129
     143
     120
     147
     140
     115
     128
     119
     130
     124
     146
     122
     130
     131
     148
     160
     121
     128
     153
     139
     107
     126
     127
     123
     141
     133
     143
     133
     139
     136
     121
     140
     124
     132
     133
     127
     133
     117
     149
     126
     149
     133
     127
     150
     138
     134
     137
     140
     116
     147
     128
     159
     124
     140
     134
     128
     127
     125
     123
     116
     142
     109
     153
     138
     132
     116
     137
     116
     129
     121
     116
     132
     118
     112
     129
     132
     134
     117
     135
     123
     123
     146
     150
     125
     146
     164
     164
     175
     175
     160
     170
     150
     136
     137
     119
     131
     127
     121
     122
     107
     123
     128
     125
     140
     119
     109
     128
     110
     117
     136
     111
     120
     120
     116
     126
     117
     117
     131
     114
     107
      95
     110
     110
     106
     111
     122
     124
     122
     107
     106
     118
      97
     128
     112
      92
     129
     124
     112
     101
      99
     110
      99
     117
     105
     125
     105
      99
     109
     101
     121
      98
     113
     110
     127
      99
     106
     121
     123
     111
     109
     116
     107
     129
     104
     104
     104
     106
     102
      90
      99
     113
     113
     122
     110
      96
     103
     119
     105
      90
     119
      84
     114
     136
     135
     117
     114
     100
     127
     131
     131
     114
     104
      93
      80
     118
      97
     104
     110
      88
     110
     102
      97
      93
     109
     108
     108
     118
      97
     111
     103
     105
     104
     109
     101
     119
      94
     111
      97
      89
      90
     113
     101
     114
     110
      96
      97
     108
      96
     101
      99
     102
      93
      96
      93
     100
     105
      88
      94
     108
      92
     113
     107
      99
     100
      86
      96
     101
     113
     105
      92
      75
      89
      93
      90
      88
      88
      85
      88
      91
      76
      93
      86
      94
      97
      98
      99
      80
      75
      77
      86
      81
      84
      87
      72
      76
      95
      80
      89
      68
      95
      91
      82
      65
      70
      74
      74
      75
      68
      72
      73
      71
      58
      71
      61
      74
      75
      81
      71
      55
      55
      62
      69
      65
      65
      64
      57
      66
      40
      69
      62
      71
      51
      63
      67
      77
      67
      44
      64
      67
      73
      66
      60
      57
      56
      46
      58
      70
      59
      77
      70
      77
     109
      80
      86
      74
      61
      77
      67
      54
      63
      53
      63
      51
      63
      50
      63
      68
      51
      53
      69
      52
      45
      49
      53
      70
      55
      47
      64
      64
      54
      54
      56
      43
      69
      52
      66
      45
      50
      65
      65
      50
      49
      59
      57
      50
      43
      49
      58
      53
      53
      50
      58
      58
      65
      51
      50
      50
      45
      57
      58
      69
      60
      68
      70
      54
      71
      48
      49
      49
      56
      52
      55
      47
      43
      77
      49
      49
      66
      42
      49
      40
      45
      44
      50
      49
      47
      39
      40
      49
      37
      35
      41
      41
      47
      44
      42
      36
      43
      42
      51
      35
      36
      48
      40
      39
      46
      36
      48
      44
      49
      42
      40
      47
      44
      33
      47
      35
      34
      43
      31
      35
      42
      37
      37
      37
      43
      22
      37
      38
      39
      34
      44
      38
      38
      32
      33
      42
      35
      39
      29
      27
      42
      34
      27
      32
      30
      44
      42
      26
      22
      34
      43
      25
      26
      32
      36
      24
      26
      41
      40
      33
      35
      33
      35
      30
      34
      39
      26
      41
      29
      33
      32
      38
      39
      25
      28
      38
      40
      41
      31
      30
      34
      36
      37
      43
      38
      27
      36
      40
      40
      17
      34
      34
      34
      28
      26
      46
      36
      19
      26
      31
      35
      45
      47
      98
     116
     149
     200
     262
     273
     312
     320
     307
     259
     195
     139
     100
      80
      61
      41
      35
      32
      26
      23
      24
      38
      27
      20
      24
      24
      33
      25
      38
      25
      26
      37
      23
      43
      29
      36
      27
      32
      31
      33
      24
      28
      25
      24
      27
      22
      31
      25
      31
      35
      24
      30
      27
      25
      31
      26
      21
      27
      24
      27
      26
      24
      26
      24
      31
      33
      34
      23
      42
      28
      26
      24
      27
      29
      22
      19
      29
      42
      38
      38
      59
      58
      48
      23
      24
      22
      26
      29
      17
      18
      26
      25
      21
      22
      32
      24
      25
      29
      28
      39
      32
      42
      52
     103
     152
     235
     353
     494
     571
     703
     727
     646
     590
     496
     365
     248
     151
      96
      60
      38
      24
      20
      20
      34
      30
      25
      21
      23
      19
      28
      21
      16
      19
      15
      23
      20
      18
      18
      20
      22
      19
      27
      21
      21
      17
      28
      17
      22
      25
      15
      25
      20
      14
      19
      24
      13
      16
      28
      25
      18
      30
      27
      24
      27
      19
      11
      18
      16
      16
      22
      19
      13
      19
      17
      24
      28
      14
      17
      18
      31
      15
      22
      15
      13
      21
      31
      14
      22
      24
      30
      17
      14
      11
      18
      28
      33
      13
      19
      14
      15
      14
      26
      26
      18
      18
      18
      16
      24
      17
      26
      27
      20
      18
      13
      22
      15
      22
      22
      20
      23
      19
      18
      17
      18
      28
      22
      13
      22
      26
      23
      30
      18
      22
      21
      26
      18
      16
      19
      12
      16
      19
      24
      15
      19
      21
      28
      21
      27
      25
      28
      24
      22
      17
      17
      17
      27
      12
      29
      20
      19
      21
      16
      14
      19
      12
      20
       9
      18
      15
      23
      18
      18
      18
      20
      20
      22
      20
      21
      27
      17
      24
      12
      19
      23
      15
      23
      22
      15
      15
      12
      24
      27
      17
      31
      15
      30
      20
      30
      24
      43
      40
      44
      37
      53
      27
      36
      37
      52
      61
      70
     130
     224
     363
     571
     885
    1201
    1638
    1840
    1949
    1988
    1692
    1429
    1053
     672
     453
     239
     121
      75
      40
      19
       8
      11
       8
       8
       7
       9
       9
      10
       9
      10
      15
       3
       6
       8
       5
      12
       6
      12
       8
      10
       8
      14
       9
      13
      18
      11
      12
      11
       7
      15
      10
      12
      20
      13
       8
       5
      11
      15
      13
      11
       7
       9
       8
      16
      10
      11
       8
       9
      10
       9
      12
      10
       7
       9
      10
       6
      11
       9
       9
       3
       5
       7
      14
      10
      13
      10
       9
       9
      10
      15
      16
      11
       5
      11
       4
      10
      12
       4
       7
       9
      16
       8
      15
      11
      10
      11
       7
      16
      17
      26
      39
      60
      90
     114
     174
     200
     243
     265
     233
     273
     173
     138
     113
      74
      39
      26
      20
      15
       9
       9
      15
       7
       8
       9
       9
       8
       4
      12
       4
       7
       5
      10
       9
       5
       8
       6
       5
       5
      12
      10
      11
       5
       5
       6
       8
       8
       5
       6
       7
       9
       4
      10
       5
       7
      10
       6
       8
       3
       9
       8
       8
       9
       7
      11
       7
      10
      13
       6
       6
       1
      12
       9
      11
       9
      10
       6
      10
      12
       9
      13
       6
       6
       7
       7
      10
      13
       9
       3
       5
       4
       5
      10
      10
       9
       6
       7
       9
      10
       8
      10
       6
       9
      10
       6
      11
       8
       6
       6
       5
       7
      10
      10
       2
       8
      12
       6
       5
      12
      10
       6
       7
      11
       8
       6
       6
      11
       7
       6
       4
       3
       3
       7
      12
       7
       6
      10
       4
       4
       4
       5
       8
       6
       4
      11
       9
       5
       7
       4
       8
       9
      12
       4
       7
       5
       6
       5
       8
       7
      10
       6
      15
       4
       4
       7
       2
       5
       3
       5
       6
       9
      11
       6
       8
       9
       1
       3
       8
       7
       0
      10
       7
       8
       5
       5
       8
       8
       9
       2
       8
       2
       8
      14
       6
       2
       6
      14
       5
       7
       6
       4
       5
       3
       6
       9
       8
       9
       4
       2
       6
      10
       7
       5
       8
       7
      12
       6
      11
       6
       9
      10
       6
       3
      12
       4
       6
       9
       4
       9
       5
       8
       7
       5
       6
       7
       8
       6
       4
       5
       6
       5
       6
       7
       7
       3
      11
       6
       5
       6
      10
       5
       7
       5
       5
       9
       7
       7
      10
      11
       6
      13
      13
       5
      10
       6
       8
       8
       5
       8
       2
       3
       9
       4
       6
      12
       9
       4
       6
       6
       4
       4
       5
       6
       8
       2
       5
      11
      11
       6
       8
       6
       9
       5
       8
      10
       3
       6
       8
       7
       7
       5
       6
       5
       7
       5
       8
       3
      10
       8
       3
       4
       6
       6
       7
       7
       6
       8
       8
      11
       4
       3
       5
       9
       8
      12
       3
       3
       5
       7
       5
       4
      12
       4
       3
       9
      10
       5
       3
       4
       4
       3
       6
       4
       7
       3
       5
       6
       3
       7
       8
       5
       7
       2
       9
       6
       6
       2
       2
       6
       2
      11
       4
      10
       5
       7
       3
       4
       7
       4
      10
       6
       7
       9
       8
       5
       8
       3
       4
       2
       4
       3
       7
       5
       4
       4
       3
       9
       4
       6
       6
       4
       2
       1
       4
       7
       6
       6
       5
       0
       6
       1
       7
       3
       8
       4
       1
       6
       7
       3
       5
       7
       4
       3
       5
       9
       6
       3
       6
       8
       9
       3
       3
       1
       6
       9
       5
       8
       4
       7
       4
       6
       3
       9
       4
       4
       3
       7
       8
       4
       5
       7
       4
       4
       5
       9
       6
       6
       2
       5
       2
       2
       7
       4
       3
       2
       3
       2
       3
       2
       7
       5
       2
       6
       4
       4
       6
       4
       3
       6
       6
       4
       6
      10
       4
       6
       8
       3
       8
       5
       4
       9
       3
       7
       2
       7
       5
       5
       7
       5
       5
       4
       2
       4
       6
       5
       5
       7
       4
       7
       8
       9
      11
       4
      11
      15
      10
      10
       8
      10
       8
      11
       7
      10
       7
       6
      10
       7
       7
       5
       6
       4
       5
       6
      12
       5
       9
       6
       4
       6
       4
       4
       4
       5
       4
       2
       3
       4
       2
       5
       3
       4
       4
       3
       4
       1
       2
       7
       3
       2
       4
       8
       4
       1
       3
       1
       4
       2
       5
       7
       3
       5
       3
       6
       2
       4
       4
       3
       6
       4
       2
       3
       1
       5
       1
       5
       5
       3
       1
       3
       7
       2
       1
       7
       0
       3
       1
       8
       3
       3
       4
       6
       6
       2
       3
       5
       3
       2
       2
       7
       5
       0
       2
       7
       4
       6
       3
       7
       1
       2
       5
       6
       3
       1
       3
       1
       5
       7
       6
       5
       5
       1
       6
       5
       3
       5
       5
       3
       3
       5
       7
       3
       2
       4
       5
       0
       5
       3
       7
       5
       2
       2
       2
       4
       4
       7
       5
       3
       3
       1
       1
       5
       2
       1
       7
       5
       5
       4
       5
       8
       5
       7
       4
       7
       0
       2
       3
       6
       3
       4
       2
       2
       5
       2
       6
       8
       5
       5
       6
       1
       4
       1
       5
       4
       3
       3
       4
       2
       7
       3
       6
       4
       6
       4
       2
       4
       7
       4
       6
       7
       2
       2
       3
       5
       6
       3
       5
       5
       2
       7
       4
       2
       4
       2
       4
       1
       5
       3
       4
       7
       4
       3
       1
       2
       6
      10
       5
       5
       3
       3
       3
       2
       2
       4
       7
       5
       8
       4
       9
       3
       6
       6
       1
       5
       6
       2
       6
       4
       4
       4
       3
       1
       3
       2
       4
       3
       5
       8
       4
       5
       1
       5
       6
       5
       7
       4
       1
       5
       2
       4
       4
       4
       9
       6
       1
       2
       2
       2
       6
       2
       5
       0
       5
       5
       6
       4
       6
      19
       8
      12
       7
      12
      13
      15
       9
      14
       6
       5
       4
       4
       4
       4
       4
       3
       6
       4
       1
       2
       7
       4
       7
       6
       5
       5
       4
       3
       5
       3
       4
       3
       4
       4
       3
       3
       6
       7
       0
       5
       4
       5
       5
       1
       4
       3
       2
       2
       5
       2
       1
       1
       3
       5
       6
       1
       2
       1
       2
       3
       4
       5
       2
       2
       7
       3
       6
       1
       4
       2
       2
       2
       2
       7
       3
       4
       2
       1
       6
       2
       2
       1
       3
       5
       1
       2
       2
       7
       7
       1
       5
       3
       7
       6
       4
       3
       7
       6
       6
       8
      22
      25
      18
      29
      25
      22
      20
      26
      21
      20
       7
       4
       8
       4
       2
       4
       5
       2
       4
       8
       4
       3
       5
       2
       3
       1
       2
       5
       1
       0
       0
       3
       6
       8
       0
       6
       2
       2
       1
       1
       2
       5
       2
       4
       3
       4
       5
       3
       2
       4
       0
       7
       3
       2
       4
       2
       3
       2
       5
       4
       3
       3
       3
       4
       5
       1
       2
       2
       3
       4
       2
       4
       6
       4
       5
       3
       2
       4
       5
       4
       2
       4
       4
       6
       3
       4
       3
       2
       3
       4
       1
       3
       4
       4
       3
       6
       2
       2
       3
       4
       4
       7
       2
       8
       3
       2
       1
       1
       2
       1
       3
       7
       4
       5
       4
       1
       4
       2
       1
       3
       2
       5
       1
       2
       6
       0
       1
       4
       5
       2
       4
       6
       5
       5
       2
       3
       3
       2
       3
       0
       4
       2
       1
       7
       4
       3
       1
       1
       6
       2
       5
       4
       3
       3
       5
       3
       8
       3
       1
       5
       3
       0
       4
       3
       2
       3
       4
       2
       3
       1
       5
       2
       4
       3
       4
       6
       4
       3
       1
       5
       7
       4
       2
       3
       1
       4
       6
       3
       3
       6
       6
       2
       3
       1
       3
       1
       2
       4
       1
       4
       5
       5
       6
       5
       4
       3
       6
       5
       8
       6
      10
      16
       8
       7
       5
       8
       5
       6
       6
       5
       5
       2
       3
       3
       5
       5
       2
       4
       3
       5
       3
       2
       0
       3
       3
       5
       3
       4
       3
       3
       2
       4
       3
       3
       2
       3
       3
       1
       3
       1
       2
       4
       3
       0
       2
       4
       3
       6
       4
       4
       3
       3
       4
       4
       3
       4
       4
       2
       1
       2
       2
       7
       3
       2
       4
       2
       3
       3
       5
       3
       4
       7
       4
       2
       0
       2
       1
       1
       2
       2
       2
       3
       1
       2
       3
       3
       5
       3
       4
       1
       2
       2
       0
       5
       1
       1
       0
       3
       3
       2
       1
       1
       1
       1
       3
       4
       2
       5
       2
       5
       3
       4
       4
       2
       2
       0
       2
       4
       2
       3
       2
       1
       5
       2
       2
       3
       5
       5
       8
       1
       4
       3
       2
       3
       5
       0
       1
       3
       3
       1
       7
       1
       0
       1
       2
       5
       3
       3
       3
       3
       4
       3
       2
       5
       1
       2
       1
       1
       4
       1
       1
       3
       3
       3
       2
       6
       4
       7
       3
       3
       2
       1
       1
       3
       2
       3
       7
       7
       3
       2
       2
       4
       2
       3
       4
       3
       4
       4
       4
       3
       2
       0
       1
       3
       1
       3
       3
       3
       3
       2
       2
       4
       1
       2
       2
       3
       2
       4
       2
       1
       5
       1
       1
       3
       2
       1
       1
       3
       2
       3
       5
       2
       5
       2
       2
       1
       4
       5
       1
       4
       4
       4
       2
       3
       4
       1
       4
       1
       4
       3
       1
       1
       3
       2
       0
       2
       3
       3
       3
       2
       1
       2
       3
       3
       3
       5
       4
       1
       3
       7
       4
       2
       4
       0
       1
       4
       2
       1
       2
       1
       1
       3
       3
       4
       4
       2
       2
       2
       2
       2
       2
       3
       5
       5
       1
       2
       5
       2
       2
       2
       2
       4
       3
       2
       2
       5
       6
       1
       0
       5
       4
       2
       1
       1
       3
       1
       0
       1
       3
       0
       4
       3
       2
       2
       3
       3
       2
       3
       1
       6
       2
       1
       2
       6
       3
       1
       4
       2
       2
       3
       3
       3
       5
       5
       2
       0
       4
       1
       4
       3
       1
       0
       1
       8
       3
       3
       1
       1
       2
       2
       2
       3
       3
       2
       1
       3
       3
       3
       4
       4
       2
       2
       3
       5
       4
       3
       5
       4
       3
       3
       2
       1
       6
       3
       1
       4
       3
       4
       6
       2
       0
       1
       3
       0
       4
       1
       1
       5
       5
       1
       1
       5
       2
       2
       4
       2
       0
       0
       1
       0
       3
       5
       4
       0
       3
       2
       2
       4
       1
       2
       3
       5
       0
       4
       2
       3
       7
       8
       5
       6
       4
       3
       1
       4
       3
       2
       4
       3
       3
       3
       1
       1
       2
       2
       1
       3
       2
       1
       1
       5
       4
       4
       0
       3
       3
       2
       2
       0
       5
       2
       4
       4
       1
       3
       4
       1
       2
       2
       3
       2
       4
       2
       2
       2
       2
       3
       1
       2
       3
       1
       4
       3
       3
       2
       1
       1
       2
       6
       3
       3
       1
       1
       3
       1
       1
       0
       2
       3
       4
       4
       1
       0
       7
       1
       1
       0
       3
       2
       3
       3
       0
       2
       0
       1
       1
       4
       0
       3
       2
       2
       2
       1
       2
       2
       1
       0
       1
       0
       3
       7
       3
       0
       6
       6
       7
       2
       0
       2
       5
       0
       1
       0
       2
       3
       1
       2
       1
       2
       1
       0
       3
       2
       3
       2
       2
       1
       4
       1
       3
       2
       3
       1
       3
       2
       1
       3
       4
       1
       2
       4
       2
       1
       5
       2
       5
       3
       5
       1
       1
       1
       2
       1
       4
       0
       2
       3
       2
       4
       1
       2
       2
       5
       1
       1
       4
       5
       1
       2
       2
       3
       5
       1
       4
       3
       2
       0
       1
       0
       3
       1
       3
       4
       2
       3
       2
       5
       1
       2
       2
       4
       5
       1
       2
       0
       3
       0
       0
       3
       2
       2
       1
       4
       3
       0
       1
       1
       0
       5
       3
       3
       6
       3
       3
       3
       1
       1
       2
       3
       0
       1
       0
       3
       2
       6
       2
       1
       3
       2
       3
       3
       2
       3
       3
       3
       1
       3
       1
       0
       2
       0
       2
       2
       2
       4
       5
       3
       1
       2
       2
       2
       2
       2
       1
       3
       3
       1
       0
       1
       2
       3
       3
       2
       3
       2
       2
       5
       1
       2
       1
       1
       0
       2
       3
       2
       4
       2
       3
       2
       1
       4
       3
       4
       3
       4
       4
       2
       3
       1
       4
       1
       2
       0
       0
       0
       3
       2
       2
       2
       2
       1
       2
       2
       0
       3
       3
       2
       1
       2
       3
       2
       1
       0
       1
       2
       2
       3
       2
       1
       2
       1
       1
       1
       4
       2
       5
       5
       1
       3
       0
       4
       4
       1
       2
       3
       2
       5
       1
       1
       0
       2
       1
       0
       2
       3
       2
       3
       6
       2
       2
       3
       2
       4
       4
       3
       1
       6
       7
       2
       6
       2
       3
       2
       2
       2
       1
       2
       2
       2
       2
       3
       2
       3
       3
       0
       2
       2
       2
       0
       1
       2
       3
       0
       5
       0
       1
       2
       1
       2
       3
       1
       0
       1
       1
       0
       8
       1
       5
       3
       2
       1
       4
       3
       1
       2
       3
       1
       2
       1
       1
       3
       0
       4
       1
       3
       3
       2
       2
       1
       1
       4
       3
       4
       6
       2
       5
       3
       1
       3
       4
       1
       2
       1
       5
       4
       4
       2
       3
       2
       2
       2
       4
       4
       2
       4
       2
       3
       1
       8
       1
       6
       2
       2
       1
       2
       1
       0
       4
       3
       0
       2
       4
       3
       3
       2
       2
       0
       3
       5
       0
       2
       1
       1
       3
       1
       1
       1
       4
       3
       0
       1
       2
       4
       1
       1
       3
       3
       2
       1
       3
       2
       1
       2
       1
       2
       0
       3
       2
       3
       4
       1
       3
       3
       3
       1
       0
       3
       0
       3
       2
       2
       3
       3
       2
       3
       0
       3
       2
       2
       2
       1
       1
       2
       3
       0
       2
       3
       3
       3
       4
       4
       1
       0
       2
       5
       1
       3
       1
       2
       5
       1
       2
       2
       2
       1
       4
       2
       2
       2
       1
       5
       3
       1
       4
       7
       6
       7
      10
       5
       9
       4
      13
       5
       6
       5
       1
       5
       3
       0
       3
       1
       4
       1
       3
       3
       1
       2
       1
       1
       5
       3
       0
       0
       3
       2
       2
       2
       2
       0
       2
       3
       1
       0
       1
       1
       3
       1
       4
       2
       6
       1
       1
       1
       1
       0
       1
       1
       1
       2
       0
       1
       3
       3
       3
       1
       1
       0
       2
       3
       1
       3
       1
       0
       3
       3
       0
       1
       3
       3
       2
       3
       2
       1
       2
       1
       3
       2
       0
       1
       1
       1
       2
       1
       1
       3
       4
       2
       4
       0
       2
       4
       4
       2
       4
       1
       1
       4
       1
       4
       2
       1
       0
       2
       2
       0
       1
       4
       1
       1
       1
       2
       1
       3
       0
       0
       2
       2
       0
       3
       5
       2
       0
       2
       0
       3
       3
       1
       2
       2
       3
       0
       1
       6
       3
       0
       1
       0
       1
       2
       1
       3
       1
       1
       2
       2
       1
       2
       3
       4
       2
       2
       1
       2
       6
       3
       3
       5
       3
       2
       1
       5
       1
       3
       3
       0
       2
       3
       2
       1
       2
       1
       2
       2
       0
       1
       1
       5
       2
       2
       3
       2
       2
       2
       1
       3
       0
       3
       1
       3
       3
       2
       2
       2
       4
       3
       4
       1
       2
       4
       1
       2
       2
       6
       3
       3
       1
       3
       3
       1
       4
       1
       2
       6
       5
       0
       3
       3
       1
       3
       0
       3
       4
       4
       4
       7
       5
       3
      11
       7
       3
       4
       5
       4
       4
       2
       1
       4
       1
       1
       0
       3
       2
       2
       1
       2
       3
       0
       0
       1
       1
       1
       0
       1
       0
       3
       2
       3
       0
       0
       2
       2
       0
       2
       2
       0
       1
       0
       3
       1
       1
       1
       2
       3
       2
       2
       2
       1
       3
       2
       0
       1
       1
       3
       2
       2
       4
       3
       1
       1
       0
       1
       1
       1
       0
       0
       1
       2
       4
       2
       2
       5
       0
       4
       4
       1
       2
       0
       2
       1
       6
       1
       0
       1
       3
       0
       1
       1
       2
       1
       1
       3
       0
       2
       2
       2
       2
       1
       0
       1
       1
       1
       1
       1
       1
       0
       3
       3
       3
       1
       0
       1
       4
       1
       2
       2
       1
       3
       5
       1
       6
       0
       1
       2
       0
       0
       4
       4
       2
       5
       3
       0
       2
       3
       3
       2
       0
       2
       2
       4
       2
       0
       3
       2
       2
       0
       1
       2
       0
       0
       1
       1
       1
       1
       1
       3
       3
       4
       2
       0
       2
       0
       3
       0
       2
       2
       0
       3
       0
       1
       1
       3
       2
       3
       2
       2
       1
       2
       1
       3
       2
       1
       2
       0
       2
       0
       2
       1
       0
       1
       3
       2
       2
       1
       2
       2
       3
       3
       0
       1
       1
       4
       0
       0
       5
       2
       4
       2
       5
       5
       0
       0
       1
       0
       2
       3
       2
       1
       3
       1
       5
       1
       1
       3
       4
       3
       1
       2
       1
       0
       2
       3
       4
       0
       2
       3
       0
       5
       3
       0
       1
       0
       0
       0
       2
       2
       1
       1
       1
       2
       3
       1
       0
       1
       1
       3
       1
       3
       6
       1
       0
       1
       0
       1
       0
       0
       1
       1
       0
       6
       3
       2
       3
       1
       0
       0
       1
       1
       1
       0
       2
       2
       2
       0
       1
       0
       3
       0
       1
       6
       2
       1
       3
       8
       4
       3
       1
       2
       0
       1
       0
       2
       1
       2
       1
       3
       0
       2
       1
       2
       0
       2
       2
       2
       1
       3
       3
       1
       3
       4
       1
       1
       1
       1
       2
       1
       3
       2
       4
       1
       0
       2
       3
       0
       2
       0
       0
       6
       2
       0
       0
       1
       2
       3
       3
       0
       0
       2
       4
       2
       2
       1
       2
       1
       2
       3
       0
       0
       1
       1
       2
       4
       0
       2
       0
       3
       1
       0
       2
       2
       0
       1
       4
       3
       3
       1
       0
       0
       2
       2
       1
       2
       1
       3
       2
       2
       1
       1
       2
       1
       3
       0
       2
       2
       2
       1
       1
       1
       0
       3
       0
       5
       3
       0
       2
       1
       3
       2
       4
       1
       2
       2
       2
       0
       3
       0
       5
       2
       5
       1
       0
       0
       2
       2
       2
       3
       3
       1
       0
       0
       5
       4
       1
       1
       1
       0
       1
       4
       1
       2
       0
       1
       0
       1
       3
       1
       0
       1
       3
       2
       1
       1
       5
       1
       1
       0
       2
       0
       1
       1
       3
       4
       2
       3
       1
       3
       2
       4
       2
       1
       1
       2
       2
       2
       0
       1
       2
       2
       0
       2
       2
       5
       1
       1
       0
       4
       0
       0
       3
       2
       1
       1
       2
       1
       2
       5
       4
       0
       2
       2
       0
       0
       0
       0
       0
       1
       4
       0
       3
       1
       4
       1
       1
       6
       1
       2
       1
       1
       3
       1
       3
       0
       0
       2
       2
       3
       1
       2
       2
       1
       0
       2
       2
       2
       0
       2
       1
       2
       1
       2
       2
       2
       1
       2
       3
       2
       2
       6
       1
       2
       4
       1
       2
       0
       1
       2
       1
       0
       1
       1
       2
       1
       3
       3
       5
       1
       2
       0
       2
       1
       2
       2
       0
       1
       3
       0
       1
       2
       1
       2
       2
       3
       2
       6
       6
       2
       3
       9
      10
      11
       6
       9
      11
      10
       4
       1
       2
       2
       3
       1
       4
       0
       0
       4
       2
       1
       2
       2
       0
       1
       3
       1
       1
       4
       1
       0
       3
       4
       3
       1
       3
       0
       3
       3
       1
       2
       3
       1
       3
       3
       3
       4
       3
       3
       2
       2
       2
       1
       1
       4
       0
       3
       2
       1
       2
       1
       3
       5
       4
       1
       2
       1
       6
       2
       2
       1
       1
       0
       2
       0
       2
       2
       1
       5
       1
       2
       0
       2
       2
       1
       0
       2
       1
       3
       4
       1
       2
       2
       1
       2
       1
       1
       4
       2
       2
       1
       3
       2
       2
       2
       2
       3
       0
       1
       2
       4
       0
       4
       1
       2
       0
       3
       1
       0
       1
       1
       0
       1
       2
       2
       0
       2
       6
       0
       3
       3
       1
       1
       4
       1
       0
       3
       1
       5
       1
       2
       4
       7
       1
       3
       4
       8
       2
       1
       1
       2
       4
       4
       1
       2
       0
       0
       4
       3
       2
       2
       0
       0
       1
       2
       3
       3
       1
       1
       1
       1
       2
       1
       3
       0
       3
       1
       1
       4
       3
       4
       1
       3
       2
       2
       1
       2
       1
       0
       0
       0
       0
       1
       1
       2
       1
       4
       1
       2
       0
       4
       4
       0
       2
       2
       2
       2
       3
       5
       0
       3
       2
       1
       1
       2
       2
       1
       3
       6
       1
       3
       1
       2
       5
       1
       2
       3
       2
       2
       5
       1
       1
       1
       0
       0
       3
       0
       1
       2
       3
       1
       3
       1
       2
       0
       3
       2
       1
       1
       1
       1
       1
       0
       2
       5
       2
       2
       2
       2
       1
       0
       2
       3
       0
       1
       4
       3
       1
       3
       1
       4
       3
       3
       1
       1
       1
       4
       3
       0
       1
       2
       0
       0
       1
       2
       1
       4
       1
       2
       2
       0
       0
       2
       1
       1
       3
       1
       2
       1
       0
       3
       2
       1
       2
       2
       2
       1
       2
       1
       1
       3
       3
       3
       6
       5
       0
       2
       0
       3
       2
       2
       0
       1
       3
       3
       2
       4
       1
       4
       2
       4
       0
       0
       1
       3
       7
       1
       3
       2
       3
       2
       5
       4
       3
       1
       1
       1
       3
       0
       4
       0
       1
       1
       1
       2
       1
       0
       3
       1
       3
       2
       1
       2
       2
       3
       8
       3
       2
       2
       2
       0
       1
       4
       6
       1
       1
       2
       1
       5
       3
       1
       5
       1
       1
       1
       0
       1
       2
       1
       1
       1
       0
       2
       1
       1
       2
       1
       1
       1
       1
       0
       2
       2
       3
       0
       1
       1
       2
       3
       2
       1
       3
       2
       2
       1
       1
       0
       4
       2
       3
       1
       2
       3
       2
       1
       3
       3
       2
       1
       4
       3
       4
       4
       4
       3
       0
       1
       2
       2
       0
       3
       0
       1
       0
       3
       1
       3
       1
       3
       1
       0
       1
       2
       2
       2
       2
       2
       1
       2
       2
       3
       3
       1
       5
       5
       3
       4
       4
       1
       2
       2
       3
       4
       5
       0
       3
       0
       0
       3
       4
       2
       2
       1
       4
       4
       2
       2
       4
       5
       4
       2
       0
       2
       3
       1
       1
       1
       1
       2
       1
       1
       1
       2
       2
       1
       1
       0
       1
       0
       2
       0
       2
       0
       0
       6
       0
       2
       2
       4
       1
       1
       3
       1
       0
       0
       4
       2
       0
       1
       0
       1
       1
       2
       4
       3
       2
       1
       0
       3
       0
       0
       0
       0
       1
       2
       3
       2
       3
       4
       1
       1
       0
       0
       3
       2
       1
       1
       3
       1
       1
       3
       2
       2
       0
       1
       2
       0
       2
       1
       1
       0
       1
       2
       1
       0
       2
       1
       2
       2
       2
       2
       4
       2
       1
       1
       0
       1
       1
       1
       3
       1
       0
       2
       1
       2
       0
       2
       4
       1
       2
       1
       2
       2
       2
       2
       1
       0
       0
       3
       0
       0
       0
       1
       3
       1
       2
       2
       2
       0
       3
       0
       2
       4
       2
       1
       0
       3
       0
       0
       1
       0
       2
       1
       3
       3
       0
       2
       2
       0
       2
       2
       2
       1
       1
       1
       3
       1
       0
       0
       0
       1
       2
       3
       3
       1
       2
       0
       0
       1
       4
       1
       0
       2
       2
       2
       1
       1
       1
       1
       0
       0
       2
       0
       1
       1
       0
       2
       1
       2
       0
       1
       1
       1
       0
       0
       2
       0
       1
       0
       0
       1
       2
       0
       2
       2
       1
       3
       1
       2
       1
       0
       0
       1
       3
       1
       2
       1
       0
       1
       0
       1
       0
       1
       2
       2
       2
       1
       0
       0
       2
       1
       2
       0
       0
       4
       1
       0
       3
       1
       1
       2
       1
       2
       1
       2
       0
       2
       0
       2
       0
       0
       2
       0
       2
       1
       0
       1
       1
       0
       0
       1
       3
       1
       0
       1
       1
       1
       1
       1
       0
       2
       0
       2
       2
       0
       0
       3
       1
       2
       1
       0
       0
       2
       1
       1
       1
       1
       0
       3
       1
       0
       2
       2
       0
       2
       1
       4
       0
       1
       0
       2
       0
       0
       2
       0
       1
       0
       1
       2
       0
       1
       0
       1
       1
       0
       0
       0
       2
       1
       3
       1
       0
       0
       1
       0
       2
       1
       1
       1
       0
       2
       2
       0
       1
       0
       0
       1
       3
       0
       0
       0
       0
       0
       2
       0
       0
       1
       3
       0
       1
       0
       1
       0
       3
       1
       0
       0
       2
       1
       0
       1
       0
       0
       0
       2
       1
       0
       0
       1
       2
       2
       0
       1
       0
       0
       0
       2
       0
       0
       1
       0
       2
       0
       1
       0
       0
       0
       0
       0
       0
       2
       1
       0
       1
       1
       1
       1
       2
       2
       1
       2
       1
       0
       0
       0
       2
       0
       0
       1
       1
       0
       2
       0
       0
       2
       2
       0
       3
       2
       0
       0
       1
       2
       2
       0
       1
       2
       0
       2
       1
       1
       0
       1
       1
       0
       2
       0
       1
       0
       0
       0
       0
       0
       0
       1
       0
       0
       0
       1
       1
       1
       1
       0
       1
       1
       0
       1
       0
       0
       1
       0
       1
       1
       1
       0
       1
       0
       0
       0
       1
       1
       0
       1
       0
       0
       0
       0
       0
       0
       2
       0
       0
       1
       1
       0
       0
       0
       0
       0
       1
       1
       1
       0
       1
       0
       0
       0
       2
       0
       3
       0
       0
       0
       1
       0
       0
       0
       0
       0
       2
       0
       1
       2
       1
       1
       0
       2
       2
       3
       1
       0
       1
       3
       3
       1
       1
       1
       1
       0
       1
       0
       1
       0
       2
       0
       2
       0
       0
       0
       1
       1
       1
       4
       1
       1
       0
       2
       1
       0
       0
       0
       3
       2
       0
       1
       0
       0
       2
       1
       0
       0
       0
       2
       1
       0
       1
       1
       1
       0
       1
       0
       0
       0
       0
       2
       1
       0
       4
       1
       1
       2
       0
       2
       0
       1
       1
       1
       0
       0
       0
       0
       0
       0
       1
       0
       0
       0
       1
       1
       0
       1
       0
       0
       1
       2
       1
       0
       1
       2
       1
       0
       1
       1
       0
       1
       0
       0
       1
       1
       1
       2
       1
       0
       0
       1
       0
       1
       0
       0
       0
       0
       1
       1
       0
       2
       0
       2
       0
       1
       0
       1
       0
       0
       3
       0
       1
       0
       2
       1
       0
       0
       1
       1
       1
       0
       1
       1
       0
       0
       1
       1
       0
       0
       0
       1
       0
       0
       1
       0
       0
       0
       0
       0
       2
       0
       0
       1
       1
       0
       0
       1
       0
       0
       1
       0
       0
       0
       1
       1
       0
       0
       1
       1
       1
       1
       0
       0
       0
       1
       0
       0
       0
       0
       3
       1
       2
       0
       0
       0
       0
       0
       0
       2
       1
       3
       1
       1
       2
       0
       0
       2
       0
       1
       0
       1
       0
       0
       0
       0
       1
       1
       0
       0
       0
       0
       1
       0
       0
       2
       1
       3
       0
       0
       0
       0
       1
       0
       1
       2
       0
       3
       0
       0
       1
       0
       1
       0
       0
       0
       0
       0
       0
       1
       1
       1
       0
       0
       0
       2
       0
       1
       0
       1
       1
       0
       0
       0
       0
       0
       0
       2
       0
       1
       0
       2
       0
       1
       1
       0
       1
       0
       0
       2
       2
       1
       0
       0
       1
       0
       1
       1
       0
       0
       2
       1
       0
       0
       1
       0
       0
       1
       1
       2
       0
       0
       0
       0
       0
       1
       1
       0
       0
       0
       1
       1
       1
       1
       0
       1
       0
       0
       3
       1
       1
       2
       3
       4
       0
       3
       3
       5
      10
       8
      14
      28
      43
      43
      46
      42
      55
      39
      49
      38
      29
      31
      25
      25
      14
       8
       6
       1
       1
       0
       0
       2
       1
       0
       0
       0
       0
       0
       1
       1
       0
       0
       0
       0
       1
       0
       0
       0
       0
       1
       0
       0
       0
       0
       0
       1
       0
       0
       0
       1
       1
       0
       0
       1
       1
       0
       0
       1
       0
       0
       0
       0
       0
       0
       1
       0
       2
       1
       0
       2
       0
       0
       1
       0
       0
       0
       0
       0
       2
       0
       0
       0
       0
       2
       0
       2
       1
       0
       1
       0
       0
       0
       0
       0
       0
       0
       2
       0
       1
       0
       1
       1
       0
       0
       0
       0
       0
       2
       1
       2
       0
       0
       1
       0
       0
       0
       1
       0
       0
       0
       0
       0
       0
       0
       0
       1
       0
       0
       0
       1
       0
       0
       0
       1
       0
       0
       0
       1
       1
       0
       0
       0
       0
       1
       0
       0
       0
       0
       0
       0
       0
       0
       0
       1
       0
       0
       1
       0
       1
       0
       0
       1
       0
       0
       0
       0
       2
       0
       1
       0
       2
       1
       0
       1
       0
       0
       1
       1
       2
       1
       1
       0
       1
       0
       1
       0
       0
       0
       0
       2
       1
       0
       1
       1
       1
       0
       0
       0
       1
       4
       0
       0
       0
       0
       0
       0
       1
       0
       0
       0
       0
       0
       0
       0
       0
       0
       0
       1
       0
       1
       0
       0
       1
       1
       1
       0
       1
       0
       2
       0
       0
       0
       0
       0
       0
       0
       0
       0
       0
       0
       0
       0
       1
       0
       0
       1
       0
       1
       0
       0
       1
       0
       0
       1
       1
       0
       0
       0
       2
       0
       0
       2
       0
       1
       0
       0
       0
       0
       0
       0
       0
       0
       0
       0
       0
       0
       1
       0
       0
       2
       0
       0
       0
       1
       0
       0
       0
       1
       0
       0
       0
       0
       1
       1
       1
       0
       0
       0
       1
       0
       1
       1
       0
       0
       0
       0
       0
       1
       0
       1
       0
       0
       0
       1
       1
       1
       1
       1
       0
       0
       0
       0
       0
       0
       0
       0
       0
       0
       2
       0
       1
       1
       0
       0
       1
       0
       0
       0
       0
       0
       2
       2
       0
       1
       1
       0
       0
       0
       0
       0
       0
       0
       0
       1
       0
       0
       1
       0
       0
       0
       0
       0
       0
       0
       0
       0
       0
       0
       1
       0
       0
       0
       2
       0
       0
       0
       0
       0
       0
       0
       0
       0
       0
       1
       0
       1
       0
       0
       0
       0
       0
       0
       0
       0
       0
       0
       0
       0
       0
       0
       0
       0
       0
       0
       0
       0
       1
       0
       0
       1
       0
       1
       0
       1
       0
       0
       0
       0
       0
       0
       0
       0
       0
       0
       0
       0
       2
       0
       0
       1
       0
       1
       0
       1
       0
       0
       0
       1
       0
       0
       0
       0
       0
       0
       0
       1
       0
       0
       0
       0
       0
       0
       0
       0
       0
       0
       0
       0
       0
       1
       1
       0
       0
       1
       0
       0
       0
       0
       1
       0
       0
       0
       0
       0
       0
       0
       0
       0
       1
       0
       0
       0
       1
       0
       0
       1
       0
       1
       0
       1
       0
       0
       3
       0
       0
       0
       0
       1
       0
       0
       1
       0
       0
       0
       0
       3
       0
       0
       0
       0
       0
       1
       0
       0
       1
       0
       1
       0
       0
       0
       1
       1
       1
       0
       0
       3
       2
       2
       0
       0
       2
       0
       0
       0
       0
       0
       1
       0
       1
       0
       0
       0
       0
       0
       0
       1
       1
       0
       0
       0
       0
       0
       0
       0
       0
       0
       1
       0
       0
       0
       0
       0
       0
       0
       0
       0
       0
       0
       0
       0
       0
       0
       0
       0
       0
       0
       0
       1
       0
       0
       0
       0
       0
       0
       0
       0
       0
       1
       0
       0
       0
       0
       0
       0
       0
       0
       0
       0
       0
       0
       0
       0
       0
       0
       0
       0
       0
       0
       0
       1
       0
       0
       0
       0
       0
       1
       0
       0
       0
       0
       0
       0
       0
       0
       0
       0
       1
       0
       0
       2
       1
       2
       0
       1
       0
       0
       1
       1
       0
       0
       0
       0
       0
       0
       1
       0
       1
       0
       0
       0
       0
       0
       0
       0
       0
       0
       1
       0
       1
       0
       0
       0
       0
       0
       0
       0
       0
       1
       0
       0
       1
       0
       0
       2
       0
       0
       0
       0
       0
       0
       0
       0
       0
       1
       0
       0
       0
       0
       0
       0
       1
       0
       0
       0
       0
       0
       0
       0
       2
       0
       0
       0
       0
       0
       0
       0
       1
       0
       0
       1
       0
       0
       1
       0
       0
       1
       1
       0
       0
       1
       1
       0
       1
       0
       0
       0
       0
       0
       0
       0
       0
       0
       1
       0
       0
       0
       0
       0
       0
       0
       0
       0
       0
       0
       0
       0
       1
       1
       1
       0
       0
       0
       0
       0
       1
       1
       0
       0
       0
       0
       0
       0
       0
       0
       0
       0
       0
       0
       0
       0
       1
       0
       1
       0
       0
       0
       0
       0
       0
       0
       0
       1
       0
       0
       0
       0
       0
       1
       1
       2
       0
       0
       0
       0
       1
       0
       0
       1
       0
       0
       1
       0
       0
       1
       1
       0
       0
       0
       0
       0
       0
       0
       1
       0
       0
       1
       0
       0
       0
       1
       0
       1
       0
       0
       0
       0
       0
       0
       0
       0
       0
       0
       1
       0
       0
       0
       0
       0
       2
       0
       0
       0
       0
       1
       0
       0
       0
       0
       0
       0
       0
       0
       0
       0
       0
       1
       0
       1
       0
       0
       0
       0
       0
       0
       1
       0
       1
       0
       0
       0
       1
       1
       0
       0
       0
       0
       0
       0
       0
       0
       0
       2
       0
       0
       0
       1
       1
       0
       0
       0
       0
       2
       0
       0
       0
       0
       0
       0
       0
       0
       0
       1
       0
       0
       0
       0
       0
       1
       0
       1
       0
       1
       0
       0
       0
       0
       0
       1
       0
       0
       1
       0
       1
       0
       0
       1
       0
       0
       0
       0
       1
       0
       1
       0
       0
       0
       0
       1
       1
       0
       0
       0
       1
       0
       1
       0
       0
       0
       1
       0
       1
       1
       0
       0
       0
       1
       0
       0
       1
       0
       0
       0
       0
       1
       0
       0
       0
       1
       0
       1
       0
       0
       0
       0
       0
       0
       0
       0
       0
       0
       1
       0
       0
       0
       0
       0
       0
       0
       0
       0
       0
       0
       0
       0
       0
       0
       0
       0
       0
       0
       0
       0
       1
       0
       0
       0
       0
       0
       0
       0
       0
       0
       0
       0
       0
       0
       0
       0
       0
       0
       1
       0
       0
       0
       0
       2
       0
       0
       0
       0
       0
       0
       1
       0
       0
       0
       0
       2
       0
       0
       1
       1
       0
       0
       0
       2
       0
       0
       1
       0
       0
       0
       0
       0
       1
       0
       0
       1
       0
       1
       3
       1
       0
       0
       0
       1
       0
       1
       1
       0
       0
       0
       2
       0
       1
       1
       0
       0
       0
       0
       0
       0
       2
       0
       0
       0
       0
       0
       0
       0
       0
       0
       0
       0
       0
       0
       1
       0
       0
       0
       0
       0
       0
       0
       0
       0
       0
       0
       0
       1
       0
       1
       1
       0
       0
       0
       1
       0
       0
       1
       0
       0
       0
       0
       0
       0
       0
       0
       0
       1
       0
       0
       0
       0
       1
       0
       0
       1
       0
       0
       0
       0
       0
       0
       0
       0
       0
       1
       0
       1
       1
       0
       0
       0
       0
       1
       0
       0
       0
       0
       0
       0
       0
       0
       0
       0
       0
       0
       1
       0
       0
       0
       0
       0
       0
       0
       1
       0
       1
       0
       1
       0
       0
       0
       0
       0
       0
       0
       1
       0
       3
       1
       5
       7
       6
       5
       8
       3
       4
       3
       2
       3
       4
       1
       0
       3
       1
       1
       0
       1
       0
       0
       0
       0
       0
       0
       0
       0
       0
       1
       0
       0
       0
       0
       0
       0
       0
       0
       0
       0
       0
       1
       0
       0
       0
       2
       1
       0
       0
       0
       0
       0
       0
       0
       0
       0
       0
       0
       0
       0
       0
       0
       0
       0
       0
       0
       1
       1
       0
       1
       0
       0
       0
       0
       0
       0
       0
       0
       0
       0
       0
       0
       0
       0
       0
       0
       0
       0
       0
       0
       0
       0
       0
       1
       0
       0
       0
       0
       1
       0
       0
       0
       0
       1
       0
       0
       0
       0
       0
       0
       1
       0
       0
       0
       0
       0
       0
       0
       0
       0
       0
       1
       0
       1
       0
       2
       1
       0
       0
       0
       0
       0
       0
       0
       0
       0
       0
       0
       0
       0
       0
       0
       0
       0
       0
       1
       0
       0
       0
       0
       0
       0
       0
       0
       0
       0
       0
       0
       0
       0
       0
       0
       0
       0
       0
       0
       0
       0
       0
       0
       0
       1
       0
       0
       0
       0
       0
       0
       0
       0
       1
       0
       0
       0
       1
       0
       0
       0
       0
       0
       0
       0
       0
       0
       2
       0
       0
       1
       0
       0
       0
       0
       0
       0
       0
       0
       1
       1
       0
       1
       0
       0
       0
       0
       0
       0
       0
       0
       0
       0
       0
       0
       0
       0
       0
       0
       1
       1
       0
       0
       0
       0
       0
       0
       1
       0
       0
       0
       0
       0
       0
       0
       0
       0
       0
       0
       0
       0
       0
       0
       0
       0
       1
       0
       0
       0
       0
       0
       0
       0
       0
       0
       1
       1
       0
       0
       0
       0
       0
       0
       0
       0
       0
       0
       1
       0
       0
       0
       0
       0
       0
       0
       0
       0
       0
       0
       0
       0
       0
       0
       0
       1
       0
       0
       0
       1
       0
       0
       0
       1
       0
       0
       0
       0
       0
       0
       0
       0
       2
       0
       0
       0
       0
       0
       1
       0
       0
       0
       0
       1
       0
       1
       0
       0
       0
       1
       0
       0
       0
       0
       0
       1
       1
       0
       0
       0
       0
       0
       0
       0
       0
       0
       0
       0
       0
       0
       0
       0
       0
       0
       0
       0
       0
       0
       0
       0
       0
       0
       0
       0
       0
       0
       0
       0
       0
       0
       2
       0
       0
       0
       1
       1
       0
       0
       0
       0
       0
       0
       0
       1
       1
       0
       0
       0
       1
       0
       1
       0
       1
       1
       0
       0
       1
       0
       0
       0
       1
       0
       0
       0
       0
       0
       0
       0
       0
       0
       0
       0
       0
       0
       0
       0
       0
       0
       0
       1
       0
       0
       0
       1
       0
       0
       2
       0
       0
       0
       0
       1
       0
       1
       0
       0
       0
       0
       0
       0
       0
       0
       1
       0
       0
       0
       0
       0
       0
       0
       0
       0
       0
       0
       0
       0
       0
       0
       1
       0
       0
       1
       0
       0
       0
       0
       0
       0
       1
       0
       0
       0
       0
       0
       0
       0
       0
       1
       1
       0
       0
       0
       0
       0
       1
       0
       1
       0
       0
       0
       0
       0
       0
       0
       0
       0
       0
       0
       0
       0
       1
       0
       0
       0
       0
       1
       0
       0
       0
       0
       0
       0
       0
       0
       0
       0
       0
       0
       0
       0
       0
       0
       0
       0
       0
       1
       0
       0
       1
       0
       1
       0
       0
       0
       0
       0
       1
       0
       0
       1
       0
       0
       1
       0
       0
       1
       0
       0
       0
       0
       1
       0
       0
       0
       0
       0
       0
       0
       0
       0
       1
       0
       0
       0
       0
       1
       0
       0
       0
       1
       0
       0
       0
       0
       0
       0
       0
       0
       0
       0
       0
       0
       0
       0
       1
       0
       0
       0
       0
       0
       0
       0
       0
       0
       1
       0
       0
       0
       0
       0
       0
       1
       0
       0
       0
       0
       0
       0
       0
       0
       0
       0
       0
       0
       1
       0
       0
       0
       0
       0
       0
       0
       0
       0
       0
       0
       0
       0
       0
       0
       0
       0
       0
       1
       0
       0
       0
       0
       0
       1
       0
       0
       0
       0
       0
       0
       0
       0
       1
       1
       0
       0
       0
       0
       0
       0
       0
       0
       0
       2
       0
       0
       0
       0
       0
       0
       0
       0
       0
       0
       0
       0
       0
       0
       0
       1
       0
       0
       0
       0
       0
       1
       0
       0
       0
       0
       0
       1
       0
       0
       0
       0
       0
       0
       0
       0
       0
       0
       0
       0
       1
       0
       0
       0
       0
       0
       0
       0
       0
       0
       0
       0
       0
       0
       0
       0
       0
       0
       1
       0
       0
       0
       0
       0
       0
       0
       0
       1
       0
       0
       2
       0
       0
       0
       0
       0
       0
       0
       0
       0
       0
       0
       0
       0
       0
       0
       0
       0
       0
       2
       0
       0
       0
       0
       0
       0
       0
       0
       0
       0
       0
       1
       1
       0
       0
       0
       0
       0
       0
       0
       0
       0
       0
       0
       1
       1
       1
       0
       0
       0
       0
       0
       0
       0
       0
       2
       0
       0
       0
       0
       0
       0
       0
       0
       0
       1
       0
       1
       0
       1
       0
       0
       1
       0
       0
       0
       1
       1
       1
       0
       0
       0
       0
       0
       1
       0
       0
       0
       0
       0
       0
       0
       0
       0
       1
       0
       0
       1
       0
       0
       0
       0
       1
       2
       0
       0
       0
       1
       0
       1
       0
       1
       0
       0
       1
       0
       1
       0
       0
       0
       0
       0
       0
       0
       0
       0
       0
       0
       0
       0
       1
       0
       0
       0
       1
       0
       1
       0
       0
       0
       0
       1
       1
       0
       0
       0
       0
       0
       0
       0
       1
       0
       0
       0
       0
       0
       0
       0
       0
       0
       0
       0
       0
       0
       1
       1
       0
       0
       0
       1
       0
       0
       1
       1
       0
       0
       0
       0
       1
       0
       0
       1
       0
       0
       0
       0
       0
       0
       1
       0
       1
       0
       0
       0
       0
       0
       0
       0
       0
       0
       0
       0
       0
       0
       0
       0
       0
       2
       0
       0
       0
       0
       0
       0
       0
       0
       0
       0
       0
       0
       0
       0
       0
       0
       0
       0
       1
       0
       1
       0
       0
       0
       0
       0
       1
       0
       0
       0
       0
       0
       0
       0
       0
       0
       1
       0
       0
       0
       0
       0
       1
       0
       0
       0
       0
       0
       0
       0
       0
       0
       0
       1
       1
       0
       0
       0
       0
       0
       0
       0
       0
       0
       0
       0
       0
       0
       0
       1
       0
       0
       1
       0
       0
       0
       0
       0
       0
       0
       1
       1
       1
       0
       0
       0
       0
       0
       0
       0
       0
       1
       0
       0
       0
       1
       0
       0
       1
       0
       0
       0
       0
       0
       0
       1
       1
       0
       0
       0
       0
       3
       0
       0
       0
       0
       1
       0
       0
       1
       0
       0
       1
       0
       0
       0
       0
       0
       0
       0
       0
       0
       0
       0
       0
       0
       0
       0
       0
       0
       0
       0
       0
       0
       0
       2
       0
       0
       0
       0
       0
       0
       0
       0
       1
       0
       1
       0
       0
       0
       0
       0
       0
       0
       0
       0
       0
       1
       0
       0
       0
       0
       0
       0
       1
       0
       0
       0
       0
       0
       0
       0
       0
       0
       0
       0
       0
       0
       2
       0
       0
       0
       0
       0
       0
       0
       0
       0
       0
       0
       0
       0
       0
       0
       0
       1
       0
       0
       0
       0
       0
       0
       0
       0
       0
       0
       0
       1
       0
       0
       0
       0
       0
       0
       0
       0
       0
       0
       1
       0
       0
       0
       0
       0
       0
       0
       0
       2
       1
       0
       0
       0
       0
       0
       0
       0
       1
       0
       0
       0
       0
       0
       1
       0
       1
       0
       0
       0
       0
       0
       0
       0
       0
       0
       0
       0
       0
       0
       0
       0
       0
       0
       1
       0
       0
       0
       0
       0
       0
       0
       1
       0
       0
       0
       0
       0
       0
       0
       0
       0
       1
       0
       0
       0
       0
       0
       0
       0
       0
       0
       0
       2
       0
       0
       0
       0
       0
       0
       0
       1
       0
       0
       0
       0
       0
       0
       0
       0
       0
       0
       0
       0
       0
       1
       0
       0
       0
       0
       0
       0
       0
       0
       0
       1
       0
       0
       0
       0
       1
       0
       0
       0
       0
       0
       0
       0
       0
       0
       0
$ROI:
11
224 244
765 907
1350 1411
1828 1908
2525 2667
2716 2799
3716 3817
4331 4427
4564 4622
5085 5259
5690 5768
$PRESETS:
Live Time
600
0
$ENER_FIT:
0.053689 0.255148
$MCA_CAL:
3
5.368913E-002 2.551478E-001 -1.853380E-009 keV
$SHAPE_CAL:
3
6.992400E+000 7.812671E-004 -3.508660E-008
