$SPEC_ID:
No sample description was entered.
$SPEC_REM:
DET# 1
DETDESC# GMX20P4 HPGe
AP# Maestro Version 7.01
$DATE_MEA:
11/27/2018 15:46:37
$MEAS_TIM:
600 602
$DATA:
0 8191
       0
       0
       0
       0
       0
       0
       0
       0
       0
       0
       0
       0
       0
       0
       0
       0
       0
       0
       0
       0
       0
       0
       0
       0
       0
       0
       0
       0
       0
       0
       0
       0
       0
       0
       0
       0
       0
       0
       0
       0
       0
       0
       0
       0
       0
       0
       0
       0
       7
      28
      55
      74
      96
     115
      96
      98
      87
     102
      87
     113
      95
      88
     114
     129
      95
     131
     125
     108
     117
     129
     145
     136
     148
     160
     159
     171
     183
     225
     244
     274
     293
     331
     280
     275
     220
     227
     174
     150
     154
     168
     153
     165
     178
     171
     193
     198
     238
     223
     226
     235
     215
     241
     272
     259
     353
     387
     430
     507
     592
     675
     756
     832
     948
    1156
    1524
    2013
    2437
    3214
    3843
    4384
    4551
    4532
    3993
    3439
    2630
    1906
    1308
     923
     626
     480
     449
     508
     576
     732
     917
    1087
    1146
    1183
    1155
     968
     792
     632
     488
     371
     250
     190
     151
      97
      97
      99
      86
      79
      80
      67
      84
      89
      74
      94
      68
      87
      88
      80
      79
      83
      92
      98
      94
      89
      79
      88
      91
      86
     106
     104
      99
     105
     114
     110
     108
     117
      93
     103
     111
     110
     110
     102
     142
     118
     109
     110
     130
     113
     116
     100
     122
     101
     119
     121
     126
     131
     129
     159
     141
     195
     213
     195
     230
     266
     247
     238
     244
     220
     189
     170
     145
     149
     147
     125
     133
     142
     143
     147
     160
     141
     147
     146
     158
     160
     125
     148
     131
     164
     142
     144
     167
     170
     153
     176
     167
     220
     207
     197
     221
     202
     216
     201
     212
     207
     224
     235
     214
     216
     238
     236
     222
     226
     217
     249
     230
     234
     250
     281
     258
     254
     228
     261
     246
     251
     254
     232
     253
     266
     261
     232
     238
     268
     242
     280
     253
     229
     226
     254
     227
     215
     233
     240
     245
     234
     238
     279
     235
     247
     227
     233
     221
     218
     235
     221
     218
     195
     226
     218
     245
     245
     244
     227
     260
     277
     373
     419
     547
     725
    1027
    1300
    1594
    2052
    2318
    2308
    2237
    2066
    1679
    1341
     975
     657
     409
     267
     210
     169
     148
     133
     145
     142
     141
     147
     151
     145
     120
     105
     130
     154
     141
     133
     147
     155
     134
     141
     128
     154
     129
     149
     143
     129
     130
     128
     130
     134
     133
     124
     127
     111
     118
     157
     152
     127
     156
     128
     138
     142
     155
     142
     146
     142
     128
     138
     150
     156
     147
     125
     134
     147
     145
     119
     134
     146
     125
     140
     125
     129
     170
     137
     165
     152
     136
     127
     129
     142
     137
     126
     133
     110
     138
     129
     150
     116
     114
     142
     135
     129
     151
     123
     148
     117
     146
     143
     120
     138
     133
     141
     151
     115
     138
     131
     129
     114
     120
     137
     140
     134
     142
     120
     133
     134
     133
     127
     140
     133
     140
     146
     141
     122
     126
     135
     111
     139
     164
     124
     110
     129
     137
     152
     109
     165
     132
     125
     122
     127
     130
     122
     120
     118
     132
     133
     124
     120
     125
     126
     131
     126
     125
     149
     116
     126
     149
     133
     110
     118
     133
     116
     109
     115
     103
     130
     126
     131
     118
     138
     111
     142
     122
     132
     124
     129
     132
     138
     115
     119
     129
     131
     118
     130
     108
     118
     149
     122
     133
     108
     126
     135
     137
     106
     118
     117
     133
     122
     118
     114
     115
     115
     108
     139
     115
     111
     117
     143
     119
     114
     115
      98
     124
     124
     102
     145
     118
     131
     126
     118
     131
     121
     125
     124
     115
     118
     117
     111
     124
     137
     102
     120
     109
     103
     109
     110
     128
     127
     109
     114
     128
     129
     126
     117
     104
     113
     125
     110
     102
     120
     122
     107
     124
     117
     122
     110
     125
     120
     108
     104
     122
     102
     126
     105
     124
     130
     114
     129
     106
     126
     128
     145
     128
     145
     127
     117
     141
     125
     128
     128
     137
     113
     117
     142
     118
     129
     141
     136
     106
     133
     121
     142
     113
     137
     118
     129
     122
      99
     134
     121
     117
     104
     119
     133
     113
     120
     100
     124
     123
     127
     130
     140
     148
     127
     156
     146
     122
     137
     136
     102
     113
     103
     108
     102
     112
     115
     117
     111
     108
      94
     106
      93
     104
     107
     110
     106
     115
     102
     114
     102
     115
      81
     126
     108
      96
      85
     103
     110
      94
      96
      90
      93
      89
     107
     128
     102
     108
     103
      97
      97
     105
     106
     104
     107
     112
     109
      91
     113
      93
      98
     119
     108
     100
      99
      88
     103
     100
      90
      99
     105
     103
      94
     102
     103
      74
      99
      79
     121
     112
     100
     101
      91
      92
      97
      92
     115
      89
      95
      93
     101
      84
     110
      87
      97
      92
      93
      91
      97
     111
      90
      94
     103
     106
     113
      95
     112
     123
     104
      89
     100
      94
     105
      90
      91
      75
     113
     112
     103
      93
      88
     111
      90
     104
      95
      95
     105
      82
      89
     109
      80
      95
      93
      91
      88
      77
      80
      74
      91
      95
      84
      96
      98
      84
      84
      94
      77
      87
      90
      82
      84
      83
      75
      83
      94
      86
     107
      72
      86
      96
      96
      88
      89
     103
      74
      88
      75
      68
      75
      94
      61
      90
      85
      94
      77
      76
      81
      74
      79
      77
      75
      96
      93
      85
      81
      68
      73
      87
      71
      61
      71
      80
      66
      86
      86
      71
      83
      91
      66
      76
      56
      68
      55
      77
      74
      78
      61
      77
      81
      61
      66
      73
      62
      48
      81
      59
      80
      59
      66
      75
      55
      56
      80
      65
      60
      68
      77
      56
      54
      58
      65
      54
      64
      59
      64
      59
      64
      61
      68
      67
      47
      54
      65
      55
      67
      58
      79
      83
      70
      70
      81
      70
      78
      75
      89
      73
      56
      66
      67
      39
      58
      61
      55
      53
      48
      60
      52
      57
      47
      47
      60
      44
      40
      44
      47
      50
      55
      55
      50
      41
      53
      42
      64
      60
      42
      57
      54
      50
      58
      62
      50
      31
      36
      55
      49
      49
      44
      48
      41
      40
      40
      41
      51
      36
      36
      44
      40
      54
      65
      65
      65
      54
      52
      62
      70
      52
      56
      48
      50
      55
      43
      57
      52
      54
      45
      55
      50
      42
      44
      46
      38
      40
      36
      41
      31
      39
      36
      38
      47
      43
      38
      35
      34
      46
      39
      43
      50
      59
      35
      49
      49
      34
      46
      46
      27
      51
      30
      41
      36
      33
      37
      41
      40
      34
      34
      39
      33
      30
      28
      28
      34
      26
      34
      37
      49
      35
      25
      31
      36
      32
      41
      36
      33
      39
      32
      41
      32
      33
      30
      33
      36
      27
      26
      30
      45
      30
      35
      28
      42
      34
      25
      37
      32
      28
      32
      30
      31
      34
      40
      31
      28
      37
      32
      31
      25
      22
      33
      24
      32
      25
      26
      35
      27
      32
      31
      23
      25
      30
      32
      29
      25
      41
      35
      38
      20
      26
      24
      35
      32
      34
      41
      24
      34
      31
      31
      28
      35
      22
      31
      41
      44
      60
      77
     101
     153
     183
     203
     230
     265
     259
     239
     195
     178
     154
     108
      76
      51
      41
      45
      30
      25
      27
      30
      22
      22
      29
      23
      34
      34
      17
      28
      37
      30
      24
      35
      34
      28
      28
      24
      33
      25
      18
      31
      21
      32
      32
      20
      32
      34
      24
      28
      22
      22
      24
      29
      29
      27
      26
      19
      24
      31
      22
      26
      25
      21
      24
      30
      23
      38
      22
      23
      28
      29
      26
      24
      23
      23
      26
      32
      39
      40
      43
      32
      37
      36
      26
      30
      32
      31
      30
      29
      18
      17
      19
      20
      18
      19
      27
      25
      26
      25
      28
      29
      43
      70
      95
     185
     203
     313
     399
     509
     557
     569
     555
     498
     431
     331
     229
     170
     110
      70
      46
      30
      21
      24
      15
      16
      20
      27
      17
      23
      13
      14
      23
      25
      21
      20
      25
      13
      13
      16
      20
      21
      18
      32
      15
      28
      18
      15
      27
      18
      27
      23
      17
      21
      24
      17
      19
      21
      22
      23
      24
      22
      21
      17
      17
      18
      11
      12
      15
      23
      18
      21
      11
      18
      24
      21
      11
      17
      16
      15
      16
      17
      20
      20
      18
      16
      21
      15
      26
      20
      30
      10
      10
      16
      15
      17
      18
      10
      29
      21
      16
      17
      19
      27
      15
      18
      13
      14
      25
      12
      20
      20
      13
      23
      18
      19
      17
      20
      13
      22
      17
      12
      15
      21
      16
      17
      14
      17
      17
      18
      11
      14
      19
      14
      10
      17
      24
      14
       7
       7
      17
      16
      10
      18
      10
      17
      23
      21
      19
      29
      29
      20
      23
      25
      21
      19
      21
      11
      20
      18
      12
      12
      18
      25
      14
      21
      14
      10
      10
      17
      20
      14
      12
      18
      23
      12
      23
      14
      19
      18
      25
      11
      21
      15
      19
       9
      18
      21
      11
      17
      13
       9
      23
       8
      10
      14
      28
      25
      29
      31
      34
      28
      37
      36
      42
      40
      38
      39
      40
      58
     107
     154
     276
     422
     576
     870
    1076
    1351
    1522
    1622
    1581
    1435
    1130
     970
     678
     462
     267
     154
      84
      60
      23
      22
      12
       8
      14
       7
       7
       8
      16
      10
       9
       5
       9
      10
       5
      15
       8
      11
       6
      14
      10
       8
       8
       8
      14
      12
      13
      14
       6
       9
       8
       8
      11
      11
       7
       8
       8
       7
       8
      10
      13
      11
       7
      12
       8
       5
       7
       7
       7
      12
       9
       7
       7
      11
       8
      11
      16
      12
       9
       9
       5
       8
       9
       9
       8
      13
      11
      10
       6
      13
       9
      12
      10
      10
       6
      10
      11
      10
       3
       9
      11
      10
      13
       9
       6
       5
       3
      14
      10
      20
      20
      32
      59
      76
     109
     142
     196
     213
     225
     211
     195
     154
     135
     100
      68
      41
      39
      14
      16
      14
      14
      10
      13
      16
      12
       7
       7
      12
       3
       8
      10
      15
       7
       5
      12
      12
      12
      14
       3
       5
      10
       7
       7
       9
       6
       8
      13
       5
       9
       9
       7
       9
       5
       9
      12
       5
       1
       8
       8
       6
      14
      14
       8
       8
       6
       5
       4
       4
       7
       7
       7
      12
       5
       6
       7
      11
      11
      12
       7
       6
      11
       4
       7
       9
      11
       7
       8
       8
      11
       7
       7
       8
       6
       6
       9
       5
       4
       5
       7
       6
       3
       7
       8
       9
       7
       2
       6
      13
      11
       6
       9
       9
       1
       9
       8
       6
       8
       9
       6
       7
       7
       6
       4
       9
       5
       5
      14
       9
       5
       5
       5
       7
       8
      10
       9
       9
       7
      11
       9
       9
       9
       8
       7
       5
      11
       6
       5
       7
       7
       9
       4
       6
       3
       8
      11
       9
       8
       5
      10
       7
      10
       6
       2
       8
       7
       6
       2
       0
       9
       6
       9
       7
       7
       6
       5
      10
       6
       6
       9
       4
       4
       3
       6
       9
       6
       8
       6
       3
       5
      10
       5
       6
       5
       5
       3
       6
       7
       5
       7
       8
       7
      10
       7
       7
      13
       1
      10
       8
      10
      10
       7
      12
       8
       4
      13
       3
       9
      11
      10
       7
       7
       6
       2
      10
       6
       7
       8
       3
       8
       5
       5
      10
      11
      12
       4
      10
       6
       5
       5
       6
      11
       5
       6
       8
       7
       9
      10
       6
       7
       4
       5
      11
       8
       3
       4
       9
       7
       5
      12
       7
       6
       5
       5
       7
       3
       3
       2
       4
       8
       3
       8
       4
       6
       5
      11
       3
       4
       4
       7
       5
       8
       5
       8
       5
       5
       8
       7
       4
       5
      10
       7
       7
       4
       7
       5
       8
       3
       2
       3
       7
       7
       5
       5
       4
       4
       4
       6
       9
       4
       5
       5
       2
       7
       5
       6
       8
       9
       8
      13
       9
      11
       4
       4
       5
       2
       4
       4
       4
       2
       3
       8
       3
       3
       3
       9
       2
       1
       4
       8
       6
       7
      10
       6
       5
       5
       4
       7
       7
       6
       4
       4
       3
       6
       7
       3
      10
       5
       4
       6
       4
       2
       3
       4
       9
       7
       7
       5
       7
       5
       4
       8
       3
       4
       4
       7
       8
       4
       5
       2
       6
       8
       7
       5
       5
       4
       2
       6
       0
       6
       2
       6
       8
       4
       1
       6
       3
       3
       4
       5
       3
       0
       7
       5
       4
       3
       7
       3
       1
       5
       3
       1
      11
       4
       7
       6
       8
       6
       3
      10
       2
       6
       8
       4
       3
       7
       4
       4
       5
       9
       3
       9
       5
       4
       4
       6
       4
       5
       6
       8
       7
       6
       2
       3
       4
       3
       5
       3
       3
       5
       9
       5
       8
       4
       5
       5
       4
       6
       7
       4
       6
       2
       4
       7
       5
       5
       4
       7
       7
       1
       6
       8
       4
       3
      10
       6
       2
       7
       6
       5
       3
       6
       9
       5
       7
       5
       6
       7
       1
       2
       4
       3
       1
       5
       6
       3
       3
       6
       4
       5
       9
      10
       2
       4
       7
       8
      11
      11
      10
      12
      11
      12
       7
       6
       9
       4
       7
       7
       7
       1
       4
       8
       3
       4
       8
       6
       5
       7
       3
       3
       6
       5
       6
       5
       8
       7
       1
       6
       4
       5
       5
       3
       4
       4
       4
       6
       6
       3
       3
       3
       3
       5
      11
       7
       5
       1
       6
       1
       1
       4
       9
       5
       1
       6
       7
       4
       6
       3
       5
       5
       2
       5
       4
       7
       1
       2
       6
       5
       6
       3
       4
       7
       2
       6
       2
       3
       2
       2
       7
       4
       5
       3
       5
       9
       5
       8
       4
       2
       2
       6
       5
       5
       2
       8
       4
       6
       8
       4
       5
       1
       2
       2
       2
       3
       6
       4
       0
       5
       1
       5
       2
       4
       4
       5
       2
       1
       5
       7
       1
       8
       2
       7
       5
       4
       5
       6
       3
       5
       7
       6
       4
       4
       3
       8
       2
       3
       5
       2
       5
       7
       2
       4
       1
      10
       6
       5
       2
       2
       4
       5
       5
       4
       5
       3
       5
       1
       4
       7
       3
       5
       3
       2
       9
       4
       3
       1
       1
       4
       4
       3
       2
       4
       3
       3
       4
       4
       5
       5
       3
       3
       6
       3
       2
       2
       3
       4
       5
       2
       5
       3
       4
       2
       8
       5
       2
       4
       8
       4
       4
       2
       2
       3
       3
       2
       2
       5
       0
       4
       3
       2
       3
       2
       2
       3
       2
       3
       3
       2
       4
       3
       8
       1
       6
       2
       3
      10
       3
       2
       4
       2
       3
       4
       2
       2
       0
       7
       1
       5
       5
       6
       5
       4
       4
       5
       1
       4
       1
       2
       2
       4
       6
       5
       5
       8
       2
       2
       4
       4
       2
       7
       5
       2
       2
       3
       5
       4
       3
       6
       5
       5
       5
       5
       6
       7
       8
       7
       6
       9
       7
       9
       6
       9
      16
      12
       6
       8
       6
       3
       7
       2
       5
       6
       4
       5
       5
       6
       0
       3
       3
       3
       4
       6
       2
       3
       3
       4
       8
       6
       2
       3
       5
       1
       3
       4
       4
       3
       0
       0
       5
       5
       5
       7
       3
       3
       8
       5
       3
       3
       3
       3
       2
       4
       3
       3
       4
       2
       2
       3
       5
       3
       3
       5
       1
       6
       3
       3
       3
       4
       6
       0
       7
       1
       4
       3
       3
       3
       4
       4
       3
       1
       3
       2
       4
       1
       3
       8
       4
       2
       3
       3
       3
       3
       3
       4
       3
       4
       7
      12
       4
      17
      12
      23
      31
      37
      28
      23
      23
      20
       7
       8
       7
       1
       5
       3
       4
       5
       2
       5
       2
       1
       0
       5
       1
       3
       1
       5
       4
       5
       7
       1
       2
       1
       3
       5
       2
       3
       4
       5
       1
       3
       2
       5
       6
       4
       3
       4
       3
       3
       5
       8
       4
       3
       2
       6
       7
       5
       2
       6
       6
       3
       6
       2
       1
       3
       0
       3
       3
       4
       2
       3
       2
       1
       1
       6
       1
       1
       6
       1
       2
       1
       3
       2
       2
       3
       3
       6
       2
       3
       4
       2
       2
       2
       2
       2
       2
       3
       2
       5
       3
       4
       2
       3
       5
       4
       0
       2
       5
       0
       4
       0
       3
       1
       6
       1
       3
       1
       7
       2
       6
       2
       6
       1
       2
       6
       6
       3
       2
       4
       6
       4
       1
       4
       4
       3
       2
       2
       1
       3
       4
       4
       1
       1
       3
       3
       4
       3
       4
       1
       5
       3
       1
       1
       4
       3
       5
       6
       1
       3
       2
       1
       2
       1
       4
       1
       7
       1
       4
       3
       5
       2
       1
       5
       2
       8
       7
       3
       3
       1
       4
       8
       2
       4
       3
       1
       1
       2
       3
       1
       6
       0
       5
       2
       1
       5
       6
       3
       0
       6
       1
       5
       4
       6
       2
       6
       7
      13
      10
       7
       6
      13
      12
      12
       7
       7
       4
       7
       3
       3
       2
       2
       4
       3
       1
       2
       5
       2
       1
       4
       3
       3
       4
       2
       7
       4
       4
       0
       5
       3
       3
       5
       1
       3
       0
       3
       4
       3
       3
       3
       1
       1
       4
       1
       2
       3
       2
       1
       1
       4
       2
       0
       1
       1
       2
       2
       2
       3
       2
       4
       2
       2
       1
       7
       5
       1
       2
       2
       2
       3
       4
       2
       2
       6
       2
       5
       1
       2
       1
       1
       0
       0
       3
       6
       3
       1
       3
       3
       4
       5
       3
       5
       0
       3
       4
       7
       1
       3
       1
       3
       4
       0
       2
       1
       1
       2
       3
       4
       3
       3
       4
       3
       2
       0
       2
       2
       4
       4
       2
       1
       3
       2
       2
       3
       1
       1
       4
       0
       2
       4
       2
       0
       2
       3
       1
       4
       4
       1
       3
       2
       5
       3
       3
       3
       0
       6
       4
       2
       6
       1
       4
       2
       2
       5
       2
       5
      10
       4
       0
       1
       3
       2
       6
       5
       4
       2
       5
       6
       2
       2
       3
       4
       2
       5
       5
       3
       6
       0
       1
       1
       2
       3
       3
       1
       6
       4
       1
       3
       4
       4
       3
       3
       4
       1
       5
       4
       7
       3
       1
       1
       2
       3
       2
       2
       6
       0
       2
       2
       2
       3
       5
       3
       2
       3
       5
       3
       3
       0
       5
       3
       0
       2
       2
       4
       2
       4
       2
       4
       8
       7
       1
       6
       2
       1
       5
       2
       1
       1
       1
       2
       1
       2
       2
       3
       3
       1
       0
       1
       2
       1
       0
       1
       2
       2
       8
       4
       4
       4
       3
       3
       4
       6
       3
       2
       1
       2
       1
       5
       1
       4
       3
       3
       3
       3
       3
       8
       1
       5
       4
       3
       0
       2
       2
       1
       2
       0
       3
       3
       2
       4
       5
       2
       4
       3
       1
       4
       4
       3
       2
       6
       3
       3
       3
       2
       0
       3
       2
       3
       2
       8
       2
       2
       3
       2
       2
       4
       1
       4
       1
       3
       4
       2
       1
       0
       1
       6
       3
       1
       4
       2
       3
       3
       1
       4
       5
       2
       3
       3
       3
       3
       2
       4
       3
       1
       1
       4
       1
       3
       1
       5
       0
       3
       4
       8
       4
       1
       4
       6
       3
       1
       1
       2
       2
       1
       2
       4
       3
       3
       1
       4
       4
       2
       4
       1
       2
       5
       2
       1
       3
       5
       3
       1
       2
       3
       1
       2
       2
       1
       2
       2
       0
       2
       2
       6
       5
       2
       3
       1
       1
       4
       0
       2
       4
       3
       1
       3
       5
       2
       3
       3
       1
       1
       4
       1
       3
       6
      10
       6
       5
       3
       7
       2
       4
       2
       5
       4
       4
       2
       2
       2
       2
       7
       2
       6
       4
       5
       3
       5
       3
       3
       1
       2
       3
       1
       3
       4
       2
       3
       3
       4
       1
       1
       2
       1
       3
       2
       3
       4
       3
       3
       1
       1
       1
       2
       2
       0
       1
       1
       5
       3
       3
       5
       4
       2
       5
       1
       1
       2
       2
       1
       3
       1
       0
       1
       3
       2
       4
       0
       3
       2
       4
       3
       2
       1
       2
       4
       3
       5
       2
       1
       1
       2
       3
       3
       2
       3
       1
       5
       2
       2
       2
       3
       1
       0
       1
       2
       4
       2
       4
       3
       2
       3
       4
       1
       5
       5
       0
       3
       1
       1
       4
       6
       3
       3
       5
       1
       1
       2
       1
       3
       3
       1
       0
       5
       6
       2
       3
       2
       5
       2
       0
       1
       1
       1
       6
       3
       1
       2
       2
       2
       1
       3
       2
       2
       1
       4
       2
       5
       2
       4
       3
       0
       2
       0
       4
       3
       3
       3
       2
       1
       0
       1
       3
       4
       1
       2
       4
       2
       1
       1
       3
       2
       1
       2
       1
       1
       1
       2
       2
       1
       1
       4
       4
       1
       5
       2
       2
       3
       3
       1
       2
       1
       6
       1
       6
       2
       0
       2
       3
       2
       0
       2
       1
       1
       2
       2
       1
       0
       1
       1
       1
       4
       1
       0
       1
       5
       3
       1
       0
       5
       2
       3
       0
       2
       1
       1
       4
       2
       3
       3
       1
       2
       1
       1
       1
       2
       0
       1
       3
       1
       3
       4
       1
       6
       1
       5
       0
       0
       0
       2
       1
       6
       1
       1
       2
       3
       2
       0
       4
       2
       4
       5
       3
       3
       4
       3
       3
       1
       3
       0
       3
       1
       0
       3
       2
       2
       5
       3
       1
       3
       3
       4
       3
       0
       1
       1
       0
       2
       2
       5
       1
       0
       3
       3
       5
       5
       0
       3
       2
       2
       3
       4
       1
       2
       3
       2
       2
       1
       1
       2
       2
       1
       0
       0
       0
       4
       2
       2
       0
       1
       2
       3
       1
       3
       2
       3
       2
       4
       2
       1
       4
       2
       1
       3
       2
       1
       1
       4
       3
       3
       4
       0
       1
       3
       0
       0
       3
       0
       1
       0
       2
       1
       0
       1
       5
       3
       2
       2
       4
       5
       2
       2
       1
       1
       1
       2
       2
       1
       3
       2
       4
       1
       4
       1
       3
       1
       2
       1
       1
       0
       3
       0
       6
       1
       4
       2
       4
       2
       4
       3
       1
       3
       2
       0
       4
       5
       3
       3
       1
       1
       2
       2
       1
       0
       0
       0
       4
       1
       3
       2
       4
       3
       0
       1
       2
       2
       4
       3
       3
       1
       2
       4
       2
       1
       4
       3
       1
       2
       1
       1
       1
       2
       1
       1
       2
       1
       0
       1
       3
       1
       1
       0
       3
       4
       2
       0
       1
       6
       1
       1
       0
       3
       1
       3
       2
       2
       1
       1
       2
       1
       4
       0
       1
       2
       2
       1
       2
       0
       3
       2
       2
       4
       2
       4
       1
       1
       3
       2
       3
       2
       1
       3
       3
       1
       1
       3
       1
       5
       1
       2
       1
       3
       4
       0
       6
       2
       1
       1
       0
       3
       1
       1
       2
       1
       1
       4
       3
       2
       2
       0
       3
       3
       1
       1
       2
       4
       3
       4
       2
       2
       0
       1
       2
       3
       0
       2
       4
       3
       1
       4
       3
       1
       2
       1
       0
       2
       3
       1
       3
       2
       2
       0
       1
       3
       1
       3
       1
       3
       5
       0
       2
       6
       2
       1
       6
       6
      11
       7
       9
       7
       5
       7
       2
       5
       3
       3
       3
       2
       4
       2
       7
       1
       1
       0
       3
       0
       2
       3
       4
       4
       4
       0
       1
       2
       1
       4
       1
       0
       2
       0
       2
       1
       3
       0
       5
       2
       1
       3
       3
       0
       1
       2
       2
       0
       1
       0
       0
       0
       1
       3
       2
       3
       1
       3
       1
       2
       1
       1
       0
       4
       2
       2
       1
       1
       0
       1
       2
       3
       1
       2
       4
       1
       1
       1
       1
       2
       2
       1
       1
       1
       4
       2
       4
       1
       4
       4
       3
       6
       3
       3
       2
       2
       4
       2
       4
       2
       1
       2
       3
       5
       1
       1
       1
       2
       2
       2
       3
       1
       3
       0
       1
       3
       2
       3
       4
       2
       3
       2
       3
       1
       2
       2
       2
       2
       1
       1
       3
       2
       4
       1
       3
       0
       3
       1
       1
       0
       0
       3
       5
       0
       4
       1
       2
       1
       3
       4
       2
       5
       2
       4
       1
       2
       3
       2
       0
       2
       1
       1
       0
       0
       0
       0
       0
       2
       0
       2
       0
       3
       3
       4
       2
       2
       1
       1
       2
       1
       3
       4
       0
       1
       4
       3
       1
       1
       1
       1
       1
       0
       1
       1
       2
       3
       1
       6
       1
       1
       4
       1
       3
       0
       0
       4
       3
       1
       2
       5
       6
       6
       3
       4
       0
       4
       3
       3
       3
       6
       1
       3
       4
       3
       6
       6
       6
       7
       5
       4
       3
       4
       7
       0
       6
       5
       7
       1
       3
       0
       0
       0
       1
       2
       5
       1
       1
       1
       3
       0
       3
       3
       3
       2
       0
       2
       2
       2
       4
       3
       1
       4
       0
       3
       2
       1
       0
       2
       1
       3
       1
       2
       2
       2
       2
       4
       1
       2
       0
       1
       0
       2
       1
       1
       3
       1
       3
       1
       2
       3
       2
       3
       5
       1
       1
       0
       2
       3
       3
       1
       1
       5
       1
       3
       3
       1
       2
       1
       2
       3
       2
       1
       1
       4
       3
       1
       0
       1
       1
       1
       0
       2
       1
       0
       1
       4
       0
       1
       1
       2
       1
       1
       2
       2
       5
       4
       3
       2
       1
       3
       1
       1
       2
       3
       3
       0
       1
       2
       1
       2
       1
       1
       2
       3
       4
       1
       2
       3
       2
       2
       2
       4
       2
       4
       2
       2
       2
       0
       0
       3
       3
       2
       1
       1
       0
       0
       1
       0
       2
       0
       1
       2
       4
       3
       6
       0
       5
       2
       1
       2
       2
       1
       4
       2
       1
       0
       3
       1
       1
       3
       2
       0
       1
       3
       1
       0
       2
       3
       4
       0
       0
       0
       1
       0
       0
       6
       5
       4
       2
       0
       3
       1
       3
       2
       0
       2
       2
       2
       1
       0
       0
       1
       2
       1
       3
       1
       3
       0
       3
       0
       1
       3
       1
       3
       3
       2
       3
       1
       0
       2
       0
       0
       1
       2
       0
       3
       2
       0
       0
       1
       3
       1
       0
       1
       2
       2
       0
       1
       4
       1
       1
       2
       3
       2
       1
       3
       3
       1
       2
       3
       1
       0
       1
       2
       2
       1
       2
       0
       1
       3
       1
       0
       2
       0
       2
       1
       1
       1
       2
       3
       2
       0
       4
       4
       0
       0
       1
       0
       0
       1
       1
       1
       3
       1
       1
       1
       1
       3
       2
       2
       2
       3
       2
       3
       2
       3
       2
       2
       3
       4
       1
       2
       2
       1
       2
       0
       2
       2
       2
       2
       2
       0
       2
       0
       3
       1
       2
       0
       1
       0
       0
       2
       3
       2
       1
       2
       2
       3
       1
       0
       2
       0
       5
       1
       1
       2
       1
       0
       3
       2
       2
       4
       2
       1
       0
       3
       4
       1
       2
       7
       0
       5
       2
       3
       3
       1
       4
       1
       1
       0
       0
       1
       1
       3
       2
       3
       1
       1
       2
       3
       0
       0
       3
       2
       2
       2
       0
       2
       6
       3
       1
       2
       3
       3
       5
       0
       0
       2
       1
       2
       0
       3
       3
       3
       2
       3
       2
       1
       0
       2
       1
       1
       2
       2
       2
       2
       0
       1
       3
       1
       3
       0
       2
       0
       0
       2
       0
       0
       1
       2
       1
       2
       0
       1
       2
       3
       0
       4
       1
       1
       4
       3
       3
       3
       0
       1
       4
       1
       3
       0
       2
       1
       2
       3
       3
       1
       0
       0
       1
       1
       1
       3
       1
       1
       1
       1
       3
       3
       2
       1
       2
       0
       2
       1
       1
       1
       0
       1
       2
       1
       1
       0
       1
       2
       2
       0
       0
       4
       0
       1
       1
       1
       0
       1
       2
       1
       0
       1
       1
       3
       1
       0
       0
       2
       4
       4
       0
       2
       2
       1
       1
       1
       2
       1
       2
       2
       1
       0
       2
       0
       2
       0
       1
       2
       4
       0
       1
       3
       2
       1
       2
       0
       2
       1
       4
       1
       1
       4
       3
       1
       0
       1
       3
       0
       2
       4
       5
       1
       1
       0
       2
       3
       0
       0
       0
       0
       2
       2
       1
       1
       1
       0
       0
       2
       0
       0
       0
       0
       1
       3
       1
       3
       1
       0
       3
       2
       2
       0
       4
       1
       3
       1
       1
       1
       2
       1
       2
       1
       2
       1
       5
       3
       2
       4
       4
       8
       4
       5
       4
       5
      11
       7
      11
       6
       7
       2
       4
       9
       4
       4
       0
       0
       2
       2
       2
       2
       1
       1
       1
       1
       0
       1
       2
       0
       2
       3
       2
       4
       1
       0
       0
       2
       2
       1
       1
       1
       0
       3
       3
       3
       1
       2
       3
       1
       2
       3
       0
       0
       5
       3
       1
       1
       0
       2
       0
       2
       2
       2
       1
       1
       2
       2
       4
       2
       3
       2
       1
       2
       2
       1
       0
       2
       3
       0
       1
       2
       2
       1
       1
       0
       1
       0
       1
       1
       5
       1
       3
       1
       1
       1
       1
       1
       1
       1
       3
       3
       2
       0
       2
       3
       0
       0
       2
       3
       2
       5
       3
       2
       2
       2
       2
       2
       1
       0
       0
       1
       1
       2
       2
       4
       0
       1
       0
       3
       2
       2
       4
       3
       2
       1
       2
       1
       3
       0
       1
       3
       2
       2
       0
       2
       4
       0
       4
       2
       3
       3
       3
       2
       1
       2
       4
       3
       3
       2
       1
       0
       4
       1
       1
       2
       7
       1
       1
       1
       2
       3
       1
       0
       3
       0
       4
       1
       2
       1
       3
       3
       1
       1
       1
       1
       0
       5
       0
       2
       0
       2
       1
       4
       4
       0
       2
       2
       1
       2
       3
       1
       0
       1
       1
       1
       3
       0
       1
       1
       3
       2
       1
       2
       4
       2
       0
       4
       0
       3
       0
       2
       0
       3
       3
       1
       1
       1
       2
       2
       1
       5
       1
       3
       3
       0
       0
       1
       0
       3
       2
       2
       2
       3
       0
       2
       3
       1
       0
       0
       2
       5
       3
       2
       2
       1
       1
       3
       1
       0
       1
       1
       1
       2
       1
       2
       0
       3
       1
       2
       5
       2
       5
       2
       1
       2
       5
       2
       1
       3
       2
       0
       1
       0
       1
       2
       1
       1
       2
       1
       2
       1
       1
       1
       1
       3
       1
       4
       1
       1
       2
       2
       3
       1
       4
       1
       2
       0
       1
       0
       1
       2
       0
       2
       2
       1
       4
       2
       2
       2
       1
       1
       2
       2
       6
       0
       3
       0
       2
       3
       3
       1
       1
       1
       1
       2
       1
       0
       2
       3
       3
       1
       1
       6
       0
       0
       1
       0
       2
       3
       1
       0
       1
       3
       2
       2
       3
       1
       4
       2
       1
       0
       3
       5
       3
       1
       2
       0
       2
       2
       1
       3
       1
       0
       2
       3
       5
       1
       2
       3
       2
       2
       1
       1
       2
       3
       0
       1
       6
       5
       2
       3
       2
       1
       4
       2
       3
       3
       1
       0
       4
       2
       2
       1
       2
       0
       2
       2
       2
       2
       5
       1
       4
       2
       1
       4
       1
       0
       2
       1
       1
       3
       2
       2
       1
       2
       0
       0
       1
       2
       2
       3
       1
       4
       6
       1
       2
       3
       2
       3
       3
       2
       1
       3
       2
       2
       0
       2
       2
       1
       2
       2
       3
       1
       3
       1
       4
       1
       0
       1
       2
       0
       3
       2
       3
       2
       3
       4
       1
       2
       3
       9
       2
       5
       4
       1
       3
       0
       2
       0
       4
       1
       1
       0
       0
       4
       2
       1
       2
       3
       1
       1
       2
       2
       1
       3
       0
       2
       3
       2
       1
       3
       2
       2
       2
       0
       0
       2
       2
       0
       2
       1
       0
       3
       1
       2
       1
       1
       4
       1
       2
       3
       1
       2
       3
       1
       3
       2
       0
       1
       1
       0
       1
       0
       0
       1
       2
       2
       0
       0
       1
       0
       0
       2
       0
       1
       4
       1
       0
       0
       3
       0
       3
       1
       1
       2
       0
       1
       1
       1
       2
       3
       4
       2
       3
       2
       0
       2
       0
       2
       3
       1
       1
       0
       1
       2
       1
       1
       0
       3
       2
       0
       0
       2
       3
       0
       1
       0
       2
       0
       1
       0
       0
       1
       1
       0
       0
       3
       1
       0
       2
       2
       1
       2
       2
       0
       1
       1
       4
       1
       1
       0
       1
       2
       1
       5
       1
       3
       4
       1
       3
       2
       0
       1
       0
       1
       0
       1
       3
       2
       4
       1
       0
       1
       1
       1
       2
       0
       3
       4
       1
       5
       2
       0
       1
       3
       0
       0
       0
       2
       1
       1
       0
       0
       1
       1
       5
       3
       1
       2
       3
       3
       2
       0
       1
       0
       0
       2
       1
       3
       1
       2
       1
       1
       1
       0
       0
       1
       0
       2
       2
       1
       0
       2
       0
       5
       0
       1
       2
       1
       3
       3
       0
       0
       2
       1
       1
       0
       1
       1
       0
       0
       1
       3
       0
       1
       0
       0
       1
       1
       0
       3
       2
       1
       0
       0
       2
       1
       0
       0
       0
       1
       0
       3
       1
       1
       4
       0
       1
       0
       2
       0
       0
       0
       3
       1
       1
       1
       4
       0
       0
       2
       0
       0
       1
       3
       1
       0
       0
       1
       2
       1
       1
       2
       0
       0
       2
       2
       1
       0
       1
       1
       1
       1
       0
       0
       0
       1
       2
       2
       0
       0
       0
       1
       0
       1
       0
       3
       1
       0
       1
       2
       1
       2
       1
       2
       1
       2
       2
       1
       0
       0
       1
       0
       0
       1
       0
       0
       0
       1
       1
       0
       0
       0
       0
       0
       4
       2
       1
       1
       2
       0
       2
       0
       1
       1
       1
       0
       3
       0
       0
       2
       0
       0
       4
       1
       0
       1
       1
       0
       1
       0
       2
       1
       0
       2
       3
       0
       0
       3
       2
       2
       1
       2
       2
       3
       0
       3
       0
       0
       0
       1
       1
       3
       1
       1
       1
       0
       1
       1
       1
       0
       2
       0
       1
       2
       0
       0
       0
       2
       1
       0
       2
       0
       0
       1
       1
       0
       1
       1
       2
       2
       1
       2
       1
       0
       2
       2
       2
       1
       1
       0
       2
       1
       1
       1
       0
       1
       4
       0
       2
       0
       1
       0
       1
       1
       0
       0
       0
       0
       0
       1
       1
       1
       3
       2
       0
       1
       0
       1
       1
       1
       0
       0
       0
       0
       1
       1
       1
       0
       1
       0
       1
       0
       2
       0
       0
       2
       0
       0
       1
       1
       3
       2
       1
       0
       0
       0
       0
       0
       1
       2
       0
       0
       1
       2
       2
       2
       1
       0
       1
       0
       0
       2
       0
       2
       2
       1
       0
       1
       0
       0
       1
       3
       0
       1
       1
       1
       0
       1
       1
       1
       0
       1
       1
       0
       2
       1
       1
       1
       1
       1
       0
       2
       1
       0
       2
       0
       0
       3
       1
       1
       2
       2
       0
       1
       0
       0
       2
       1
       2
       1
       1
       2
       1
       2
       2
       1
       2
       3
       2
       3
       3
       1
       1
       0
       0
       0
       0
       1
       1
       0
       0
       1
       1
       0
       0
       0
       0
       0
       1
       0
       1
       0
       0
       1
       0
       0
       1
       2
       0
       1
       0
       0
       1
       1
       1
       1
       0
       1
       3
       1
       1
       1
       1
       1
       0
       0
       1
       1
       0
       2
       0
       0
       0
       0
       1
       0
       1
       0
       0
       0
       1
       2
       0
       0
       0
       1
       0
       0
       1
       0
       1
       0
       1
       0
       1
       1
       1
       1
       1
       0
       1
       2
       1
       0
       0
       1
       0
       0
       0
       1
       1
       1
       2
       2
       1
       0
       2
       1
       1
       1
       0
       1
       0
       1
       0
       1
       1
       1
       1
       1
       1
       2
       0
       1
       0
       0
       3
       0
       0
       0
       0
       0
       0
       1
       0
       0
       0
       0
       0
       0
       0
       0
       0
       1
       0
       2
       0
       1
       1
       2
       1
       2
       1
       0
       2
       0
       1
       0
       0
       0
       1
       0
       0
       1
       1
       3
       1
       0
       1
       1
       0
       0
       0
       1
       0
       2
       0
       0
       0
       1
       0
       1
       0
       0
       0
       0
       0
       0
       2
       0
       0
       0
       2
       0
       1
       1
       0
       0
       1
       1
       0
       2
       1
       1
       0
       0
       1
       0
       2
       1
       0
       1
       0
       2
       0
       1
       2
       1
       1
       0
       0
       0
       0
       0
       0
       2
       3
       1
       0
       3
       1
       0
       1
       0
       0
       1
       0
       0
       1
       2
       0
       0
       1
       0
       0
       1
       0
       1
       1
       0
       0
       0
       0
       0
       1
       0
       0
       0
       0
       1
       0
       0
       1
       0
       2
       0
       1
       1
       1
       1
       0
       1
       1
       0
       0
       0
       0
       1
       1
       1
       0
       0
       0
       0
       1
       0
       0
       1
       1
       0
       0
       0
       1
       0
       1
       0
       0
       2
       0
       0
       0
       1
       1
       0
       1
       1
       1
       0
       0
       1
       0
       1
       2
       1
       1
       1
       2
       2
       3
       5
       1
       8
      11
      14
      15
      28
      33
      31
      36
      45
      39
      51
      45
      58
      40
      25
      19
      18
      14
       7
       3
       1
       3
       3
       0
       0
       0
       1
       0
       1
       1
       0
       1
       1
       0
       0
       0
       0
       2
       0
       1
       1
       0
       0
       0
       0
       0
       0
       0
       0
       1
       0
       0
       1
       1
       0
       0
       0
       0
       0
       0
       0
       0
       0
       2
       0
       0
       0
       1
       0
       0
       0
       0
       1
       0
       1
       0
       0
       1
       0
       0
       1
       0
       0
       1
       0
       0
       1
       0
       1
       1
       1
       0
       0
       0
       0
       0
       0
       0
       2
       0
       0
       0
       0
       0
       2
       0
       0
       1
       0
       2
       0
       0
       2
       0
       0
       1
       1
       0
       1
       0
       1
       1
       1
       1
       0
       1
       0
       0
       0
       1
       2
       1
       0
       1
       0
       1
       1
       1
       0
       0
       0
       0
       0
       1
       0
       2
       0
       0
       1
       1
       1
       2
       1
       0
       0
       1
       0
       0
       1
       0
       3
       1
       0
       1
       0
       0
       0
       0
       0
       0
       1
       0
       0
       0
       1
       1
       0
       0
       0
       0
       0
       1
       2
       0
       0
       0
       0
       1
       0
       0
       0
       0
       0
       0
       0
       0
       0
       0
       1
       0
       2
       1
       3
       0
       1
       1
       0
       0
       1
       1
       0
       0
       0
       0
       1
       0
       1
       1
       0
       0
       1
       0
       1
       0
       2
       1
       0
       1
       2
       1
       1
       0
       2
       0
       0
       1
       1
       0
       0
       0
       0
       1
       2
       2
       2
       0
       1
       0
       0
       0
       1
       0
       0
       0
       0
       0
       0
       1
       0
       0
       0
       0
       0
       1
       0
       1
       1
       0
       0
       2
       3
       0
       0
       0
       0
       0
       1
       0
       0
       1
       0
       0
       1
       0
       0
       1
       0
       0
       0
       0
       0
       0
       1
       0
       0
       0
       1
       0
       0
       1
       1
       0
       0
       0
       1
       0
       1
       0
       0
       2
       0
       0
       0
       0
       0
       0
       0
       0
       0
       0
       0
       0
       0
       1
       0
       0
       0
       0
       0
       1
       0
       0
       0
       0
       1
       0
       1
       0
       0
       1
       0
       1
       0
       0
       1
       0
       0
       0
       1
       0
       0
       0
       0
       0
       0
       2
       0
       0
       0
       0
       0
       0
       0
       2
       0
       1
       0
       0
       0
       0
       0
       0
       1
       0
       0
       0
       1
       0
       0
       0
       0
       0
       1
       0
       0
       0
       0
       0
       0
       0
       0
       0
       0
       0
       0
       0
       0
       1
       0
       0
       0
       0
       0
       0
       0
       0
       1
       0
       0
       0
       0
       3
       0
       0
       0
       0
       0
       0
       0
       0
       0
       1
       0
       0
       1
       1
       0
       1
       0
       0
       1
       1
       0
       0
       0
       0
       0
       0
       0
       1
       1
       0
       0
       1
       0
       0
       0
       0
       0
       0
       0
       1
       0
       1
       0
       1
       0
       0
       0
       0
       1
       0
       0
       0
       1
       0
       0
       0
       0
       0
       1
       0
       1
       0
       0
       0
       2
       0
       0
       1
       0
       1
       1
       1
       0
       0
       1
       0
       1
       0
       0
       1
       0
       1
       1
       0
       0
       1
       0
       1
       1
       1
       1
       0
       2
       1
       0
       0
       0
       1
       0
       0
       1
       1
       0
       1
       0
       0
       0
       0
       0
       0
       0
       0
       0
       1
       0
       0
       1
       1
       1
       0
       0
       1
       1
       0
       0
       0
       0
       0
       0
       0
       0
       0
       1
       0
       0
       0
       0
       0
       1
       0
       0
       0
       1
       1
       1
       0
       0
       1
       1
       0
       1
       1
       0
       0
       0
       0
       0
       0
       0
       0
       1
       0
       0
       0
       0
       1
       0
       0
       0
       1
       0
       0
       0
       0
       0
       0
       0
       0
       0
       0
       0
       0
       0
       1
       0
       0
       0
       0
       0
       0
       0
       0
       0
       1
       0
       0
       0
       0
       0
       1
       0
       0
       0
       0
       0
       0
       1
       0
       1
       0
       1
       1
       0
       0
       0
       1
       0
       1
       0
       1
       0
       0
       0
       0
       0
       1
       0
       1
       0
       0
       2
       0
       0
       2
       1
       0
       0
       0
       0
       0
       0
       1
       0
       0
       0
       0
       2
       0
       0
       0
       1
       0
       0
       1
       0
       1
       0
       0
       0
       1
       0
       2
       0
       0
       1
       0
       0
       0
       0
       1
       0
       0
       0
       0
       0
       0
       0
       1
       0
       0
       0
       0
       0
       0
       0
       0
       2
       0
       0
       2
       0
       0
       0
       0
       0
       1
       1
       0
       0
       1
       1
       0
       0
       1
       0
       0
       0
       0
       0
       0
       0
       0
       1
       0
       0
       0
       1
       0
       0
       0
       0
       0
       1
       0
       0
       0
       1
       0
       0
       1
       0
       0
       0
       0
       1
       0
       0
       0
       1
       0
       0
       0
       0
       0
       0
       1
       0
       0
       1
       0
       0
       0
       0
       0
       0
       0
       1
       0
       0
       0
       0
       0
       0
       0
       0
       0
       0
       0
       0
       0
       1
       0
       0
       0
       0
       0
       0
       0
       0
       0
       0
       0
       1
       1
       0
       0
       0
       0
       0
       0
       1
       1
       0
       0
       0
       0
       0
       0
       2
       0
       1
       1
       0
       0
       0
       0
       0
       1
       0
       0
       1
       1
       0
       0
       0
       0
       0
       1
       0
       0
       1
       0
       1
       0
       0
       0
       1
       0
       0
       1
       0
       0
       0
       0
       0
       0
       0
       0
       0
       0
       0
       0
       0
       0
       0
       1
       1
       0
       0
       0
       0
       0
       0
       0
       0
       0
       0
       0
       1
       0
       0
       0
       0
       1
       0
       1
       0
       2
       0
       2
       0
       0
       1
       0
       0
       0
       0
       1
       0
       0
       0
       0
       0
       0
       0
       0
       0
       0
       0
       0
       0
       0
       0
       0
       0
       0
       0
       0
       0
       0
       1
       0
       0
       0
       0
       0
       1
       0
       0
       0
       0
       0
       0
       0
       0
       0
       1
       2
       0
       0
       0
       0
       1
       0
       0
       0
       2
       0
       0
       0
       0
       0
       0
       0
       0
       0
       0
       0
       0
       0
       0
       0
       0
       1
       1
       0
       0
       0
       0
       0
       1
       0
       0
       1
       1
       0
       0
       0
       1
       0
       0
       0
       0
       0
       0
       0
       0
       0
       0
       0
       0
       0
       0
       0
       0
       1
       0
       1
       0
       0
       1
       0
       0
       0
       0
       0
       0
       1
       0
       0
       0
       0
       0
       0
       0
       0
       1
       1
       0
       2
       0
       0
       0
       0
       0
       0
       0
       0
       0
       1
       0
       0
       0
       1
       0
       0
       0
       0
       0
       0
       0
       0
       0
       0
       0
       0
       0
       0
       0
       0
       0
       0
       0
       0
       0
       1
       0
       0
       0
       0
       0
       1
       0
       0
       1
       3
       0
       0
       3
       2
       1
       1
       0
       0
       0
       1
       1
       0
       0
       0
       1
       0
       0
       0
       1
       0
       0
       0
       0
       0
       0
       0
       1
       1
       0
       0
       0
       0
       0
       0
       0
       1
       0
       0
       0
       0
       0
       0
       0
       0
       0
       0
       0
       0
       0
       0
       0
       0
       1
       0
       1
       0
       0
       0
       0
       0
       0
       1
       1
       0
       0
       0
       0
       0
       0
       0
       0
       0
       1
       0
       1
       0
       0
       0
       0
       0
       0
       0
       0
       0
       0
       0
       0
       2
       0
       0
       0
       0
       1
       1
       0
       0
       0
       0
       1
       0
       0
       0
       0
       1
       0
       0
       0
       0
       0
       1
       0
       0
       0
       1
       1
       0
       0
       0
       0
       0
       0
       0
       0
       0
       0
       0
       0
       1
       1
       0
       1
       1
       1
       1
       4
       1
       3
       1
       6
       3
       2
       4
       6
       5
       4
       3
       4
       4
       5
       0
       0
       2
       0
       1
       0
       0
       0
       1
       1
       0
       0
       0
       0
       0
       0
       0
       0
       0
       2
       0
       0
       0
       0
       1
       1
       0
       0
       0
       0
       0
       1
       0
       3
       1
       1
       0
       0
       1
       0
       0
       0
       1
       0
       0
       0
       0
       0
       0
       0
       0
       0
       0
       0
       0
       0
       0
       0
       0
       0
       1
       0
       0
       0
       0
       0
       0
       0
       1
       0
       0
       1
       1
       0
       0
       0
       0
       0
       2
       0
       0
       0
       0
       0
       0
       0
       0
       0
       0
       0
       0
       0
       0
       0
       0
       0
       0
       0
       1
       0
       0
       0
       0
       0
       0
       0
       0
       0
       0
       0
       0
       0
       0
       0
       0
       0
       1
       0
       0
       0
       0
       0
       0
       0
       0
       0
       0
       1
       0
       0
       0
       0
       0
       0
       1
       0
       0
       0
       1
       1
       0
       0
       0
       0
       0
       0
       0
       0
       1
       0
       0
       0
       0
       0
       0
       0
       0
       0
       0
       0
       0
       0
       0
       1
       0
       0
       0
       1
       1
       1
       1
       0
       0
       2
       1
       0
       0
       1
       0
       0
       0
       0
       0
       0
       0
       0
       1
       0
       0
       0
       0
       0
       0
       0
       0
       0
       0
       0
       1
       0
       0
       0
       1
       0
       0
       0
       0
       1
       0
       0
       1
       0
       0
       0
       0
       0
       0
       0
       0
       0
       0
       0
       0
       0
       0
       0
       1
       0
       0
       0
       0
       0
       0
       0
       0
       0
       1
       0
       0
       0
       0
       0
       1
       0
       0
       0
       0
       0
       0
       0
       0
       0
       0
       1
       0
       0
       0
       1
       0
       1
       0
       0
       0
       0
       0
       1
       0
       0
       0
       0
       0
       0
       1
       0
       0
       0
       1
       0
       0
       0
       0
       0
       0
       1
       1
       0
       0
       1
       0
       0
       0
       0
       0
       0
       0
       0
       0
       0
       0
       0
       0
       0
       0
       1
       0
       0
       0
       0
       0
       0
       0
       2
       0
       0
       0
       2
       2
       3
       0
       0
       1
       0
       3
       0
       0
       0
       0
       1
       0
       1
       0
       0
       0
       0
       0
       1
       1
       0
       0
       1
       0
       0
       0
       0
       0
       0
       0
       1
       0
       0
       0
       0
       0
       0
       1
       0
       0
       0
       0
       0
       1
       0
       0
       1
       1
       0
       0
       1
       0
       0
       0
       0
       1
       0
       0
       0
       0
       0
       0
       0
       0
       0
       0
       0
       0
       0
       0
       1
       0
       0
       0
       0
       0
       0
       0
       0
       1
       0
       0
       0
       0
       0
       0
       0
       0
       0
       0
       0
       0
       0
       0
       0
       1
       2
       0
       0
       1
       0
       0
       0
       0
       0
       1
       0
       1
       0
       0
       0
       0
       0
       0
       0
       0
       0
       0
       0
       1
       0
       0
       0
       0
       1
       0
       0
       0
       0
       0
       0
       0
       0
       0
       1
       0
       0
       0
       0
       1
       0
       0
       0
       1
       0
       0
       0
       0
       0
       0
       0
       0
       0
       0
       0
       0
       0
       0
       0
       1
       0
       0
       2
       0
       0
       0
       0
       0
       0
       0
       0
       0
       0
       0
       0
       0
       0
       0
       0
       0
       0
       0
       0
       0
       0
       0
       0
       0
       0
       0
       1
       0
       0
       0
       0
       0
       0
       0
       0
       0
       0
       0
       0
       1
       0
       1
       0
       0
       0
       0
       1
       0
       0
       0
       0
       1
       0
       0
       1
       0
       1
       0
       0
       0
       1
       0
       0
       0
       0
       0
       0
       0
       0
       0
       0
       0
       0
       0
       0
       0
       0
       1
       0
       0
       0
       0
       0
       0
       0
       1
       0
       0
       0
       0
       0
       0
       1
       0
       0
       1
       0
       0
       1
       0
       0
       0
       0
       0
       0
       0
       0
       0
       2
       0
       0
       0
       0
       0
       0
       0
       0
       0
       0
       0
       0
       0
       0
       0
       0
       0
       0
       0
       0
       0
       0
       0
       0
       1
       0
       0
       0
       1
       0
       0
       0
       0
       0
       0
       0
       0
       0
       0
       1
       0
       0
       0
       0
       0
       0
       0
       0
       0
       0
       0
       0
       0
       1
       0
       0
       0
       1
       0
       0
       0
       0
       0
       0
       0
       0
       2
       0
       0
       0
       0
       0
       0
       0
       0
       0
       0
       0
       0
       0
       0
       0
       0
       2
       0
       0
       0
       0
       1
       0
       0
       1
       0
       0
       0
       0
       0
       0
       0
       0
       0
       1
       0
       0
       0
       0
       1
       0
       0
       0
       0
       0
       0
       0
       1
       0
       0
       0
       1
       0
       0
       0
       0
       0
       0
       0
       0
       1
       0
       0
       0
       0
       0
       0
       1
       0
       0
       0
       0
       0
       0
       0
       0
       0
       1
       0
       0
       1
       2
       0
       0
       0
       0
       0
       0
       0
       0
       1
       1
       0
       0
       0
       0
       0
       0
       0
       0
       0
       1
       1
       0
       0
       0
       0
       0
       0
       0
       0
       1
       0
       1
       0
       0
       0
       1
       0
       0
       1
       0
       0
       0
       0
       0
       0
       0
       0
       1
       0
       0
       0
       0
       0
       0
       0
       0
       0
       0
       0
       0
       0
       0
       0
       1
       0
       0
       0
       0
       0
       0
       0
       0
       1
       0
       0
       1
       0
       0
       0
       0
       0
       0
       0
       0
       0
       0
       0
       1
       0
       0
       0
       0
       1
       1
       1
       0
       0
       0
       0
       0
       0
       0
       0
       0
       0
       1
       0
       1
       0
       0
       0
       1
       0
       0
       0
       0
       0
       0
       0
       0
       0
       0
       0
       1
       0
       1
       0
       0
       0
       1
       0
       0
       0
       0
       0
       0
       0
       0
       1
       0
       0
       0
       1
       0
       0
       0
       0
       0
       0
       0
       0
       0
       0
       0
       0
       0
       0
       0
       0
       0
       0
       0
       0
       0
       0
       0
       0
       0
       0
       0
       1
       0
       0
       0
       0
       0
       0
       0
       0
       0
       0
       0
       0
       0
       0
       0
       0
       0
       0
       0
       0
       0
       0
       0
       0
       0
       0
       1
       0
       0
       0
       0
       0
       0
       0
       0
       0
       0
       1
       0
       0
       0
       0
       0
       0
       0
       0
       0
       0
       1
       0
       0
       0
       1
       0
       0
       0
       0
       0
       0
       0
       0
       0
       0
       0
       0
       0
       0
       0
       0
       0
       0
       0
       0
       0
       0
       1
       0
       0
       0
       0
       0
       0
       0
       0
       0
       0
       0
       1
       0
       0
       0
       1
       0
       0
       0
       0
       0
       0
       0
       0
       0
       0
       1
       0
       0
       0
       0
       0
       0
       0
       0
       0
       0
       0
       0
       0
       0
       0
       0
       0
       0
       0
       0
       1
       0
       0
       0
       1
       0
       0
       0
       1
       1
       0
       0
       0
       0
       0
       0
       0
       0
       0
       0
       0
       0
       0
       0
       0
       0
       0
       0
       0
       0
       0
       1
       2
       0
       0
       0
       0
       1
       0
       0
       0
       0
       0
       0
       0
       1
       0
       0
       0
       0
       0
       0
       0
       0
       0
       0
       0
       0
       0
       1
       0
       0
       0
       0
       1
       0
       0
       1
       0
       0
       0
       0
       0
       0
       0
       0
       0
       0
       0
       0
       0
       0
       0
       0
       0
       0
       0
       0
       0
       0
       1
       0
       0
       0
       0
       0
       0
       1
       0
       0
       0
       0
       0
       0
       1
       0
       0
       0
       0
       1
       0
       0
       0
       0
       0
       0
       0
       0
       0
       0
       1
       0
       0
       1
       1
       1
       0
       1
       1
       0
       0
       0
       0
       0
       0
       0
       0
       1
       0
       0
       0
       1
       0
       0
       0
       0
       0
       0
       0
       0
       1
       0
       0
       1
       0
       0
       0
       0
       0
       1
       0
       0
       0
       0
       0
       0
       0
       0
       0
       0
       0
       0
       0
       0
       0
       0
       0
       0
       0
       0
       1
       0
       0
       0
       0
       0
       0
       0
       1
       0
       0
       2
       0
       0
       0
       0
       0
       0
       0
       0
       0
       0
       0
       0
       0
       0
       0
       0
       0
       0
       0
       0
       0
       0
       0
       0
       0
       0
       0
       0
       0
       0
       0
       1
       0
       0
       0
       0
       0
       1
       0
       0
       0
       1
       0
       0
$ROI:
11
224 244
765 907
1350 1411
1828 1908
2525 2667
2716 2799
3716 3817
4331 4427
4564 4622
5085 5259
5690 5768
$PRESETS:
Live Time
600
0
$ENER_FIT:
0.053689 0.255148
$MCA_CAL:
3
5.368913E-002 2.551478E-001 -1.853380E-009 keV
$SHAPE_CAL:
3
6.992400E+000 7.812671E-004 -3.508660E-008
