$SPEC_ID:
No sample description was entered.
$SPEC_REM:
DET# 1
DETDESC# GMX20P4 HPGe
AP# Maestro Version 7.01
$DATE_MEA:
11/27/2018 14:52:23
$MEAS_TIM:
600 602
$DATA:
0 8191
       0
       0
       0
       0
       0
       0
       0
       0
       0
       0
       0
       0
       0
       0
       0
       0
       0
       0
       0
       0
       0
       0
       0
       0
       0
       0
       0
       0
       0
       0
       0
       0
       0
       0
       0
       0
       0
       0
       0
       0
       0
       0
       0
       0
       0
       0
       0
       2
       8
      25
      67
     118
     149
     137
     146
     146
     146
     143
     146
     120
     170
     146
     160
     169
     147
     155
     154
     156
     159
     171
     160
     197
     218
     236
     227
     214
     249
     287
     298
     362
     342
     371
     349
     339
     315
     278
     233
     215
     196
     169
     233
     214
     252
     252
     299
     297
     313
     283
     286
     287
     246
     265
     285
     306
     358
     425
     437
     527
     552
     756
     771
     825
     967
    1054
    1382
    1899
    2525
    3292
    4078
    4865
    5155
    5180
    4572
    3744
    2858
    2001
    1267
     881
     597
     471
     471
     554
     658
     872
    1179
    1323
    1442
    1497
    1371
    1220
    1009
     813
     588
     415
     293
     232
     172
     136
     109
     110
     116
      98
      93
     102
     109
     105
     110
     137
     110
     106
      99
     101
      92
     112
     108
     139
     120
     110
     135
     115
     112
     121
     133
     131
     116
     112
     133
     117
     132
     142
     156
     136
     150
     141
     123
     122
     142
     136
     135
     133
     128
     159
     145
     145
     179
     145
     153
     169
     166
     141
     168
     169
     209
     234
     236
     298
     344
     351
     405
     382
     325
     330
     246
     228
     197
     183
     158
     182
     191
     183
     178
     187
     183
     191
     178
     154
     174
     177
     208
     198
     186
     180
     193
     169
     209
     199
     186
     208
     226
     214
     234
     247
     250
     231
     282
     257
     268
     271
     274
     277
     264
     314
     287
     292
     308
     338
     285
     293
     336
     249
     337
     305
     329
     328
     341
     334
     305
     282
     313
     317
     332
     318
     341
     337
     319
     333
     273
     330
     323
     322
     277
     283
     331
     309
     289
     280
     306
     311
     285
     275
     288
     310
     295
     263
     274
     285
     286
     259
     231
     241
     301
     282
     236
     252
     292
     307
     283
     328
     428
     496
     630
     921
    1314
    1791
    2409
    3112
    3540
    3928
    3781
    3398
    2837
    1947
    1412
     877
     553
     327
     239
     203
     167
     139
     166
     167
     166
     170
     145
     150
     167
     153
     154
     158
     163
     169
     156
     166
     153
     162
     147
     166
     164
     165
     132
     168
     167
     152
     175
     169
     144
     145
     143
     152
     177
     167
     171
     175
     164
     175
     155
     167
     145
     144
     153
     160
     157
     157
     146
     173
     150
     131
     153
     158
     162
     190
     152
     140
     151
     167
     145
     148
     151
     158
     161
     164
     125
     152
     145
     153
     184
     163
     155
     143
     168
     178
     142
     147
     150
     168
     165
     192
     152
     139
     143
     142
     152
     136
     142
     154
     158
     160
     122
     159
     159
     170
     151
     161
     163
     151
     146
     160
     177
     160
     141
     144
     159
     135
     154
     156
     166
     165
     153
     168
     151
     157
     149
     132
     136
     135
     151
     141
     135
     156
     163
     168
     132
     137
     159
     153
     149
     162
     167
     160
     162
     165
     150
     154
     166
     151
     133
     137
     138
     125
     158
     145
     148
     139
     151
     157
     162
     154
     150
     143
     128
     152
     137
     139
     162
     150
     137
     148
     140
     132
     115
     151
     125
     146
     146
     138
     157
     150
     133
     160
     151
     140
     134
     142
     146
     138
     135
     143
     138
     130
     125
     159
     145
     137
     153
     138
     136
     140
     149
     142
     152
     155
     156
     153
     131
     142
     151
     137
     136
     138
     134
     153
     133
     152
     141
     147
     129
     145
     120
     140
     149
     149
     137
     140
     140
     147
     151
     149
     129
     155
     135
     142
     139
     129
     141
     155
     139
     162
     146
     144
     147
     139
     136
     143
     162
     151
     137
     118
     145
     164
     154
     145
     168
     153
     162
     131
     126
     138
     168
     138
     170
     163
     154
     167
     131
     155
     152
     147
     140
     148
     175
     170
     141
     158
     128
     144
     169
     147
     137
     153
     156
     130
     145
     153
     137
     149
     136
     136
     169
     172
     148
     174
     150
     161
     150
     150
     156
     130
     150
     132
     118
     145
     163
     144
     164
     179
     160
     181
     177
     203
     214
     206
     197
     192
     217
     157
     139
     130
     134
     172
     134
     144
     145
     137
     140
     138
     136
     137
     135
     135
     122
     131
     126
     132
     153
     129
     131
     143
     142
     152
     143
     133
     115
     141
     139
     135
     143
     120
     117
     119
     123
     158
     116
     130
     128
     158
     141
     127
     138
     148
     150
     117
     133
     130
     105
     140
     127
     126
     140
     130
     144
     140
     123
     146
     140
     141
     156
     125
     140
     125
     140
     129
     131
     129
     130
     119
     127
     141
     119
     125
     125
     123
     126
     143
     121
     136
     138
     134
     123
     113
     150
     129
     133
     110
     123
     128
     154
     152
     127
     133
     119
     134
     138
     131
     126
     141
     136
     114
     136
     139
     125
     131
     143
     125
     107
     117
     118
     124
     116
     134
     134
     124
     109
     104
     135
     120
     141
     111
     142
     118
     142
     126
     118
     106
     121
     115
     142
     127
     109
     112
     118
     141
      96
     118
     110
     133
     130
     105
     116
     116
     115
     121
     109
     132
     126
     121
     123
     121
     104
     129
      96
     138
     108
     110
     111
     120
     101
     113
     104
     102
     102
     109
     114
     105
      97
     117
     114
     117
     123
     107
     120
     128
     106
     100
     121
     103
      99
     101
      79
     104
     100
      91
     102
      97
      98
      91
      82
      97
      84
     107
      89
      81
      87
      88
      82
      71
      84
      89
      72
      84
      85
      80
      77
     105
      82
      76
      92
      64
      72
      74
      90
      99
      92
      60
      66
      79
      89
      72
      76
      68
      68
      86
      78
      77
      79
      78
      76
      72
      74
      86
      96
      86
      76
      83
      95
     119
     106
     107
      90
      80
      75
      72
      52
      72
      89
      82
      71
      59
      70
      62
      64
      68
      71
      87
      65
      69
      76
      66
      56
      65
      63
      70
      59
      69
      72
      60
      56
      64
      66
      68
      59
      67
      51
      77
      62
      65
      52
      76
      57
      65
      60
      69
      57
      65
      49
      65
      35
      51
      42
      63
      59
      74
      76
      82
      73
      72
      73
      73
      75
      54
      67
      59
      56
      66
      56
      60
      54
      57
      67
      56
      61
      45
      49
      63
      51
      46
      56
      43
      56
      49
      40
      44
      39
      45
      52
      55
      57
      60
      53
      42
      44
      52
      50
      36
      54
      51
      39
      39
      51
      48
      47
      47
      45
      33
      36
      38
      50
      42
      51
      55
      49
      49
      49
      46
      40
      44
      47
      48
      53
      34
      35
      42
      40
      49
      37
      41
      41
      26
      46
      32
      44
      40
      46
      38
      44
      45
      46
      51
      41
      39
      41
      38
      37
      30
      32
      39
      36
      39
      41
      28
      28
      38
      43
      35
      37
      33
      43
      26
      45
      37
      51
      41
      35
      40
      30
      32
      40
      33
      27
      35
      49
      36
      38
      36
      37
      40
      36
      35
      51
      33
      33
      41
      40
      42
      31
      33
      40
      31
      32
      45
      24
      40
      33
      41
      34
      50
      60
      81
     137
     190
     263
     349
     408
     448
     436
     463
     339
     313
     204
     151
      86
      65
      52
      36
      30
      29
      32
      27
      36
      37
      33
      23
      32
      25
      26
      34
      32
      33
      31
      23
      43
      34
      39
      28
      27
      33
      31
      33
      36
      25
      28
      39
      39
      27
      30
      25
      28
      27
      31
      28
      31
      21
      25
      39
      32
      36
      30
      27
      41
      22
      26
      26
      30
      28
      14
      32
      32
      28
      24
      33
      37
      34
      23
      40
      47
      34
      43
      44
      48
      40
      41
      33
      29
      36
      33
      25
      39
      37
      31
      28
      26
      29
      27
      32
      34
      40
      36
      45
      44
      72
     136
     161
     344
     481
     636
     827
     952
     968
     980
     867
     720
     521
     374
     223
     154
      85
      46
      29
      29
      25
      29
      24
      23
      22
      31
      27
      23
      27
      24
      18
      23
      24
      26
      23
      25
      24
      22
      16
      28
      24
      28
      25
      19
      25
      22
      14
      27
      24
      24
      26
      20
      20
      31
      23
      24
      21
      15
      23
      28
      23
      17
      14
      24
      15
      22
      15
      22
      22
      17
      24
      26
      19
      22
      14
      20
      17
      18
      18
      16
      19
      16
      15
      24
      26
      25
      18
      19
      26
      20
      20
      24
      21
      26
      21
      27
      14
      17
      33
      18
      19
      25
      19
      32
      29
      23
      17
      19
      20
      23
      19
      28
      26
      29
      21
      25
      14
      26
      19
      25
      16
      29
      23
      24
      18
      27
      12
      22
      28
      15
      22
      16
      24
      23
      16
      18
      21
      32
      18
      18
      33
      24
      19
      18
      32
      28
      18
      34
      22
      23
      13
      27
      22
      25
      25
      20
      23
      17
      21
      29
      17
      18
      27
      27
      20
      19
      20
      19
      12
      26
      26
      24
      23
      20
      14
      26
      12
      14
      18
      20
      13
      20
      19
      20
      19
      13
      27
      26
      19
      18
      17
      31
      21
      22
      14
      30
      33
      35
      33
      44
      59
      40
      53
      55
      31
      39
      73
      85
     146
     243
     475
     812
    1292
    1775
    2244
    2519
    2792
    2747
    2401
    2107
    1532
     989
     631
     402
     216
     103
      47
      24
      13
      13
       9
       4
       9
       8
      11
       5
      14
      13
      13
      14
      14
      13
      13
      14
      14
      11
      10
       9
      11
       6
       8
      12
      11
       7
      10
      13
      11
      11
       8
       9
      13
      15
      10
      16
       6
       9
       9
       7
       5
       7
      13
      11
      12
      12
      10
      15
       6
      12
       4
      12
       7
      14
      17
      20
       5
      11
       9
       8
      13
       9
       9
      10
       7
      14
       7
      14
      10
      10
      14
       9
       7
      14
      10
      13
      10
       6
      10
      12
      10
      11
      13
      13
      14
      11
      14
      15
      19
      36
      46
      73
     106
     174
     241
     314
     334
     401
     346
     362
     265
     191
     142
      93
      70
      34
      26
      20
      15
      13
       7
      15
      16
       9
       8
       6
       7
      11
      11
      12
       9
      10
      10
       6
      11
       4
      10
      11
      16
       9
       8
       4
       8
       5
       6
      11
       7
       7
       8
      10
       7
       7
       7
      11
       4
       2
       5
       4
       7
       9
       7
       8
       5
       4
       8
      10
       8
      12
       3
       9
       4
       8
      13
       9
       4
      14
      12
       6
       9
       8
       7
       9
       4
       6
       4
      10
      10
      11
       5
       3
       8
       2
      13
       6
      12
       7
       4
       4
       6
       8
       9
       9
       5
      13
       8
       8
      10
       7
      10
       9
       8
      12
       9
       4
       9
      10
       9
       5
       9
      10
       7
       7
       6
       5
       6
       4
       6
       4
       6
      11
       6
       3
       7
       3
       7
      10
       5
      12
       7
       6
       2
       8
      10
       9
      10
       8
       2
       7
       4
       5
       7
       5
       6
       8
       4
       4
       8
       6
       5
       7
       5
       7
       6
       5
      10
       8
      11
       6
       7
      10
       7
       4
       5
       7
       9
       7
      12
       8
       7
       4
       5
       8
       2
       8
       9
       9
       7
       6
       6
       6
      12
       8
       4
       9
       6
       5
       7
       6
       1
       6
       9
       9
       2
      11
      11
       9
      11
       5
       6
       7
       9
      13
       9
       8
      12
       8
      15
      12
       7
      10
       5
       5
       9
       4
       6
      10
       2
       4
       5
       7
       2
       3
       7
      13
      11
       4
       3
       4
       6
       6
       9
       7
       4
       6
       4
       7
       3
       9
       7
       5
       3
       8
       1
       8
       8
       4
       6
       2
       6
       6
       7
       2
       4
       4
       3
       5
       7
      12
       4
       2
       4
       7
       9
       1
       8
       6
       9
       9
       9
       9
       9
       2
       9
       4
      10
      11
       7
       2
       7
       8
       1
       6
      12
       7
       7
       5
       6
       2
       3
       8
       4
       6
       5
       6
       9
       4
       8
       2
       2
       7
       7
       8
       6
       9
       2
       8
      10
       8
       6
       7
       5
       5
      10
       8
       7
       8
       5
       9
       9
       9
       3
       6
       4
       4
       7
       5
       7
      10
       5
       5
       6
       4
      11
       5
       6
       3
       5
       5
       1
       8
       6
       1
       6
      11
       5
       6
       6
       7
      11
       6
       4
       9
       6
       8
       6
       7
       5
       8
       9
       6
       3
       4
       6
       8
       9
       4
       7
       4
       2
       6
       3
      10
       3
       4
       2
       4
       0
       6
       8
       4
       5
       5
       8
       5
       6
       8
       6
       2
       4
       7
       3
       7
       8
       3
       7
       6
       8
       9
       5
       2
       5
       5
       1
       3
       3
       5
       3
       5
       6
       4
       3
       2
       1
       9
       4
       1
       5
       3
       4
       3
       7
       3
       7
       1
       6
       3
       5
       5
      11
       4
       5
       2
       2
       5
       1
       5
       4
       4
       2
       3
       3
       5
       4
       6
       3
       6
       3
       9
       1
       4
       6
       5
       5
       5
       4
       4
       5
       5
       6
       2
       2
       8
       4
       0
       7
       1
       1
       7
       4
       8
       4
       3
       8
       4
       4
       2
       4
       6
       5
       5
       5
       4
       3
       6
       6
       4
      11
       4
       5
       8
       4
       8
      15
      11
       8
      10
      12
      11
      12
       7
       6
       9
       8
       8
       7
       6
       2
       4
       5
       4
       4
       5
       5
       3
       8
       3
       3
       4
       7
       7
       0
       4
       3
       5
       7
       4
       8
       7
       4
       4
       6
       4
       2
       4
       4
       8
       7
       7
       8
       3
       5
       4
       5
       6
       6
       3
       3
       9
       3
       9
       1
       3
       3
       5
       5
       7
       6
       5
       3
       4
       6
      10
       5
       4
       3
       8
       4
       3
       3
       1
       3
       6
       3
       3
      10
       3
       4
       2
       4
       3
       4
       4
       2
       5
       6
       8
       5
       4
       1
       3
       5
       5
       3
       8
       5
       3
       4
       3
       1
       3
       3
       2
       5
       6
       2
       7
       4
       2
       2
       8
       8
       3
       4
       4
       0
       2
       4
       3
       2
       1
       2
       3
       5
       3
       5
       7
       3
       5
       1
       7
       4
       4
       6
       3
       7
       2
      11
       3
       4
       2
       6
       4
       4
       3
       3
       6
       4
       3
       8
       3
       4
       3
       3
       3
       3
       2
       7
       2
       8
       0
       5
       1
       3
       5
       2
       6
       5
       2
       4
       5
       2
       4
       4
       4
       4
       3
       3
       3
       2
       4
       3
       1
       4
       4
       3
       5
       3
       3
       6
       5
       8
       1
       3
       6
       5
       7
       5
      13
       4
       4
       2
       4
       4
       5
       2
       7
       1
       4
       5
       6
       5
       1
       6
       4
       7
       5
       2
       3
       8
       3
       6
       6
       1
       6
       2
       2
       5
       6
       6
       1
       8
       3
       3
       5
       3
       4
       6
       0
       1
       5
       3
       5
       5
       8
       6
       2
       6
       4
       4
       2
       7
       3
       5
       3
       1
       4
       2
       6
       2
       4
      11
       2
       8
       1
       1
       1
       2
       3
       5
       4
       3
       6
       7
       3
       5
       5
       9
      12
       8
       8
      13
      12
       7
       8
       9
       4
       6
       4
       6
       4
       7
       2
       4
       7
       2
       4
       1
       5
       2
       5
       3
       1
       4
       0
       6
       8
       5
       3
       4
       5
       2
       4
       8
       2
       7
       4
       1
       1
       3
       3
       2
       1
       4
       3
       4
       3
       4
       1
       4
       2
       9
       6
       1
       3
       7
       2
       5
       3
       2
       3
       6
       4
       2
       4
       5
       4
       3
       2
       4
       1
       4
       3
       3
       2
       3
       5
       4
       5
       6
       3
       0
       1
       4
       2
       2
       7
       3
       4
       3
       5
       2
       6
       8
      10
       7
      12
      18
      18
      20
      23
      23
      24
      32
      24
      17
      10
      12
      13
       7
       4
       8
       2
       3
       2
       8
       1
       2
       3
       4
       2
       1
       2
       6
       6
       3
       4
       3
       5
       7
       7
       2
       2
       2
       3
       6
       2
       1
       2
       4
       4
       2
       4
       4
       4
       2
       1
       4
       2
       0
       3
       4
       3
       4
       2
       3
       3
       3
       5
       5
       5
       4
       2
       5
       0
       3
       3
       2
       3
       4
       4
       2
       3
       1
       2
       3
       1
       5
       1
       2
       7
       2
       2
      10
       2
       1
       6
       1
       3
       1
       3
       2
       1
       1
       2
       4
       6
       4
       4
       2
       5
       2
       4
       6
       4
       4
       3
       2
       1
       3
       5
       5
       0
       6
       1
       0
       5
       3
       4
       6
       7
       5
       4
       2
       4
       9
       4
       2
       3
       4
       4
       2
       4
       4
       1
       3
       0
       1
       1
       1
       2
       6
       3
       7
       4
       0
       3
       2
       3
       5
       2
       5
       5
       1
       0
       2
       7
       5
       4
       3
       2
       3
       0
       4
       2
       1
       2
       5
       3
       1
       2
       4
       1
       4
       3
       4
       2
       4
       2
       2
       4
       3
       3
       3
       3
       3
       2
       4
       4
       2
       1
       5
       2
       1
       4
       2
       3
       1
       2
       3
       6
       4
       8
       5
      16
       7
       9
      10
      14
      10
      10
       8
       8
       1
       5
       6
       5
       3
       3
       4
      12
       5
       4
       3
       1
       5
       6
       5
       4
       4
       3
       1
       4
       3
       1
       6
       3
       3
       2
       2
       3
       2
       4
       3
       6
       3
       3
       4
       3
       4
       2
       4
       1
       2
       5
       8
       3
       6
       2
       2
       2
       2
       2
       4
       1
       0
       2
       4
       3
       4
       4
       2
       1
       0
       5
       4
       4
       3
       1
       4
       4
       1
       7
       5
       2
       2
       4
       4
       2
       2
       7
       4
       1
       3
       2
       5
       1
       4
       6
       2
       2
       3
       0
       2
       3
       8
       3
       1
       0
       2
       5
       1
       2
       0
       6
       7
       3
       2
       0
       4
       1
       4
       4
       5
       2
       3
       1
       1
       2
       2
       4
       5
       3
       4
       5
       1
       4
       5
       1
       4
       2
       2
       4
       4
       5
       6
       3
       1
       5
       3
       1
       0
       2
       1
       3
       4
       5
       4
       2
       5
       4
       2
       2
       2
       1
       3
       4
       0
       2
       4
       3
       0
       4
       3
       3
       2
       2
       3
       3
       4
       5
       3
       4
       2
       4
       3
       3
       4
       1
       3
       2
       3
       5
       6
       4
       2
       1
       3
       2
       5
       4
       3
       2
       3
       7
       5
       5
       3
       8
       2
       4
       1
       6
       3
       2
       1
       2
       2
       2
       2
       1
       3
       5
       3
       2
       3
       5
       4
       2
       2
       1
       2
       1
       1
       4
       5
       2
      10
       5
       3
       2
       2
       0
       1
       4
       2
       5
       0
       2
       4
       3
       3
       5
       5
       0
       6
       2
       4
       2
       3
       3
       2
       2
       7
       2
       2
       5
       7
       3
       4
       2
       2
       5
       2
       2
       2
       2
       2
       1
       2
       3
       4
       4
       3
       1
       2
       3
       3
       0
       4
       2
       2
       2
       4
       2
       5
       3
       4
       1
       4
       4
       2
       4
       2
       3
       3
       6
       2
       4
       2
       6
       2
       4
       2
       3
       2
       2
       1
       7
       2
       2
       5
       0
       0
       2
       3
       1
       5
       5
       4
       1
       3
       3
       2
       1
       4
       1
       4
       4
       2
       5
       0
       2
       4
       1
       5
       3
       2
       3
       4
       0
       2
       1
       4
       2
       1
       4
       0
       4
       3
       2
       1
       5
       3
       1
       5
       2
       2
       5
       1
       3
       5
       3
       3
       2
       1
       5
       3
       2
       3
       4
       0
       3
       3
       3
       2
       3
       4
       2
       2
       1
       3
       0
       1
       1
       2
       1
       1
       1
       2
       0
       2
       1
       0
       1
       1
       2
       3
       2
       5
       3
       2
       1
       4
       0
       3
       2
       4
       3
       5
       3
       6
       2
       7
       3
       3
       5
       4
       7
       5
       5
       4
       4
       1
       3
       2
       2
       4
       1
       2
       3
       4
       4
       2
       2
       1
       3
       4
       4
       1
       3
       2
       2
       1
       1
       2
       2
       3
       2
       3
       3
       3
       0
       1
       3
       2
       2
       3
       3
       5
       0
       3
       3
       1
       5
       4
       7
       1
       6
       1
       2
       2
       2
       3
       2
       0
       1
       0
       0
       1
       1
       1
       4
       5
       1
       1
       2
       4
       2
       6
       3
       3
       3
       0
       3
       3
       3
       6
       1
       3
       1
       6
       3
       5
       2
       6
       0
       3
       0
       3
       1
       1
       2
       3
       1
       3
       2
       5
       3
       7
       4
       6
       1
       5
       2
       1
       2
       2
       1
       1
       4
       1
       1
       1
       1
       1
       1
       2
       3
       3
       5
       3
       4
       3
       4
       3
       3
       1
       5
       0
       2
       2
       6
       1
       1
       4
       1
       2
       1
       1
       5
       1
       1
       3
       4
       2
       1
       2
       4
       2
       1
       5
       0
       1
       4
       2
       2
       2
       2
       1
       0
       0
       3
       2
       2
       0
       1
       4
       1
       2
       0
       0
       0
       2
       3
       3
       3
       3
       2
       5
       3
       1
       1
       2
       5
       2
       4
       0
       2
       1
       2
       1
       3
       2
       5
       2
       2
       2
       0
       5
       1
       3
       0
       3
       0
       3
       1
       1
       4
       4
       4
       1
       1
       0
       3
       2
       1
       1
       4
       2
       1
       0
       0
       3
       1
       5
       2
       2
       4
       2
       0
       5
       2
       3
       1
       2
       2
       1
       3
       1
       3
       4
       2
       1
       1
       3
       3
       5
       2
       3
       2
       4
       2
       2
       2
       1
       2
       2
       0
       5
       0
       2
       3
       2
       7
       4
       3
       3
       1
       1
       2
       2
       1
       3
       7
       4
       0
       2
       4
       3
       1
       2
       3
       2
       1
       3
       3
       2
       1
       1
       4
       0
       4
       3
       3
       3
       2
       1
       4
       3
       1
       0
       3
       0
       2
       3
       3
       2
       1
       1
       0
       0
       4
       2
       3
       3
       3
       3
       0
       0
       1
       2
       2
       3
       1
       2
       5
       1
       0
       3
       3
       2
       4
       2
       0
       6
       1
       6
       2
       2
       0
       2
       0
       5
       1
       3
       1
       3
       1
       3
       0
       2
       1
       2
       3
       3
       4
       4
       2
       4
       0
       1
       2
       0
       0
       0
       3
       1
       2
       3
       1
       2
       2
       0
       0
       0
       4
       3
       1
       0
       0
       0
       2
       1
       2
       3
       1
       3
       1
       3
       5
       4
       2
       3
       1
       2
       1
       2
       2
       1
       4
       4
       2
       1
       5
       1
       5
       3
       1
       2
       0
       4
       3
       1
       3
       0
       4
       2
       3
       1
       2
       0
       6
       2
       1
       4
       2
       2
       0
       2
       2
       0
       0
       1
       3
       0
       4
       3
       0
       2
       0
       1
       0
       1
       2
       3
       2
       2
       2
       0
       2
       1
       1
       4
       1
       1
       3
       4
       3
       2
       3
       1
       1
       1
       4
       2
       1
       2
       1
       1
       0
       4
       2
       1
       1
       0
       0
       0
       0
       1
       4
       4
       1
       0
       2
       2
       5
       2
       2
       0
       2
       0
       1
       5
       6
       3
       3
       4
       0
       4
       0
       3
       1
       1
       2
       3
       0
       0
       0
       1
       1
       1
       0
       4
       3
       2
       1
       1
       1
       3
       3
       1
       2
       3
       1
       5
       3
       4
       4
       1
       1
       3
       0
       2
       5
       2
       1
       2
       0
       1
       0
       1
       2
       1
       1
       1
       3
       2
       1
       7
      11
       9
      11
       7
      12
      10
       8
       3
       6
       0
       4
       5
       7
       4
       2
       2
       1
       2
       1
       2
       2
       4
       2
       1
       1
       3
       1
       1
       2
       3
       2
       1
       1
       1
       1
       1
       0
       1
       3
       3
       5
       0
       0
       1
       2
       1
       2
       1
       1
       5
       1
       1
       3
       1
       2
       1
       2
       4
       2
       4
       2
       2
       0
       1
       0
       3
       3
       1
       4
       1
       2
       3
       2
       3
       1
       3
       3
       2
       3
       0
       2
       2
       2
       0
       2
       0
       1
       5
       0
       2
       1
       6
       5
       5
       5
       5
       4
       1
       0
       1
       4
       4
       2
       1
       0
       2
       3
       2
       1
       5
       3
       0
       1
       4
       1
       6
       1
       1
       2
       2
       1
       3
       2
       0
       2
       3
       1
       2
       3
       0
       3
       3
       2
       1
       2
       2
       3
       1
       0
       1
       1
       2
       1
       5
       0
       2
       0
       4
       3
       2
       2
       1
       2
       1
       0
       3
       2
       2
       4
       1
       5
       0
       0
       1
       1
       2
       2
       1
       0
       0
       1
       0
       3
       1
       0
       3
       2
       0
       4
       2
       1
       5
       2
       2
       3
       2
       0
       3
       2
       0
       3
       3
       2
       1
       3
       0
       1
       3
       2
       3
       1
       5
       0
       2
       3
       2
       3
       5
       3
       2
       4
       1
       3
       3
       4
       2
       2
       6
       1
       4
       1
       0
       5
       1
       0
       3
       2
       2
       8
       6
       6
       6
       4
       3
       0
       1
       4
       2
       3
       2
       1
       2
       1
       2
       5
       0
       4
       1
       2
       1
       1
       3
       1
       1
       0
       0
       2
       2
       1
       1
       0
       5
       3
       0
       1
       0
       0
       3
       3
       1
       1
       0
       0
       2
       2
       1
       0
       0
       0
       2
       4
       1
       4
       5
       2
       1
       3
       3
       4
       1
       2
       0
       3
       4
       1
       1
       2
       0
       3
       0
       4
       1
       1
       1
       4
       2
       2
       2
       1
       4
       0
       4
       3
       2
       1
       1
       1
       2
       0
       0
       2
       0
       2
       2
       3
       1
       2
       2
       3
       2
       1
       1
       2
       3
       0
       1
       0
       2
       4
       2
       2
       0
       2
       0
       3
       2
       2
       1
       1
       3
       3
       2
       2
       1
       0
       1
       1
       7
       3
       4
       5
       3
       1
       1
       1
       0
       3
       3
       2
       0
       5
       2
       1
       3
       5
       2
       0
       0
       2
       3
       1
       2
       1
       1
       1
       3
       1
       5
       2
       2
       2
       2
       0
       1
       3
       3
       2
       0
       0
       2
       3
       0
       4
       0
       2
       3
       1
       2
       2
       2
       3
       3
       0
       3
       2
       0
       1
       2
       0
       4
       1
       2
       2
       1
       0
       1
       1
       1
       4
       1
       4
       0
       2
       2
       4
       2
       2
       0
       3
       2
       3
       1
       1
       0
       2
       2
       4
       3
       1
       2
       1
       4
       1
       2
       1
       0
       2
       7
       1
       0
       1
       0
       1
       1
       0
       1
       0
       2
       3
       0
       3
       3
       3
       4
       0
       0
       1
       2
       5
       2
       2
       2
       2
       1
       1
       0
       0
       3
       0
       2
       3
       2
       3
       3
       1
       1
       3
       3
       0
       1
       2
       1
       0
       3
       1
       0
       2
       0
       1
       0
       2
       1
       3
       3
       2
       2
       6
       2
       2
       2
       2
       1
       2
       0
       2
       2
       1
       2
       2
       2
       2
       2
       2
       1
       4
       2
       2
       0
       3
       0
       4
       0
       3
       2
       0
       3
       2
       3
       1
       2
       4
       0
       0
       4
       1
       0
       0
       2
       2
       4
       1
       1
       2
       4
       3
       0
       2
       2
       2
       1
       4
       2
       2
       0
       2
       5
       0
       1
       3
       1
       2
       4
       8
       0
       1
       3
       0
       2
       2
       2
       2
       5
       2
       2
       2
       3
       3
       3
       0
       1
       2
       5
       1
       4
       2
       2
       1
       0
       0
       3
       0
       0
       0
       1
       0
       4
       2
       0
       3
       1
       0
       0
       0
       3
       4
       1
       1
       1
       1
       2
       2
       0
       1
       1
       1
       1
       0
       2
       0
       0
       4
       1
       2
       1
       1
       1
       2
       0
       2
       4
       2
       0
       3
       6
       0
       1
       1
       1
       1
       3
       2
       1
       0
       1
       4
       2
       0
       0
       2
       4
       0
       4
       4
       2
       0
       0
       3
       3
       3
       0
       5
       2
       2
       2
       1
       3
       0
       2
       0
       2
       0
       1
       4
       1
       2
       2
       4
       1
       5
       0
       0
       0
       3
       1
       0
       2
       2
       1
       4
       1
       0
       2
       0
       3
       1
       1
       4
       1
       0
       2
       2
       1
       3
       1
       1
       1
       1
       1
       2
       0
       2
       3
       3
       0
       2
       2
       1
       1
       1
       1
       0
       2
       2
       1
       2
       4
       1
       2
       4
       2
       2
       0
       0
       2
       0
       1
       0
       3
       1
       6
       1
       2
       0
       1
       3
       0
       1
       4
       5
       5
       1
       3
       0
       4
       5
       1
       2
       1
       2
       2
       1
       2
       4
       0
       1
       2
       1
       1
       0
       3
       1
       3
       1
       1
       3
       0
       2
       1
       2
       2
       3
       1
       2
       0
       0
       1
       1
       0
       0
       0
       1
       1
       3
       3
       1
       1
       1
       0
       3
       0
       6
       4
       8
      13
       3
       7
       6
       6
      11
       6
       4
       4
       3
       1
       1
       3
       1
       1
       4
       2
       2
       0
       1
       2
       4
       6
       2
       0
       1
       2
       1
       1
       0
       1
       2
       2
       4
       2
       2
       3
       3
       0
       2
       3
       2
       0
       0
       4
       1
       0
       2
       1
       1
       0
       1
       0
       1
       2
       4
       3
       1
       2
       3
       1
       1
       1
       1
       6
       3
       3
       3
       1
       0
       0
       0
       3
       2
       2
       0
       2
       3
       2
       1
       1
       0
       3
       2
       2
       0
       1
       1
       0
       2
       2
       0
       1
       4
       4
       3
       0
       4
       0
       1
       2
       4
       2
       2
       0
       2
       0
       1
       3
       2
       1
       0
       3
       1
       4
       2
       2
       1
       1
       2
       0
       0
       4
       3
       2
       4
       0
       1
       1
       1
       0
       4
       1
       0
       0
       3
       4
       1
       0
       3
       0
       3
       2
       1
       1
       1
       0
       4
       2
       1
       2
       1
       3
       1
       1
       2
       2
       3
       0
       1
       5
       2
       2
       2
       0
       0
       1
       5
       1
       0
       1
       2
       3
       1
       6
       1
       0
       1
       2
       5
       1
       2
       1
       2
       3
       5
       3
       1
       1
       2
       1
       0
       1
       0
       2
       2
       2
       2
       5
       1
       4
       1
       5
       0
       2
       3
       1
       2
       2
       2
       2
       0
       1
       0
       0
       1
       2
       0
       2
       2
       2
       4
       1
       5
       4
       1
       1
       4
       2
       3
       2
       2
       1
       4
       6
       2
       2
       2
       1
       1
       2
       3
       2
       3
       0
       1
       0
       0
       1
       1
       2
       3
       1
       0
       1
       3
       3
       0
       2
       1
       1
       2
       2
       2
       1
       1
       0
       6
       0
       1
       2
       3
       1
       3
       3
       2
       0
       1
       3
       0
       1
       2
       0
       2
       3
       0
       1
       0
       1
       0
       0
       0
       3
       0
       2
       2
       2
       0
       4
       2
       1
       2
       3
       1
       1
       3
       2
       0
       3
       0
       3
       2
       1
       0
       3
       2
       0
       0
       1
       2
       2
       3
       3
       1
       1
       1
       2
       1
       0
       1
       2
       2
       2
       0
       2
       3
       0
       2
       2
       1
       4
       1
       1
       0
       1
       0
       1
       1
       3
       3
       0
       3
       3
       1
       0
       1
       1
       2
       1
       2
       1
       1
       3
       0
       3
       0
       5
       1
       0
       1
       1
       2
       1
       1
       4
       1
       2
       4
       0
       0
       2
       2
       2
       1
       7
       3
       1
       1
       4
       1
       2
       3
       4
       3
       0
       1
       2
       0
       6
       1
       1
       0
       1
       1
       0
       0
       1
       1
       3
       2
       0
       2
       3
       1
       1
       2
       4
       3
       2
       1
       1
       3
       2
       1
       2
       4
       3
       1
       2
       1
       3
       3
       2
       4
       1
       3
       3
       3
       4
       0
       2
       2
       1
       2
       4
       1
       2
       0
       2
       2
       1
       1
       1
       3
       3
       4
       1
       3
       6
       3
       7
       4
       5
       3
       4
       1
       5
       4
       5
       1
       6
       1
       4
       2
       2
       3
       3
       2
       1
       1
       2
       1
       0
       1
       2
       2
       5
       1
       0
       1
       1
       1
       2
       3
       2
       1
       3
       1
       0
       1
       4
       2
       1
       0
       1
       4
       2
       2
       0
       0
       3
       2
       2
       3
       1
       4
       1
       0
       1
       3
       0
       1
       2
       1
       1
       1
       2
       2
       1
       3
       2
       1
       1
       1
       1
       2
       5
       4
       1
       3
       1
       5
       0
       1
       3
       0
       0
       2
       2
       1
       4
       2
       1
       2
       1
       1
       3
       1
       0
       0
       3
       3
       4
       1
       1
       1
       1
       1
       1
       1
       1
       0
       3
       3
       0
       3
       2
       1
       1
       1
       2
       3
       1
       2
       1
       1
       1
       2
       1
       1
       1
       1
       1
       1
       1
       1
       1
       0
       0
       0
       0
       0
       1
       2
       2
       0
       0
       0
       0
       0
       2
       3
       1
       3
       0
       0
       2
       0
       3
       2
       0
       3
       2
       1
       2
       0
       1
       2
       0
       2
       4
       2
       1
       3
       1
       1
       1
       1
       2
       0
       1
       0
       1
       1
       3
       0
       2
       0
       0
       0
       1
       0
       1
       3
       1
       0
       0
       1
       0
       2
       0
       0
       1
       1
       1
       2
       1
       0
       1
       2
       0
       0
       1
       0
       1
       2
       0
       2
       2
       2
       2
       0
       0
       4
       2
       1
       0
       5
       0
       1
       1
       2
       2
       0
       0
       1
       1
       1
       1
       1
       3
       1
       1
       0
       0
       0
       1
       3
       0
       1
       1
       0
       0
       0
       2
       1
       0
       2
       0
       0
       1
       0
       1
       1
       0
       1
       1
       0
       2
       1
       3
       1
       3
       1
       0
       0
       2
       1
       2
       2
       1
       1
       0
       0
       1
       1
       1
       0
       1
       4
       0
       2
       1
       2
       1
       2
       2
       1
       0
       1
       2
       0
       0
       1
       0
       0
       3
       2
       0
       2
       1
       0
       1
       1
       2
       3
       0
       1
       1
       0
       3
       1
       2
       1
       0
       1
       1
       1
       2
       0
       0
       0
       1
       0
       2
       0
       1
       1
       1
       1
       0
       0
       1
       0
       0
       1
       1
       0
       1
       3
       1
       0
       0
       2
       4
       3
       0
       0
       1
       1
       1
       1
       1
       0
       0
       0
       0
       1
       0
       1
       2
       1
       0
       0
       1
       3
       4
       3
       0
       2
       0
       2
       0
       1
       1
       0
       0
       1
       1
       0
       2
       0
       1
       0
       0
       0
       0
       0
       1
       0
       1
       2
       1
       1
       0
       2
       0
       1
       1
       1
       1
       2
       1
       1
       1
       0
       1
       1
       0
       1
       1
       0
       1
       0
       1
       0
       1
       1
       0
       0
       1
       2
       2
       0
       1
       0
       0
       0
       1
       2
       0
       1
       0
       0
       2
       1
       1
       1
       0
       1
       1
       2
       0
       0
       0
       2
       0
       0
       0
       0
       0
       0
       1
       0
       0
       0
       0
       1
       2
       0
       1
       0
       1
       1
       1
       1
       0
       0
       0
       0
       0
       1
       0
       0
       0
       0
       1
       1
       1
       0
       0
       1
       1
       0
       1
       0
       0
       1
       4
       0
       1
       0
       0
       0
       0
       2
       1
       0
       0
       2
       0
       0
       1
       0
       0
       2
       1
       1
       1
       0
       1
       1
       0
       1
       0
       0
       0
       0
       2
       0
       0
       0
       0
       0
       2
       1
       1
       2
       1
       0
       1
       0
       0
       3
       0
       2
       2
       1
       2
       2
       2
       2
       1
       4
       6
       1
       2
       0
       1
       0
       1
       2
       0
       0
       1
       1
       2
       0
       0
       0
       0
       1
       1
       0
       0
       1
       2
       2
       0
       3
       1
       1
       1
       0
       1
       0
       3
       0
       2
       1
       1
       1
       1
       0
       0
       0
       0
       0
       2
       0
       0
       0
       0
       0
       0
       1
       0
       0
       0
       0
       0
       0
       0
       0
       1
       1
       0
       1
       0
       1
       0
       1
       1
       0
       1
       1
       0
       0
       0
       0
       0
       0
       1
       2
       0
       0
       0
       0
       3
       0
       3
       0
       0
       0
       0
       3
       0
       0
       1
       1
       0
       0
       0
       2
       1
       0
       0
       0
       0
       0
       0
       2
       1
       1
       0
       0
       1
       1
       2
       0
       1
       2
       2
       2
       0
       0
       0
       0
       0
       0
       0
       1
       2
       1
       0
       0
       1
       0
       1
       1
       3
       1
       1
       0
       1
       1
       1
       0
       0
       1
       2
       0
       0
       1
       0
       1
       0
       1
       0
       2
       1
       1
       1
       0
       1
       0
       1
       0
       1
       1
       1
       1
       0
       1
       2
       0
       1
       0
       0
       0
       2
       0
       1
       1
       0
       0
       0
       0
       1
       1
       2
       0
       0
       2
       0
       1
       2
       0
       0
       0
       1
       1
       0
       0
       0
       1
       1
       0
       1
       2
       1
       0
       0
       0
       1
       0
       0
       0
       0
       0
       1
       0
       0
       2
       0
       0
       1
       0
       0
       0
       1
       3
       1
       0
       0
       0
       1
       0
       1
       2
       0
       0
       1
       0
       1
       2
       2
       0
       0
       0
       3
       0
       0
       0
       1
       1
       1
       1
       1
       2
       0
       0
       1
       0
       0
       0
       1
       1
       1
       0
       0
       1
       0
       0
       0
       0
       0
       0
       0
       0
       1
       1
       0
       0
       2
       2
       0
       1
       0
       0
       1
       1
       1
       1
       1
       0
       2
       2
       0
       0
       1
       2
       1
       0
       1
       0
       1
       1
       1
       2
       2
       1
       2
       0
       0
       3
       1
      11
       8
      13
      19
      21
      29
      42
      38
      59
      37
      60
      56
      45
      44
      30
      27
      15
       7
       7
       5
       2
       0
       1
       0
       0
       0
       0
       0
       1
       0
       0
       0
       1
       0
       0
       0
       0
       0
       0
       0
       0
       0
       1
       0
       1
       1
       1
       1
       1
       2
       1
       0
       1
       0
       0
       0
       1
       0
       0
       0
       0
       0
       0
       0
       0
       0
       0
       0
       0
       1
       0
       0
       0
       1
       0
       0
       0
       0
       0
       0
       1
       0
       0
       0
       0
       1
       0
       0
       0
       1
       3
       0
       1
       1
       0
       0
       0
       0
       0
       0
       0
       2
       1
       0
       0
       0
       2
       1
       0
       0
       0
       0
       0
       1
       0
       1
       0
       0
       1
       0
       1
       0
       1
       0
       0
       0
       0
       0
       0
       0
       0
       0
       0
       0
       0
       1
       0
       0
       2
       1
       0
       0
       1
       1
       0
       0
       1
       0
       1
       0
       0
       1
       0
       1
       0
       0
       1
       1
       1
       0
       1
       0
       2
       0
       1
       1
       2
       0
       4
       0
       0
       0
       0
       0
       1
       0
       0
       0
       2
       0
       0
       2
       0
       0
       0
       0
       0
       0
       1
       0
       0
       0
       1
       0
       0
       2
       1
       2
       0
       0
       0
       0
       0
       1
       0
       1
       2
       0
       0
       0
       1
       1
       0
       2
       0
       0
       1
       1
       0
       1
       0
       0
       1
       0
       0
       0
       4
       0
       0
       0
       0
       1
       0
       0
       0
       0
       0
       0
       0
       0
       0
       0
       1
       0
       0
       1
       0
       0
       1
       0
       0
       1
       0
       0
       1
       0
       1
       0
       2
       0
       0
       1
       1
       1
       0
       0
       0
       1
       2
       1
       1
       1
       1
       1
       2
       0
       0
       0
       0
       0
       0
       1
       0
       0
       0
       1
       0
       0
       0
       0
       1
       0
       0
       0
       0
       1
       0
       0
       0
       0
       0
       0
       0
       0
       0
       0
       0
       0
       2
       1
       2
       0
       1
       1
       1
       0
       0
       0
       1
       0
       1
       0
       0
       0
       1
       0
       0
       0
       0
       0
       1
       0
       0
       0
       0
       0
       0
       0
       2
       0
       0
       0
       1
       1
       0
       0
       0
       0
       0
       1
       0
       0
       1
       0
       1
       1
       0
       0
       0
       0
       0
       0
       0
       0
       0
       0
       0
       0
       0
       0
       0
       1
       0
       0
       0
       0
       2
       1
       1
       0
       0
       0
       1
       0
       0
       0
       0
       0
       0
       0
       0
       0
       0
       0
       0
       1
       0
       0
       2
       0
       1
       0
       0
       1
       0
       0
       0
       0
       0
       0
       0
       0
       1
       1
       0
       0
       0
       0
       0
       0
       0
       0
       1
       0
       2
       0
       0
       0
       0
       0
       1
       0
       0
       0
       0
       1
       0
       0
       0
       0
       0
       1
       0
       0
       1
       0
       0
       0
       1
       1
       0
       0
       0
       0
       1
       1
       0
       2
       0
       1
       0
       0
       1
       0
       1
       0
       1
       0
       0
       1
       0
       1
       0
       0
       0
       0
       0
       0
       2
       1
       0
       0
       0
       0
       0
       1
       0
       1
       1
       0
       1
       0
       0
       0
       1
       0
       0
       2
       2
       0
       1
       0
       0
       0
       1
       0
       0
       0
       1
       0
       1
       0
       1
       0
       0
       3
       0
       0
       0
       1
       0
       3
       0
       0
       1
       0
       1
       1
       3
       0
       1
       0
       1
       0
       0
       1
       0
       0
       0
       1
       0
       0
       0
       0
       0
       0
       0
       0
       1
       1
       0
       1
       0
       0
       1
       0
       0
       0
       0
       0
       0
       0
       1
       0
       0
       0
       1
       1
       1
       1
       0
       3
       0
       0
       0
       0
       0
       0
       0
       0
       0
       1
       0
       1
       0
       0
       0
       0
       0
       0
       0
       0
       1
       0
       0
       1
       1
       1
       1
       0
       0
       0
       1
       0
       0
       1
       0
       0
       0
       0
       0
       0
       0
       0
       0
       0
       1
       1
       1
       0
       0
       0
       0
       0
       0
       0
       0
       0
       0
       0
       1
       2
       0
       1
       0
       0
       2
       1
       1
       0
       1
       0
       2
       2
       0
       0
       0
       0
       1
       0
       1
       0
       0
       0
       0
       1
       0
       0
       0
       0
       0
       0
       1
       1
       0
       0
       0
       0
       0
       1
       0
       1
       0
       0
       0
       1
       1
       2
       1
       0
       0
       0
       1
       0
       0
       0
       0
       0
       0
       0
       0
       0
       0
       0
       1
       0
       0
       1
       0
       0
       0
       0
       0
       0
       0
       0
       0
       0
       0
       0
       0
       1
       0
       0
       0
       0
       0
       0
       0
       0
       0
       0
       1
       0
       0
       0
       0
       0
       0
       1
       0
       0
       0
       1
       0
       0
       0
       0
       0
       0
       0
       1
       0
       0
       1
       1
       0
       0
       0
       0
       0
       0
       0
       1
       0
       1
       1
       0
       0
       0
       1
       0
       0
       0
       0
       0
       0
       0
       0
       0
       0
       0
       0
       0
       0
       1
       0
       0
       2
       0
       0
       0
       0
       0
       1
       0
       0
       0
       0
       0
       1
       1
       0
       0
       0
       0
       1
       1
       0
       0
       0
       0
       0
       0
       0
       1
       0
       0
       0
       0
       0
       0
       1
       0
       0
       1
       0
       0
       0
       0
       0
       0
       0
       0
       0
       0
       0
       0
       0
       0
       0
       0
       0
       0
       1
       0
       1
       0
       2
       0
       0
       0
       0
       0
       0
       0
       0
       0
       0
       1
       1
       0
       0
       0
       0
       0
       1
       0
       0
       1
       0
       0
       0
       0
       0
       0
       0
       0
       0
       0
       0
       0
       0
       0
       0
       0
       1
       0
       1
       2
       0
       0
       0
       0
       0
       1
       0
       0
       0
       0
       1
       0
       0
       0
       0
       0
       0
       0
       0
       0
       0
       0
       0
       0
       0
       0
       0
       0
       1
       0
       0
       0
       0
       0
       0
       0
       0
       0
       0
       0
       0
       0
       0
       0
       0
       1
       0
       0
       0
       1
       0
       0
       0
       0
       0
       1
       1
       0
       0
       0
       0
       0
       0
       0
       0
       0
       1
       0
       0
       0
       0
       0
       0
       1
       0
       0
       0
       1
       1
       0
       0
       0
       0
       0
       0
       0
       0
       1
       0
       0
       0
       0
       0
       0
       0
       0
       0
       0
       0
       0
       0
       0
       0
       0
       1
       0
       1
       0
       2
       0
       0
       0
       1
       0
       1
       0
       1
       0
       0
       0
       0
       0
       0
       0
       0
       0
       0
       0
       1
       1
       0
       1
       0
       0
       0
       0
       0
       0
       0
       0
       0
       0
       0
       1
       0
       0
       0
       0
       2
       0
       0
       0
       1
       1
       0
       0
       0
       0
       0
       0
       1
       0
       0
       0
       0
       0
       0
       0
       0
       0
       0
       0
       0
       0
       0
       0
       0
       0
       2
       2
       1
       1
       0
       2
       1
       1
       0
       1
       1
       3
       1
       0
       1
       0
       0
       0
       0
       0
       0
       0
       1
       0
       0
       1
       0
       0
       0
       2
       0
       0
       0
       1
       0
       0
       1
       1
       0
       0
       1
       0
       0
       0
       0
       0
       0
       0
       0
       0
       0
       0
       1
       0
       0
       0
       0
       0
       1
       0
       0
       1
       0
       0
       0
       0
       0
       0
       1
       0
       0
       0
       0
       0
       0
       0
       0
       0
       1
       0
       1
       0
       0
       0
       0
       1
       0
       0
       0
       2
       0
       0
       0
       0
       0
       0
       0
       0
       0
       0
       0
       0
       1
       0
       0
       1
       0
       0
       0
       1
       0
       0
       0
       0
       1
       0
       0
       0
       0
       1
       1
       0
       0
       0
       0
       0
       1
       1
       1
       2
       1
       0
       1
       0
       0
       0
       2
       0
       4
       2
       5
       6
       7
       7
       6
       4
       5
       2
       2
       0
       2
       2
       0
       0
       0
       0
       0
       0
       0
       0
       0
       0
       0
       0
       1
       0
       0
       0
       0
       0
       0
       0
       1
       0
       0
       0
       0
       0
       0
       0
       0
       0
       0
       0
       0
       0
       0
       0
       0
       0
       0
       1
       0
       0
       0
       1
       0
       1
       0
       0
       0
       0
       0
       0
       0
       0
       0
       0
       0
       1
       0
       0
       0
       0
       0
       0
       0
       0
       0
       1
       1
       0
       0
       0
       0
       0
       1
       0
       0
       0
       0
       0
       0
       1
       0
       0
       0
       0
       0
       0
       0
       0
       0
       0
       0
       0
       0
       0
       0
       0
       1
       0
       0
       0
       0
       0
       0
       0
       0
       0
       0
       0
       0
       0
       0
       0
       1
       0
       0
       0
       0
       0
       0
       0
       0
       0
       0
       0
       1
       0
       0
       0
       1
       0
       1
       0
       0
       1
       0
       0
       2
       0
       0
       0
       0
       0
       0
       1
       0
       0
       0
       0
       1
       0
       0
       0
       1
       0
       0
       0
       1
       0
       0
       0
       0
       0
       1
       0
       0
       0
       0
       0
       0
       0
       0
       0
       0
       0
       1
       0
       0
       0
       1
       0
       0
       0
       0
       1
       0
       0
       0
       0
       0
       0
       0
       0
       0
       0
       1
       0
       0
       1
       1
       0
       0
       0
       0
       1
       0
       0
       1
       0
       0
       1
       0
       0
       1
       0
       0
       0
       0
       0
       0
       0
       0
       0
       0
       0
       0
       0
       1
       0
       0
       0
       0
       2
       0
       0
       0
       1
       0
       0
       1
       0
       0
       0
       0
       0
       0
       0
       0
       0
       1
       0
       0
       0
       0
       0
       0
       1
       0
       0
       0
       0
       0
       0
       0
       0
       0
       0
       0
       0
       0
       0
       0
       0
       0
       1
       0
       0
       1
       0
       0
       0
       0
       0
       0
       0
       1
       1
       0
       0
       0
       0
       0
       0
       0
       0
       0
       0
       0
       0
       1
       0
       0
       0
       0
       0
       0
       0
       0
       1
       0
       1
       1
       1
       0
       0
       0
       1
       1
       2
       0
       0
       0
       0
       0
       0
       0
       0
       0
       1
       0
       0
       0
       0
       0
       1
       0
       0
       0
       0
       0
       0
       1
       0
       0
       0
       0
       0
       1
       0
       0
       0
       1
       1
       0
       1
       0
       0
       0
       0
       0
       1
       0
       0
       1
       0
       0
       0
       0
       0
       0
       0
       0
       0
       1
       0
       0
       0
       0
       0
       0
       0
       0
       0
       0
       0
       0
       0
       0
       0
       0
       0
       0
       0
       0
       0
       1
       1
       0
       1
       0
       0
       0
       1
       0
       0
       0
       0
       0
       0
       0
       0
       0
       1
       0
       0
       0
       0
       0
       0
       0
       1
       0
       1
       0
       0
       0
       0
       0
       0
       0
       0
       0
       0
       0
       0
       0
       0
       0
       1
       0
       0
       0
       0
       1
       0
       0
       0
       0
       0
       0
       0
       0
       0
       0
       0
       0
       0
       0
       0
       0
       0
       1
       0
       0
       0
       0
       0
       0
       0
       0
       0
       0
       2
       0
       0
       1
       0
       0
       0
       0
       0
       0
       0
       0
       0
       1
       0
       0
       1
       0
       0
       0
       0
       0
       0
       0
       1
       0
       0
       1
       0
       0
       0
       0
       0
       0
       0
       0
       0
       0
       0
       0
       0
       1
       0
       0
       0
       0
       0
       0
       0
       0
       0
       0
       0
       0
       0
       1
       0
       0
       0
       0
       0
       0
       0
       0
       0
       0
       0
       0
       0
       0
       1
       0
       0
       1
       0
       0
       0
       1
       0
       0
       0
       0
       0
       0
       0
       0
       0
       1
       0
       0
       0
       0
       1
       0
       0
       0
       0
       0
       1
       0
       0
       0
       0
       0
       0
       0
       0
       0
       1
       1
       0
       0
       0
       0
       0
       0
       0
       0
       0
       1
       1
       0
       0
       0
       1
       0
       0
       0
       0
       0
       0
       0
       0
       0
       0
       0
       1
       0
       0
       1
       1
       0
       0
       0
       0
       0
       1
       0
       0
       0
       0
       0
       0
       0
       0
       0
       0
       1
       0
       0
       0
       2
       0
       0
       0
       0
       0
       1
       0
       0
       1
       0
       0
       0
       1
       0
       0
       0
       0
       0
       0
       0
       0
       0
       0
       0
       0
       0
       1
       0
       0
       0
       0
       0
       0
       0
       0
       0
       0
       0
       0
       0
       0
       1
       0
       0
       0
       1
       0
       0
       0
       0
       0
       0
       0
       0
       0
       0
       0
       1
       0
       1
       0
       0
       0
       0
       0
       0
       0
       0
       0
       0
       0
       0
       0
       0
       0
       0
       0
       0
       0
       0
       0
       0
       0
       0
       1
       0
       0
       0
       0
       0
       0
       0
       0
       1
       0
       0
       0
       0
       0
       0
       1
       0
       0
       0
       0
       0
       0
       0
       0
       0
       0
       0
       0
       0
       0
       0
       0
       0
       0
       0
       0
       0
       0
       0
       0
       0
       0
       0
       0
       0
       0
       0
       0
       0
       0
       0
       0
       0
       0
       0
       0
       0
       1
       0
       0
       0
       0
       0
       0
       0
       0
       0
       0
       0
       0
       0
       0
       0
       0
       0
       0
       0
       0
       0
       0
       1
       0
       0
       0
       0
       0
       0
       0
       0
       1
       0
       0
       0
       0
       0
       0
       0
       0
       0
       0
       0
       0
       0
       0
       0
       0
       0
       0
       0
       0
       0
       0
       0
       1
       0
       1
       0
       0
       1
       0
       1
       0
       0
       0
       0
       0
       0
       0
       0
       0
       0
       0
       0
       0
       0
       0
       0
       0
       0
       0
       0
       0
       0
       0
       1
       0
       0
       0
       0
       0
       0
       0
       0
       0
       0
       0
       1
       0
       0
       0
       0
       0
       0
       0
       0
       0
       0
       0
       1
       0
       0
       0
       1
       0
       0
       0
       0
       0
       0
       0
       0
       0
       0
       0
       0
       0
       0
       0
       0
       0
       0
       0
       0
       0
       0
       0
       0
       0
       0
       0
       0
       0
       0
       0
       0
       0
       0
       0
       0
       0
       1
       0
       0
       0
       0
       1
       0
       0
       0
       0
       0
       0
       0
       0
       1
       1
       0
       0
       1
       0
       0
       0
       0
       0
       0
       0
       0
       0
       1
       0
       0
       0
       0
       1
       0
       1
       0
       1
       0
       0
       0
       0
       0
       1
       0
       1
       0
       0
       0
       0
       0
       0
       0
       0
       1
       0
       0
       0
       0
       0
       0
       0
       0
       0
       0
       0
       0
       0
       0
       0
       0
       1
       0
       0
       0
       0
       0
       0
       0
       0
       0
       0
       0
       0
       0
       0
       0
       0
       0
       0
       0
       0
       0
       0
       0
       0
       0
       0
       1
       0
       1
       1
       0
       0
       0
       0
       0
       0
       1
       0
       0
       0
       0
       0
       0
       0
       0
       0
       1
       1
       0
       0
       0
       0
       0
       0
       0
       1
       0
       0
       0
       1
       0
       0
       0
       0
       0
       0
       0
       0
       0
       0
       0
       0
       0
       0
       1
       0
       1
       2
       0
       0
       1
       0
       0
       0
       0
       0
       0
       0
       1
       1
       2
       0
       0
       0
       0
       0
       0
       0
       0
       0
       0
       0
       0
       0
       0
       0
       0
       0
       0
       0
       0
       0
       1
       0
       0
       0
       0
       0
       0
       0
       0
       0
       0
       1
       0
       0
       0
       1
       0
       0
       0
       0
       0
       0
       0
       0
       0
       0
       0
       0
       0
       0
       0
       0
       0
       0
       0
       0
       0
       0
       0
       0
       1
       0
       0
       0
       0
       0
       0
       0
       0
       0
       1
       0
       0
       0
       0
       0
       0
       0
       0
       2
       0
       0
       0
       0
       0
       0
       0
       1
       0
       0
       0
       1
       0
       1
       1
       0
       0
       0
       1
       0
       0
       0
       0
       0
       0
       0
       1
       0
       0
       0
       0
       0
       0
       0
       0
       0
       1
       0
       0
       0
       0
       0
       0
       0
       0
       0
       0
       1
       0
       0
       0
       0
       0
       0
       0
       0
       0
       0
       0
       1
       1
       0
       0
       0
       0
       0
       0
       0
       0
       0
       0
       0
       0
       0
       0
       0
       0
       0
       0
       0
       0
       0
       0
       1
       0
       0
       0
       1
       0
       0
       0
       0
$ROI:
11
224 244
765 907
1350 1411
1828 1908
2525 2667
2716 2799
3716 3817
4331 4427
4564 4622
5085 5259
5690 5768
$PRESETS:
Live Time
600
0
$ENER_FIT:
0.053689 0.255148
$MCA_CAL:
3
5.368913E-002 2.551478E-001 -1.853380E-009 keV
$SHAPE_CAL:
3
6.992400E+000 7.812671E-004 -3.508660E-008
