$SPEC_ID:
No sample description was entered.
$SPEC_REM:
DET# 1
DETDESC# GMX20P4 HPGe
AP# Maestro Version 7.01
$DATE_MEA:
11/28/2018 10:17:10
$MEAS_TIM:
600 602
$DATA:
0 8191
       0
       0
       0
       0
       0
       0
       0
       0
       0
       0
       0
       0
       0
       0
       0
       0
       0
       0
       0
       0
       0
       0
       0
       0
       0
       0
       0
       0
       0
       0
       0
       0
       0
       0
       0
       0
       0
       0
       0
       0
       0
       0
       0
       0
       0
       0
       0
       1
       0
      28
      53
      85
      86
      87
      82
      76
      89
     102
      89
      96
     106
     101
     103
      98
     104
      87
     137
     136
     127
     128
     116
     127
     150
     162
     133
     187
     197
     182
     259
     269
     294
     307
     304
     275
     242
     205
     172
     175
     135
     112
     101
     148
     143
     152
     144
     194
     189
     213
     231
     248
     247
     260
     281
     321
     367
     410
     488
     583
     605
     780
     881
    1013
    1130
    1354
    1761
    2282
    3062
    3896
    4800
    5397
    5716
    5675
    5033
    4185
    3205
    2264
    1522
     994
     661
     531
     488
     534
     746
     866
    1013
    1254
    1342
    1318
    1274
    1179
     952
     729
     586
     398
     279
     198
     137
     112
      92
      74
      80
      94
      86
      79
      80
      73
      85
      86
      95
      70
      92
      75
      85
      99
      65
     103
      87
     106
      76
      97
      89
     100
     100
     108
      97
     107
      97
      99
      92
      89
     113
     103
     112
     117
     120
     110
     109
     125
     104
     125
     106
     118
     116
     106
     127
     119
     137
     129
     129
     135
     140
     154
     133
     154
     184
     225
     258
     262
     268
     246
     256
     237
     173
     148
     160
     136
     125
     145
     132
     126
     133
     105
     131
     145
     162
     134
     150
     132
     170
     147
     132
     135
     145
     169
     166
     145
     155
     151
     161
     182
     182
     185
     201
     202
     232
     198
     204
     203
     218
     220
     220
     205
     221
     192
     233
     221
     250
     258
     227
     256
     216
     229
     262
     251
     279
     229
     261
     244
     263
     243
     273
     239
     273
     247
     245
     220
     270
     263
     236
     251
     208
     224
     242
     243
     250
     220
     242
     222
     224
     239
     230
     219
     234
     228
     237
     229
     210
     225
     236
     196
     224
     234
     222
     228
     196
     217
     199
     283
     308
     369
     488
     663
     896
    1180
    1556
    1819
    2079
    2163
    2046
    1880
    1528
    1208
     838
     564
     375
     261
     180
     174
     132
     127
     125
     136
     145
     155
     125
     137
     133
     121
     142
     134
     144
     143
     125
     123
     142
     127
     139
     156
     136
     140
     155
     136
     142
     126
     124
     138
     142
     139
     135
     139
     114
     148
     134
     125
     172
     132
     124
     143
     133
     127
     150
     132
     134
     141
     115
     153
     149
     102
     133
     110
     128
     136
     116
     106
     125
     122
     130
     134
     138
     119
     120
     126
     122
     142
     132
     147
     129
     106
     137
     127
     133
     111
     123
     128
     110
     119
     137
     156
     148
     132
     113
     132
     125
     132
     131
     134
     113
     142
     132
     116
     147
     145
     138
     131
     129
     129
     132
     139
     142
     120
     121
     146
     139
     141
     145
     148
     149
     125
     128
     132
     122
     165
     124
     111
     143
     138
     121
     128
     128
     125
     108
     123
     132
     119
     109
     128
     125
     111
     115
     126
     114
     108
     122
     122
     111
     118
     121
     113
     129
     129
     136
     132
     116
     139
     104
     126
     108
     120
     106
     111
     115
     120
     110
     115
     110
     114
     110
     124
     139
     119
     120
     125
     123
     100
     113
     121
     133
     130
     130
     100
     114
     117
     118
     114
     116
     122
     123
      99
     119
     119
     139
     109
     133
     105
     107
     112
     106
     125
     130
     140
     113
      84
     117
     124
     118
     124
     122
     113
     121
     111
     107
     113
     119
     114
     102
     114
     129
     117
     125
     104
     111
     108
     120
     126
     123
     135
     104
     127
     130
     134
     130
     121
     125
     117
     112
     112
     118
     106
      98
      87
     121
     112
     106
     105
     116
     111
     125
     115
     111
      95
     108
     131
     113
     113
     145
     122
     118
     121
     104
     124
     105
     114
     107
     130
     119
     107
      95
     118
     101
      96
     121
     119
     135
     111
     112
     114
     107
     103
     101
     116
     122
     112
     128
     101
     124
     108
      99
     105
     117
     121
     113
     122
     121
     139
     113
     104
     100
     115
     101
      99
      97
     114
     114
     125
     108
     117
     126
     135
     143
     122
     115
     127
     144
     119
     122
     126
     103
      86
      96
      99
      98
     103
      99
     105
     103
      92
     108
      87
      94
      94
      97
      98
     106
     107
      87
     108
     105
      93
      94
     101
      92
      87
      89
      96
      91
     100
      93
     104
      97
      90
      97
      97
     106
      66
     104
      99
      94
      87
      92
      86
     106
      97
     109
      92
      99
     105
      99
      95
     111
      89
      92
     105
      92
      85
     105
      86
      86
      85
     101
      97
      85
     101
      87
      93
     100
      84
      90
      95
      85
     100
      94
      86
     102
     103
      92
      97
      86
      80
      82
      99
      87
     106
      88
      95
     101
     105
      98
     105
      82
     109
     100
     108
      83
     108
      93
      93
      92
     105
     107
     101
      97
      78
      82
     101
      89
      93
     127
      88
      98
     132
      90
      85
      81
      71
     101
      91
      79
      85
      83
      91
      92
      79
      83
     107
      96
      82
      81
      83
      88
      90
      89
      98
     100
     114
     106
     104
      71
      64
      77
      99
      93
      82
      97
      77
      76
      94
      84
      75
     106
      93
      89
      89
      85
      87
      80
      83
      72
      85
      64
      84
      86
      72
      75
      66
      77
      95
      62
      94
      67
      94
      70
      79
      80
      82
      76
      73
      74
      79
      84
      76
      86
      87
      66
      70
      53
      70
      69
      61
      90
      81
      56
      65
      70
      86
      69
      65
      72
      82
      72
      65
      50
      56
      70
      59
      79
      62
      65
      63
      43
      62
      58
      76
      48
      52
      58
      70
      52
      63
      61
      52
      75
      56
      52
      45
      53
      48
      65
      54
      55
      72
      75
      75
      75
      64
      73
      72
      64
      60
      63
      64
      66
      54
      72
      57
      61
      59
      71
      55
      70
      45
      56
      64
      53
      43
      56
      59
      53
      68
      48
      53
      62
      60
      55
      61
      64
      50
      51
      62
      50
      49
      49
      48
      45
      48
      37
      42
      42
      58
      54
      44
      51
      52
      43
      44
      53
      44
      53
      45
      58
      47
      60
      54
      45
      55
      51
      70
      74
      56
      64
      53
      56
      54
      40
      58
      49
      42
      47
      63
      51
      61
      58
      53
      43
      56
      48
      44
      39
      46
      34
      40
      43
      43
      37
      43
      41
      43
      35
      39
      45
      36
      44
      30
      41
      34
      54
      36
      50
      35
      45
      43
      35
      36
      46
      39
      47
      46
      32
      42
      38
      51
      44
      40
      45
      30
      39
      28
      35
      37
      34
      34
      40
      37
      36
      39
      23
      40
      26
      27
      40
      32
      44
      32
      37
      38
      43
      36
      32
      39
      37
      35
      39
      33
      43
      38
      47
      30
      26
      29
      27
      41
      28
      26
      39
      29
      38
      45
      34
      27
      38
      24
      38
      30
      37
      34
      26
      35
      23
      28
      32
      37
      28
      29
      37
      32
      49
      24
      35
      34
      31
      36
      31
      36
      23
      40
      25
      26
      31
      33
      34
      28
      29
      30
      40
      36
      44
      45
      59
      76
      89
     121
     146
     210
     249
     265
     253
     250
     187
     146
     124
      92
      67
      42
      42
      32
      29
      38
      29
      30
      26
      28
      21
      27
      31
      24
      17
      29
      32
      18
      38
      19
      22
      21
      24
      26
      27
      32
      27
      28
      31
      28
      26
      30
      35
      24
      33
      18
      31
      27
      31
      25
      23
      26
      19
      29
      35
      28
      31
      33
      30
      34
      24
      29
      16
      17
      31
      29
      20
      19
      23
      31
      24
      28
      25
      26
      30
      29
      38
      57
      30
      31
      36
      39
      25
      28
      22
      30
      25
      24
      27
      24
      24
      25
      25
      18
      29
      27
      25
      34
      46
      71
      95
     157
     236
     272
     409
     459
     488
     491
     565
     460
     360
     305
     232
     123
      93
      50
      46
      28
      26
      13
      21
      24
      17
      25
      21
      24
      21
      25
      27
      18
      24
      24
      20
      18
      23
      16
      22
      23
      19
      23
      17
      19
      15
      15
      18
      15
      25
      20
      19
      20
      15
      17
      10
      16
      13
      25
      26
      11
      18
      13
      29
      14
      18
      19
      23
      18
      21
      22
      21
      14
      18
      16
      17
      20
      19
      17
      12
      10
      24
      17
      16
      13
      12
      12
      16
       7
      18
      13
      24
      19
      11
      18
      24
      14
      18
      18
       9
      16
       6
      20
      17
      14
      21
      31
      12
      14
      18
      19
      12
      16
      13
      13
      16
      12
      24
      17
      13
      20
      15
      14
      14
      10
      16
      18
      17
      14
      17
      15
      20
      19
      22
      15
      15
      18
      15
      13
      16
      16
       8
      13
      21
      14
      13
      21
      16
      18
      19
      20
      13
      18
      21
      13
      18
      10
      19
      14
      16
      13
      15
      13
      16
      17
      11
       9
      14
      16
       9
      18
      11
      17
      12
      21
      21
      21
      18
      16
      11
      16
      18
      13
      15
      15
      13
      11
      20
      17
      10
      16
       7
      12
      14
      16
      12
      17
      26
      23
      24
      37
      33
      44
      33
      35
      32
      27
      45
      45
      63
     120
     222
     351
     470
     713
    1039
    1214
    1473
    1509
    1417
    1320
    1091
     774
     567
     400
     271
     131
      68
      38
      23
      15
      13
      14
      12
      19
       6
      12
       7
       7
      17
       9
      19
       8
      10
       9
       5
      12
      15
      13
      18
      11
      12
      14
       8
       7
      12
      11
      15
       4
       6
      11
       4
       8
       6
      13
       7
      11
      14
      20
      13
       9
       8
      17
       9
      12
       7
      14
       4
       7
      14
       8
      13
       6
       6
      10
      11
      10
      13
       9
      15
       7
      13
      12
       8
      14
      10
      10
      11
       6
      14
      11
      13
       8
      14
      11
      17
       9
      10
       9
       9
       9
      10
      13
      10
      12
      14
      15
      14
      12
      26
      36
      41
      77
     102
     145
     156
     202
     210
     193
     195
     141
     124
      90
      63
      45
      30
      19
      14
      17
      10
      11
       7
      21
       7
      11
      11
       8
       8
      12
      12
      11
      14
      10
       8
       5
      12
      10
      10
      11
       7
       7
      12
      10
       9
      12
       9
      13
       9
      12
       7
       6
       6
       9
      10
      11
       9
      10
       8
       9
       6
       6
      11
       6
       8
      15
       7
      11
       2
       7
       9
       7
       9
       9
      10
      11
       9
       3
       8
       9
      12
      10
      11
      10
      11
      12
       4
      13
       6
       8
       8
       8
      10
       5
       4
      12
       9
      12
       6
      11
       8
      14
       7
      13
       6
       4
      12
       9
       7
       9
       5
       6
      11
      11
       7
       6
       7
       7
       5
       6
       7
      11
      10
       8
       9
      12
      18
      10
       7
      11
      14
      16
       9
       4
       6
      11
       7
      15
       7
       5
       6
      11
      13
       6
       6
      16
       6
       9
       7
       7
      11
      14
       3
       8
       8
       6
       6
       9
       9
      11
      12
       9
       9
       7
       9
       7
       5
       9
      13
      10
       8
       6
       9
      15
       8
       7
       6
       8
      10
       5
      11
       7
      13
       4
      10
       8
       6
       6
      10
      10
      11
       9
       9
      16
       6
       8
      10
       3
      11
       9
       8
       7
      11
       8
      11
       8
       8
      10
       8
       3
       6
       5
       6
       7
      13
       8
      15
      12
       9
      10
       7
       7
       7
      10
      10
       9
      13
      11
      11
      11
      10
      11
       6
      14
       6
      11
       8
       9
       9
      13
       9
      11
      10
       5
      10
       5
       8
      10
       7
       3
       8
      10
       6
      10
       4
       8
       8
       2
       8
      10
       4
      11
      11
       9
       7
       7
       8
       9
       8
      11
       1
       9
      12
      14
       7
       9
       5
       8
      13
       5
       9
       3
       9
       8
      10
      11
       5
       9
      11
       7
       3
       8
       8
      10
       5
       9
       8
       8
      10
      13
       6
       5
      11
       7
       8
       4
      10
       6
      11
       6
       3
       9
       8
       7
      15
       9
       8
      18
       8
      15
      11
      10
       9
       4
       8
       8
       8
      10
       5
       8
       3
       9
       6
       7
       8
      10
       7
       4
      11
       5
      11
       9
       4
       7
       5
       7
      10
       3
       6
      12
       7
       6
      10
      11
      11
       7
       8
       3
       6
      10
       8
       6
      12
       8
       3
      11
       6
       9
       4
      13
       7
       9
       3
       6
       9
      11
       6
       1
       9
       9
       5
       3
       4
       5
       7
       9
       3
       2
       4
      12
       4
       7
       4
      10
       7
      10
       6
       5
       2
       5
       3
       5
       6
       1
       5
      12
       8
       7
       7
       5
      10
       4
      10
       6
       7
       9
       7
      13
       7
       9
       8
       2
       3
       9
      10
       9
      11
       5
       5
       5
       8
       2
       9
       5
      12
       2
       8
       9
       3
      10
       5
       8
       6
       2
      14
       5
       4
       5
       7
       3
       5
       0
       2
       5
       6
       8
       4
      10
      10
       5
       2
       4
       9
       6
       8
      10
       2
       5
       3
      11
       7
       1
       5
       5
       3
       7
       6
       5
       8
       5
       1
       4
       5
      11
       2
       3
       4
       8
       7
       3
       2
       2
       6
       7
       4
       5
       6
       6
      10
       9
       7
       6
       8
       6
       6
       9
      10
       8
      13
      10
      11
       7
       6
       6
       4
       3
       7
       6
      11
       7
      10
       7
       8
       6
       6
       4
       8
       4
       2
       8
       6
       4
       4
       6
       5
       6
       3
       3
       5
       4
       8
       5
       8
       7
       6
       4
       6
       5
       4
       4
       7
       8
       5
       5
       2
       7
       9
       4
       3
       4
      11
       8
       4
       8
       4
      11
       8
       6
       8
       3
       4
       8
       6
       2
       7
       3
       5
       4
       5
       4
       4
       8
       8
       6
       7
       7
       5
       2
       4
       6
       5
       7
       2
       4
       4
       5
       8
       5
       2
       2
       3
       2
       6
       5
       2
       3
       2
       6
       3
       6
       5
       2
       4
       5
       7
       6
       1
       9
       3
       6
       3
       8
       2
       2
       5
      10
       2
       2
       4
       3
       3
       5
       6
       6
       5
       5
       5
       9
       4
       7
       5
       8
       5
       5
       6
       8
       3
       9
       6
       4
      11
       2
       6
       6
       2
       3
       5
       5
       6
       5
       8
       4
       6
       3
       1
       3
       6
       2
       6
       3
      10
       2
       9
       4
       7
       5
       3
       7
       4
       3
       9
       8
       3
       3
       4
       5
       4
       3
       7
       2
       5
       4
       7
       2
       1
       7
       5
       6
       7
       0
       7
       7
       4
       9
       2
       1
       3
       3
       1
       4
       5
       4
       5
       9
       6
       4
       6
       6
       4
       5
       2
       6
       1
       2
       5
       6
       3
       7
       5
       4
       6
       6
       9
       5
       3
       1
       2
       4
       9
       4
       6
       4
       3
       7
       3
       3
       5
       6
       6
       7
       2
       5
       2
       0
       5
       7
       5
       0
       5
       6
       4
       3
       6
       4
       7
       6
       4
       4
       4
       7
       3
       4
       4
       6
       5
       5
       8
       5
       8
       3
       5
       1
       7
       4
       5
       8
      14
      11
      14
      16
      13
      12
      12
       8
       4
       8
       7
       5
       5
       8
       2
       3
       5
       4
       6
       8
       4
       6
       4
       6
       4
       5
       5
       4
       8
       4
       5
       8
       4
       1
       6
       2
       3
       3
       5
       2
       4
       5
       6
       7
       5
       2
       5
       4
       2
       6
       9
       6
       8
       3
       4
       6
       6
       2
       4
       0
       5
       7
       3
       6
       7
       5
       3
       1
       3
       6
       7
       9
       6
       1
       3
       4
       3
       6
       3
      10
       3
       2
       2
       5
       4
       5
       4
       7
       3
       8
       1
       2
       1
       7
       5
       6
       6
       6
       4
       5
      15
      14
      25
      24
      24
      10
      23
      27
      23
      18
      20
       7
      11
       6
       3
       3
       4
       2
       3
       4
       3
       4
       4
       4
       6
       6
       2
       2
       2
       2
       2
       2
       3
       2
       4
       3
       8
       5
       5
       2
       2
       3
       6
       1
       4
       3
       6
       8
       5
       5
       2
       4
       4
       6
       5
       4
       5
       3
       5
       5
       4
       4
       6
       3
       2
       3
       7
       1
       8
       5
       5
       3
       4
       3
       5
       2
       3
       4
       2
       4
       3
       2
       4
       7
       1
       5
       6
       3
       6
       2
       0
       3
       3
       6
       3
       4
       4
       3
       2
       2
       3
       6
       6
       4
       3
       4
       2
       5
       4
       3
       2
       4
       5
       2
       4
       3
       2
       1
       2
       4
       1
       4
       2
       1
       3
       1
       4
       1
       0
       3
       4
       6
      10
       4
       8
       3
       2
       4
       6
       4
       2
       4
       5
       5
       3
       2
       3
       2
       5
       6
       5
       2
       3
       3
       4
       5
       1
       3
       4
       1
       6
       3
       5
       4
       4
       3
       5
       3
       5
       2
       4
       0
       4
       5
       4
       1
       1
       2
       2
       6
       4
       4
       7
       4
       6
       4
       3
       3
       2
       8
       4
       2
       6
       2
       3
       3
       5
       1
       2
       4
      10
      10
       6
      13
      14
      27
      40
      54
      55
      69
      87
      87
      88
      66
      44
      53
      26
      22
      11
      10
       6
       3
       3
       2
       3
       2
       3
       5
       4
       2
       1
       3
       3
       6
       4
       4
       2
       3
       2
       2
       4
       2
       4
       0
       3
       3
       2
       2
       2
       4
       0
       2
       4
       4
       1
       1
       2
       2
       4
       2
       1
       4
       1
       2
       1
       5
       3
       1
       4
       1
       5
       0
       1
       2
       2
       3
       2
       2
       3
       1
       2
       2
       5
       3
       1
       2
       3
       5
       2
       4
       5
       2
       5
       3
       3
       1
       1
       0
       3
       5
       2
       4
       3
       3
       2
       0
       4
       2
       4
       6
       4
       3
       5
       5
       3
       3
       2
       6
       7
       5
       3
       3
       3
       2
       4
       3
       3
       6
       4
       3
       0
       3
       1
       6
       1
       4
       4
       2
       4
       1
       4
       2
       2
       1
       1
       0
       5
       4
       0
       3
       2
       3
       3
       6
       1
       4
       3
       3
       6
       2
       0
       2
       2
       2
       2
       8
       2
       2
       4
       3
       2
       6
       5
       2
       1
       3
       4
       4
       3
       3
       3
       2
       3
       1
       2
       2
       1
       0
       3
       3
       4
       1
       3
       2
       3
       2
       3
       2
       3
       2
       2
       4
       2
       3
       5
       3
       1
       2
       1
       4
       3
       1
       0
       7
       5
       2
       2
       3
       5
       1
       4
       2
       3
       2
       2
       2
       2
       3
       1
       2
       1
       1
       6
       4
       2
       5
       1
       2
       0
       4
       6
       1
       1
       1
       2
       4
       3
       1
       3
       5
       2
       0
       1
       2
       3
       4
       5
       3
       3
       2
       6
       5
       1
       1
       5
       1
       9
       3
       5
       6
      13
       5
       3
       5
       3
       1
       1
       2
       2
       1
       3
       4
       2
       1
       3
       3
       3
       2
       5
       2
       2
       0
       2
       3
       2
       3
       3
       3
       0
       1
       1
       4
       2
       4
       3
       1
       3
       2
       1
       2
       1
       3
       4
       1
       3
       1
       2
       3
       0
       1
       5
       3
       1
       5
       0
       2
       4
       4
       1
       4
       2
       3
       1
       1
       1
       2
       7
       0
       2
       1
       1
       4
       4
       1
       4
       3
       3
       1
       6
       2
       3
       1
       2
       2
       2
       2
       1
       3
       5
       4
       4
       3
       3
       4
       1
       4
       4
       6
       3
       2
       0
       3
       3
       1
       4
       1
       1
       2
       3
       1
       3
       3
       2
       1
       1
       2
       2
       2
       2
       2
       4
       2
       1
       6
       1
       1
       2
       3
       0
       3
       2
       2
       0
       2
       2
       0
       2
       3
       0
       6
       3
       1
       3
       2
       4
       3
       3
       4
       5
       7
       2
       1
       4
       5
       3
       3
       7
       6
       2
       6
       4
       1
       4
       4
       3
       4
       7
       1
       1
       3
       2
       2
       4
       2
       1
       2
       1
       1
       1
       0
       4
       4
       3
       4
       1
       2
       3
       3
       2
       1
       3
       2
       6
       3
       3
       1
       0
       3
       0
       3
       2
       2
       2
       3
       2
       6
       4
       1
       2
       3
       1
       4
       1
       3
       6
       2
       2
       2
       5
       3
       3
       0
       4
       3
       4
       1
       3
       5
       1
       2
       3
       2
       3
       6
       2
       1
       1
       0
       1
       2
       2
       0
       2
       2
       4
       2
       2
       3
       1
       2
       0
       2
       4
       2
       1
       2
       1
       6
       1
       3
       1
       2
       6
       4
       1
       2
       2
       2
       1
       3
       3
       3
       1
       3
       1
       3
       3
       2
       2
       2
       2
       3
       5
       5
       1
       2
       0
       1
       2
       1
       4
       0
       2
       4
       1
       0
       1
       1
       3
       1
       2
       2
       5
       2
       2
       7
       1
       6
       2
       3
       4
       4
       3
       0
       2
       2
       4
       1
       0
       2
       3
       4
       3
       1
       3
       4
       4
       0
       0
       1
       3
       3
       2
       2
       1
       2
       8
       2
       1
       0
       3
       1
       1
       3
       4
       0
       1
       2
       4
       3
       3
       3
       2
       1
       1
       1
       2
       2
       5
       2
       2
       1
       1
       3
       3
       0
       5
       2
       5
       5
       1
       1
       4
       0
       2
       3
       1
       2
       3
       1
       1
       4
       1
       2
       2
       0
       1
       3
       2
       1
       4
       5
       2
       0
       1
       1
       1
       0
       1
       2
       3
       2
       0
       5
       2
       3
       0
       2
       3
       3
       2
       3
       0
       1
       3
       1
       1
       4
       0
       3
       2
       3
       1
       3
       3
       1
       1
       3
       1
       3
       2
       4
       2
       5
       4
       3
       2
       2
       3
       0
       3
       3
       3
       4
       4
       1
       0
       0
       3
       0
       3
       0
       2
       2
       3
       2
       4
       2
       6
       3
       1
       4
       3
       1
       0
       2
       2
       3
       3
       0
       2
       1
       0
       3
       0
       2
       2
       1
       3
       0
       2
       0
       2
       6
       1
       3
       2
       2
       2
       1
       2
       1
       1
       2
       2
       0
       2
       3
       2
       2
       0
       2
       5
       1
       2
       1
       0
       1
       2
       4
       0
       7
       4
       2
       2
       1
       1
       5
       4
       2
       3
       5
       2
       6
       5
       0
       2
       5
       3
       2
       3
       3
       1
       2
       1
       2
       1
       3
       2
       1
       1
       2
       1
       1
       2
       4
       2
       1
       0
       3
       3
       1
       4
       1
       2
       3
       2
       4
       4
       5
       0
       3
       2
       4
       1
       0
       2
       1
       3
       1
       4
       0
       1
       3
       4
       0
       1
       2
       1
       2
       4
       0
       1
       1
       3
       2
       2
       3
       3
       0
       0
       2
       4
       0
       2
       0
       5
       1
       2
       7
       1
       3
       0
       1
       1
       5
       2
       2
       3
       1
       2
       3
       2
       2
       0
       5
       0
       2
       1
       4
       2
       2
       1
       5
       3
       2
       1
       2
       0
       2
       2
       1
       0
       2
       2
       1
       1
       1
       4
       2
       1
       2
       2
       2
       1
       3
       1
       1
       2
       1
       2
       1
       1
       5
       2
       1
       4
       1
       1
       3
       3
       1
       3
       3
       2
       4
       2
       1
       2
       2
       3
       2
       1
       4
       0
       1
       1
       2
       2
       1
       0
       4
       1
       1
       1
       0
       3
       3
       0
       1
       3
       2
       1
       4
       1
       6
       5
       1
       0
       2
       1
       1
       1
       2
       0
       2
       2
       2
       1
       2
       2
       2
       2
       2
       2
       7
       8
      12
       5
       9
       8
       9
       4
       5
       2
       3
       6
       3
       0
       3
       0
       0
       1
       0
       2
       1
       0
       3
       1
       2
       1
       3
       2
       3
       0
       1
       0
       2
       4
       1
       0
       1
       1
       0
       2
       3
       3
       2
       0
       0
       1
       0
       1
       1
       2
       1
       1
       2
       1
       4
       1
       0
       1
       6
       0
       2
       2
       2
       2
       4
       5
       1
       0
       3
       1
       3
       2
       3
       3
       3
       1
       2
       0
       2
       2
       0
       2
       3
       3
       2
       0
       4
       1
       2
       4
       1
       4
       3
       5
       1
       1
       0
       0
       3
       1
       2
       1
       4
       2
       3
       6
       2
       3
       2
       1
       4
       3
       1
       1
       1
       0
       2
       4
       1
       2
       2
       3
       3
       2
       1
       1
       1
       2
       0
       1
       0
       2
       0
       2
       4
       1
       2
       4
       1
       5
       5
       0
       2
       3
       1
       1
       3
       1
       0
       1
       4
       0
       2
       3
       1
       0
       0
       4
       2
       3
       3
       1
       3
       2
       3
       1
       1
       0
       1
       0
       1
       1
       3
       2
       0
       0
       3
       1
       0
       2
       2
       7
       2
       3
       1
       3
       1
       1
       3
       0
       2
       0
       2
       3
       2
       2
       1
       1
       3
       1
       1
       1
       2
       2
       4
       2
       1
       3
       4
       3
       0
       1
       3
       2
       3
       2
       1
       2
       0
       1
       0
       2
       3
       1
       1
       2
       5
       6
       6
       4
       3
       6
       1
       6
       7
       2
       5
       2
       1
       0
       3
       1
       0
       1
       1
       3
       1
       4
       0
       2
       1
       0
       2
       2
       0
       4
       3
       1
       1
       1
       2
       1
       1
       4
       2
       2
       1
       3
       1
       2
       2
       5
       2
       2
       4
       2
       0
       4
       1
       2
       3
       1
       4
       5
       2
       2
       1
       1
       1
       2
       0
       1
       0
       4
       2
       1
       1
       4
       1
       2
       1
       1
       4
       2
       3
       1
       4
       1
       1
       2
       0
       1
       2
       0
       1
       3
       0
       0
       1
       3
       2
       2
       3
       2
       2
       1
       1
       0
       0
       0
       1
       0
       0
       2
       1
       1
       0
       1
       2
       1
       3
       1
       1
       2
       0
       0
       3
       3
       3
       0
       4
       4
       5
       1
       2
       2
       1
       2
       2
       3
       4
       2
       0
       3
       4
       1
       1
       2
       2
       1
       2
       3
       2
       2
       3
       0
       1
       1
       0
       2
       2
       1
       1
       0
       3
       0
       1
       1
       2
       2
       0
       1
       1
       0
       0
       1
       4
       2
       0
       3
       1
       1
       3
       1
       1
       1
       3
       2
       2
       1
       2
       1
       4
       1
       1
       1
       1
       0
       3
       0
       0
       3
       2
       2
       1
       2
       3
       2
       3
       1
       3
       4
       1
       1
       0
       1
       3
       4
       1
       1
       1
       1
       2
       0
       1
       2
       0
       2
       0
       1
       3
       3
       3
       1
       2
       2
       1
       2
       2
       2
       1
       1
       0
       0
       0
       7
       1
       2
       2
       3
       1
       2
       3
       1
       2
       1
       2
       1
       2
       3
       2
       2
       1
       3
       2
       1
       3
       1
       2
       2
       4
       2
       0
       0
       2
       3
       1
       2
       2
       3
       2
       2
       1
       2
       1
       3
       3
       2
       0
       2
       1
       3
       3
       1
       4
       1
       2
       3
       0
       2
       2
       2
       2
       0
       1
       1
       1
       0
       0
       0
       2
       4
       1
       1
       1
       4
       1
       1
       1
       1
       2
       3
       1
       1
       1
       4
       0
       2
       1
       1
       3
       2
       2
       2
       0
       0
       1
       4
       1
       2
       3
       1
       1
       1
       0
       2
       1
       1
       2
       2
       2
       1
       2
       0
       2
       0
       1
       0
       2
       1
       1
       4
       0
       2
       3
       4
       2
       0
       1
       2
       1
       2
       1
       2
       1
       2
       2
       2
       1
       1
       2
       2
       0
       2
       3
       1
       3
       4
       0
       2
       2
       5
       0
       2
       3
       1
       2
       1
       0
       2
       2
       2
       1
       1
       7
       1
       1
       2
       1
       2
       0
       3
       1
       2
       1
       3
       1
       1
       2
       1
       0
       0
       2
       2
       0
       1
       0
       3
       0
       1
       3
       1
       5
       0
       4
       4
       0
       4
       0
       1
       2
       5
       2
       2
       2
       2
       4
       0
       2
       2
       0
       2
       3
       4
       0
       3
       2
       0
       2
       1
       1
       0
       3
       1
       2
       2
       2
       1
       3
       2
       0
       2
       2
       0
       0
       2
       0
       1
       2
       4
       0
       1
       2
       1
       0
       0
       0
       2
       3
       1
       0
       0
       6
       2
       2
       3
       3
       2
       0
       2
       2
       2
       0
       2
       2
       4
       1
       2
       1
       1
       2
       2
       3
       1
       1
       2
       1
       3
       3
       1
       3
       1
       0
       0
       2
       1
       2
       3
       1
       2
       0
       2
       0
       1
       1
       4
       3
       1
       1
       3
       2
       3
       2
       0
       4
       3
       2
       1
       0
       0
       1
       2
       2
       1
       2
       1
       2
       2
       1
       1
       2
       2
       1
       3
       1
       5
       3
       0
       2
       0
       3
       1
       1
       0
       3
       2
       3
       1
       0
       2
       3
       0
       2
       0
       1
       1
       0
       0
       1
       1
       0
       3
       0
       0
       2
       1
       1
       6
       4
       8
       6
       6
       8
       7
       6
       7
       6
       5
       2
       8
       0
       4
       1
       0
       1
       1
       3
       3
       2
       3
       2
       0
       0
       3
       0
       0
       3
       3
       0
       0
       2
       1
       0
       2
       2
       4
       1
       2
       2
       2
       2
       3
       0
       2
       0
       0
       0
       0
       2
       1
       1
       2
       2
       0
       1
       1
       1
       1
       3
       3
       2
       4
       2
       1
       4
       1
       0
       0
       3
       2
       2
       2
       0
       1
       1
       2
       1
       0
       0
       0
       1
       2
       1
       2
       2
       3
       1
       1
       3
       1
       3
       1
       0
       1
       2
       2
       1
       2
       1
       4
       2
       3
       1
       0
       2
       0
       7
       2
       1
       0
       0
       1
       1
       1
       3
       0
       1
       0
       1
       3
       1
       2
       0
       3
       2
       0
       0
       2
       1
       2
       0
       4
       3
       4
       4
       2
       2
       2
       2
       2
       1
       2
       1
       1
       3
       0
       2
       3
       1
       3
       0
       0
       0
       4
       2
       0
       1
       1
       4
       4
       2
       5
       2
       1
       2
       2
       1
       1
       2
       2
       4
       0
       1
       3
       2
       3
       2
       4
       4
       3
       1
       2
       2
       2
       1
       2
       3
       0
       3
       1
       1
       3
       3
       1
       1
       1
       2
       1
       2
       0
       1
       3
       2
       3
       2
       1
       3
       0
       2
       7
       2
       3
       3
       6
       4
       5
       2
       4
       4
       2
       2
       0
       0
       4
       1
       4
       2
       2
       4
       2
       1
       0
       1
       2
       1
       3
       0
       4
       1
       4
       4
       2
       1
       0
       1
       1
       2
       4
       4
       2
       0
       1
       0
       2
       0
       1
       3
       0
       2
       4
       4
       1
       3
       2
       3
       1
       1
       3
       3
       2
       3
       2
       2
       3
       3
       1
       2
       1
       1
       2
       1
       1
       2
       1
       2
       4
       0
       4
       2
       4
       0
       2
       1
       0
       4
       4
       0
       2
       3
       3
       3
       3
       3
       0
       0
       5
       2
       1
       4
       4
       4
       2
       3
       1
       0
       2
       0
       0
       1
       0
       2
       4
       3
       1
       3
       0
       3
       1
       2
       2
       2
       2
       1
       2
       3
       1
       3
       1
       4
       1
       3
       0
       0
       1
       2
       1
       1
       2
       5
       2
       2
       0
       3
       1
       4
       4
       2
       5
       4
       5
       0
       2
       0
       2
       3
       1
       1
       1
       2
       0
       2
       1
       1
       0
       3
       0
       1
       0
       2
       2
       4
       1
       3
       4
       1
       3
       2
       1
       6
       3
       1
       1
       2
       2
       5
       1
       1
       0
       2
       1
       3
       1
       1
       1
       1
       4
       2
       2
       2
       1
       2
       3
       2
       3
       0
       3
       3
       3
       1
       0
       1
       0
       4
       1
       2
       1
       1
       3
       0
       1
       0
       1
       2
       4
       3
       0
       4
       1
       1
       3
       3
       3
       2
       3
       5
       1
       3
       4
       4
       3
       2
       2
       3
       5
       0
       2
       3
       1
       3
       2
       2
       4
       5
       1
       4
       4
       4
       4
       2
       1
       2
       5
       3
       2
       2
       1
       2
       1
       2
       0
       1
       3
       2
       1
       1
       2
       0
       3
       2
       1
       3
       0
       1
       0
       3
       2
       1
       2
       3
       0
       1
       3
       0
       2
       1
       1
       2
       3
       2
       1
       1
       1
       2
       1
       2
       2
       2
       2
       2
       2
       2
       0
       0
       3
       1
       1
       0
       1
       4
       1
       1
       0
       0
       2
       1
       1
       4
       2
       2
       2
       0
       2
       2
       2
       1
       1
       1
       2
       4
       1
       2
       0
       1
       1
       1
       0
       3
       0
       0
       4
       2
       1
       2
       0
       0
       1
       2
       2
       3
       0
       1
       2
       0
       1
       2
       1
       2
       0
       1
       2
       1
       2
       1
       1
       1
       1
       2
       2
       0
       1
       2
       0
       2
       2
       2
       0
       1
       3
       2
       1
       2
       3
       3
       2
       1
       0
       0
       4
       2
       1
       1
       3
       1
       2
       2
       0
       1
       0
       3
       2
       1
       1
       0
       0
       0
       4
       2
       0
       3
       2
       0
       2
       1
       3
       1
       1
       0
       2
       1
       1
       3
       0
       0
       2
       0
       2
       2
       0
       0
       1
       1
       1
       2
       2
       1
       1
       0
       2
       1
       2
       1
       2
       0
       4
       1
       2
       1
       1
       1
       1
       1
       2
       3
       3
       2
       1
       1
       2
       0
       0
       2
       1
       2
       0
       2
       0
       2
       1
       1
       1
       0
       0
       0
       0
       1
       2
       1
       0
       0
       3
       0
       0
       0
       0
       0
       3
       1
       2
       3
       1
       0
       0
       0
       2
       1
       2
       2
       0
       1
       2
       2
       1
       3
       2
       0
       1
       4
       0
       0
       0
       2
       1
       0
       1
       1
       2
       2
       1
       2
       1
       2
       1
       1
       1
       3
       2
       0
       1
       1
       0
       3
       0
       4
       0
       2
       2
       1
       0
       0
       0
       2
       0
       3
       2
       2
       0
       0
       1
       0
       1
       0
       0
       0
       2
       2
       1
       2
       1
       3
       2
       0
       0
       1
       1
       0
       0
       1
       1
       1
       1
       0
       0
       0
       2
       2
       1
       0
       2
       3
       0
       1
       1
       1
       1
       0
       0
       0
       0
       2
       0
       2
       1
       0
       2
       1
       0
       1
       2
       1
       0
       1
       3
       2
       0
       0
       1
       2
       1
       1
       0
       0
       0
       0
       3
       1
       4
       2
       1
       2
       1
       1
       3
       1
       0
       0
       0
       3
       0
       0
       0
       1
       0
       0
       1
       0
       3
       0
       1
       1
       0
       1
       1
       1
       1
       1
       1
       1
       0
       0
       0
       1
       0
       0
       1
       1
       1
       0
       0
       1
       0
       0
       2
       1
       0
       0
       0
       1
       1
       1
       3
       1
       0
       1
       1
       1
       0
       1
       1
       0
       0
       0
       1
       0
       1
       1
       1
       2
       0
       1
       1
       0
       0
       0
       0
       0
       2
       0
       0
       0
       0
       2
       0
       0
       0
       2
       1
       1
       0
       1
       0
       0
       2
       0
       2
       2
       0
       2
       0
       5
       0
       0
       1
       2
       1
       1
       1
       0
       2
       1
       0
       0
       1
       2
       0
       0
       1
       0
       0
       0
       1
       3
       1
       0
       1
       1
       0
       0
       2
       1
       2
       1
       1
       0
       4
       0
       0
       1
       1
       0
       1
       1
       0
       0
       0
       0
       0
       0
       0
       1
       1
       0
       1
       0
       0
       0
       0
       0
       2
       0
       2
       0
       0
       0
       0
       1
       0
       1
       1
       2
       1
       2
       2
       1
       4
       1
       2
       1
       1
       1
       0
       1
       2
       0
       0
       0
       1
       0
       1
       0
       2
       0
       1
       3
       0
       2
       0
       1
       0
       0
       1
       0
       0
       0
       0
       0
       1
       0
       0
       1
       0
       0
       0
       0
       1
       0
       1
       0
       1
       1
       2
       0
       0
       0
       2
       1
       0
       2
       0
       0
       3
       1
       0
       4
       0
       0
       1
       0
       0
       1
       0
       1
       0
       2
       0
       0
       1
       0
       0
       0
       0
       0
       1
       2
       0
       1
       1
       0
       1
       1
       1
       1
       1
       0
       0
       4
       1
       4
       1
       1
       0
       0
       0
       1
       1
       0
       1
       0
       1
       0
       0
       0
       1
       1
       0
       2
       0
       1
       0
       3
       0
       2
       2
       0
       1
       1
       0
       1
       2
       1
       2
       1
       1
       1
       1
       1
       0
       1
       1
       0
       1
       0
       0
       0
       1
       2
       0
       0
       0
       0
       0
       0
       0
       2
       1
       3
       0
       0
       0
       1
       0
       0
       1
       2
       0
       1
       0
       0
       0
       1
       1
       0
       1
       0
       0
       0
       0
       0
       1
       0
       0
       0
       0
       2
       1
       2
       0
       0
       2
       2
       2
       1
       1
       2
       1
       0
       0
       1
       1
       0
       0
       2
       2
       0
       0
       1
       0
       1
       0
       0
       0
       0
       0
       0
       1
       0
       1
       0
       1
       1
       0
       0
       1
       0
       0
       1
       0
       2
       0
       1
       2
       0
       0
       0
       0
       0
       1
       0
       0
       1
       0
       0
       3
       1
       2
       0
       1
       2
       0
       0
       4
       1
       0
       0
       1
       1
       2
       4
       1
       0
       0
       0
       2
       0
       2
       0
       1
       1
       1
       0
       1
       0
       0
       1
       1
       0
       0
       0
       1
       0
       1
       1
       1
       1
       0
       1
       0
       0
       2
       3
       2
       0
       0
       1
       0
       2
       0
       1
       1
       1
       0
       0
       0
       0
       1
       0
       2
       1
       1
       0
       1
       0
       0
       3
       2
       3
       3
       3
       2
       6
       6
       6
      13
      16
      31
      22
      31
      41
      48
      45
      35
      47
      43
      34
      25
      25
      11
      15
       8
       6
       1
       2
       0
       0
       0
       0
       0
       1
       0
       1
       1
       0
       0
       0
       1
       0
       0
       0
       0
       1
       0
       0
       0
       0
       0
       2
       0
       0
       0
       0
       1
       0
       0
       0
       0
       0
       0
       0
       0
       0
       0
       0
       1
       0
       1
       0
       2
       2
       0
       0
       1
       1
       0
       0
       0
       0
       2
       1
       1
       0
       0
       0
       0
       0
       0
       0
       0
       1
       0
       1
       1
       0
       1
       0
       0
       0
       0
       0
       0
       0
       0
       0
       1
       0
       1
       1
       1
       0
       0
       0
       0
       0
       1
       0
       0
       1
       1
       2
       0
       0
       1
       0
       0
       0
       1
       0
       0
       0
       0
       0
       0
       0
       1
       2
       1
       0
       1
       0
       0
       0
       0
       0
       0
       0
       1
       1
       0
       2
       0
       1
       1
       0
       1
       0
       0
       1
       0
       0
       0
       2
       0
       1
       0
       1
       1
       2
       1
       2
       0
       1
       1
       0
       0
       1
       0
       0
       0
       0
       0
       1
       0
       0
       0
       0
       0
       0
       1
       0
       0
       1
       2
       0
       0
       2
       0
       2
       0
       4
       1
       0
       1
       0
       1
       0
       0
       0
       0
       1
       1
       1
       1
       0
       1
       0
       0
       0
       1
       1
       0
       0
       3
       0
       0
       1
       0
       0
       0
       0
       0
       1
       1
       0
       1
       0
       0
       0
       1
       0
       0
       0
       0
       1
       0
       0
       0
       0
       0
       0
       0
       0
       0
       0
       0
       0
       0
       1
       0
       0
       0
       1
       0
       0
       0
       1
       1
       0
       0
       0
       0
       0
       0
       0
       1
       0
       1
       0
       0
       0
       0
       0
       0
       0
       0
       0
       0
       0
       0
       0
       1
       0
       0
       0
       0
       0
       0
       0
       1
       1
       0
       0
       1
       0
       0
       0
       0
       2
       2
       0
       0
       0
       0
       0
       0
       0
       0
       1
       0
       1
       0
       1
       1
       0
       0
       0
       0
       0
       1
       1
       0
       0
       1
       1
       0
       1
       0
       0
       2
       0
       1
       0
       0
       1
       0
       0
       0
       0
       0
       0
       0
       0
       0
       0
       0
       1
       1
       0
       0
       1
       0
       0
       0
       1
       1
       0
       0
       0
       0
       0
       0
       0
       0
       0
       0
       0
       0
       0
       0
       0
       1
       0
       0
       0
       1
       1
       1
       1
       0
       0
       0
       0
       0
       0
       1
       0
       1
       0
       0
       1
       0
       0
       0
       0
       0
       0
       0
       0
       0
       1
       0
       0
       1
       0
       0
       0
       0
       0
       0
       0
       0
       0
       0
       0
       0
       0
       0
       0
       0
       0
       0
       2
       0
       1
       1
       1
       0
       0
       0
       2
       1
       0
       0
       1
       0
       0
       0
       1
       0
       0
       0
       0
       1
       0
       1
       0
       1
       0
       0
       0
       1
       1
       0
       0
       0
       0
       0
       0
       0
       0
       0
       0
       0
       0
       0
       1
       0
       1
       0
       0
       0
       0
       0
       0
       0
       0
       1
       0
       0
       1
       3
       0
       1
       0
       0
       0
       3
       0
       0
       1
       0
       0
       0
       0
       0
       0
       0
       1
       0
       2
       2
       1
       3
       2
       1
       1
       0
       2
       1
       1
       0
       1
       0
       0
       3
       1
       1
       1
       1
       0
       0
       1
       1
       1
       0
       1
       0
       1
       0
       0
       0
       1
       0
       0
       0
       1
       0
       1
       0
       0
       0
       1
       0
       0
       0
       2
       0
       0
       0
       0
       0
       0
       1
       0
       1
       0
       1
       1
       0
       0
       0
       0
       0
       0
       0
       2
       0
       0
       0
       0
       0
       0
       0
       0
       0
       0
       0
       0
       0
       0
       0
       0
       0
       1
       1
       1
       0
       0
       0
       0
       0
       0
       0
       0
       0
       1
       0
       0
       0
       0
       1
       0
       2
       0
       0
       0
       0
       0
       0
       0
       1
       0
       0
       1
       0
       1
       0
       0
       0
       0
       0
       0
       0
       0
       1
       1
       1
       0
       0
       0
       1
       0
       0
       0
       1
       0
       0
       0
       2
       0
       0
       0
       0
       0
       0
       0
       0
       0
       0
       0
       0
       0
       0
       0
       1
       1
       1
       0
       0
       0
       0
       0
       1
       0
       0
       2
       0
       0
       1
       0
       1
       0
       0
       0
       0
       0
       0
       0
       0
       0
       0
       0
       0
       1
       0
       0
       0
       0
       0
       0
       0
       0
       0
       0
       0
       0
       0
       0
       0
       0
       0
       1
       0
       0
       0
       0
       0
       0
       0
       1
       1
       0
       1
       0
       1
       0
       0
       0
       0
       0
       0
       0
       0
       1
       0
       1
       0
       0
       1
       0
       1
       0
       0
       1
       0
       0
       1
       2
       0
       0
       0
       0
       0
       0
       0
       0
       0
       0
       0
       0
       0
       0
       0
       0
       1
       0
       0
       0
       1
       0
       1
       0
       1
       0
       0
       0
       1
       0
       0
       0
       0
       0
       0
       0
       0
       0
       0
       0
       0
       0
       0
       1
       0
       0
       1
       2
       0
       0
       0
       0
       0
       0
       0
       1
       0
       1
       0
       0
       0
       0
       0
       0
       0
       0
       0
       0
       0
       1
       0
       1
       0
       0
       0
       0
       1
       0
       0
       0
       0
       0
       0
       0
       0
       0
       0
       0
       0
       0
       0
       0
       0
       0
       1
       0
       0
       0
       1
       0
       0
       0
       0
       0
       1
       0
       2
       0
       0
       0
       0
       0
       0
       0
       1
       0
       1
       0
       0
       0
       0
       0
       0
       1
       0
       1
       0
       1
       0
       0
       0
       1
       0
       0
       1
       0
       0
       0
       1
       0
       0
       0
       0
       0
       1
       0
       0
       0
       0
       0
       0
       0
       0
       0
       0
       0
       0
       0
       0
       0
       0
       1
       0
       1
       1
       0
       0
       0
       0
       0
       2
       0
       0
       0
       0
       0
       0
       0
       0
       0
       0
       0
       1
       1
       0
       1
       0
       0
       0
       1
       0
       0
       0
       0
       1
       2
       0
       0
       0
       0
       0
       0
       0
       1
       0
       0
       0
       0
       0
       0
       0
       0
       0
       0
       0
       0
       0
       0
       1
       1
       0
       0
       0
       0
       0
       1
       0
       0
       1
       0
       0
       0
       0
       0
       0
       1
       0
       1
       0
       0
       0
       0
       0
       0
       0
       1
       0
       0
       0
       1
       0
       0
       0
       1
       0
       0
       0
       1
       1
       0
       1
       0
       0
       0
       0
       0
       0
       0
       2
       0
       0
       0
       0
       0
       0
       0
       0
       0
       0
       0
       0
       0
       0
       0
       0
       1
       0
       0
       0
       0
       0
       0
       0
       0
       0
       0
       0
       0
       0
       0
       0
       0
       0
       0
       0
       0
       0
       0
       1
       0
       0
       1
       1
       1
       0
       1
       0
       1
       2
       0
       1
       0
       1
       0
       0
       0
       0
       0
       0
       0
       2
       0
       0
       0
       0
       0
       0
       1
       0
       1
       0
       0
       0
       0
       0
       0
       0
       0
       0
       0
       0
       0
       0
       0
       0
       0
       0
       0
       1
       0
       0
       0
       0
       1
       1
       1
       0
       0
       0
       0
       0
       0
       1
       0
       0
       1
       0
       0
       0
       0
       0
       0
       0
       0
       0
       0
       0
       0
       0
       0
       0
       0
       1
       1
       0
       0
       1
       0
       1
       1
       0
       0
       0
       1
       0
       1
       0
       0
       0
       0
       0
       0
       0
       1
       0
       1
       0
       1
       1
       0
       1
       0
       0
       0
       0
       0
       0
       1
       0
       0
       0
       0
       0
       0
       0
       0
       0
       0
       0
       1
       1
       0
       0
       0
       1
       1
       2
       1
       2
       3
       2
       5
       4
       3
       6
       4
       3
       3
       5
       2
       1
       2
       0
       1
       0
       1
       1
       0
       0
       0
       0
       0
       0
       0
       0
       0
       0
       1
       0
       0
       0
       0
       0
       1
       0
       0
       0
       0
       0
       0
       0
       0
       0
       0
       0
       2
       1
       0
       1
       1
       0
       0
       0
       0
       0
       0
       0
       0
       0
       0
       0
       1
       0
       0
       0
       0
       0
       0
       0
       0
       0
       0
       0
       0
       0
       0
       0
       0
       0
       0
       2
       0
       0
       0
       0
       0
       0
       0
       0
       0
       0
       0
       0
       0
       0
       0
       1
       0
       0
       0
       0
       1
       0
       0
       0
       0
       1
       0
       1
       0
       0
       0
       0
       0
       0
       2
       0
       0
       0
       0
       0
       1
       0
       0
       0
       1
       0
       0
       0
       0
       0
       0
       2
       0
       0
       0
       0
       0
       0
       0
       0
       0
       0
       0
       1
       0
       0
       0
       0
       0
       0
       0
       0
       0
       0
       1
       1
       0
       0
       0
       0
       0
       1
       0
       0
       0
       0
       0
       0
       1
       0
       0
       0
       0
       0
       0
       0
       0
       0
       0
       0
       0
       0
       1
       0
       0
       0
       1
       0
       0
       0
       0
       0
       0
       0
       0
       0
       1
       0
       1
       0
       0
       0
       1
       1
       1
       0
       0
       0
       0
       0
       0
       1
       1
       0
       0
       0
       0
       1
       0
       0
       0
       0
       0
       0
       0
       0
       0
       1
       0
       0
       1
       0
       0
       0
       1
       0
       0
       0
       0
       0
       0
       0
       1
       0
       1
       1
       0
       1
       0
       0
       1
       1
       1
       0
       0
       0
       0
       0
       0
       0
       0
       1
       1
       0
       0
       0
       0
       0
       0
       0
       0
       0
       0
       0
       0
       0
       0
       0
       0
       0
       0
       0
       0
       0
       0
       0
       0
       0
       0
       0
       0
       0
       0
       0
       0
       0
       0
       0
       0
       0
       0
       1
       0
       0
       0
       0
       0
       0
       0
       0
       0
       0
       0
       0
       0
       0
       0
       0
       0
       1
       0
       1
       0
       1
       0
       0
       1
       0
       0
       1
       2
       0
       1
       0
       1
       0
       0
       1
       0
       0
       0
       0
       0
       0
       0
       0
       0
       0
       0
       0
       0
       0
       0
       0
       0
       1
       0
       0
       0
       0
       0
       1
       0
       0
       0
       0
       1
       0
       0
       0
       0
       0
       0
       0
       0
       0
       0
       0
       0
       0
       0
       1
       0
       0
       0
       0
       0
       0
       1
       0
       0
       0
       0
       0
       0
       0
       0
       0
       0
       0
       0
       2
       0
       0
       0
       0
       0
       0
       0
       0
       1
       0
       0
       0
       0
       0
       0
       1
       0
       0
       0
       1
       0
       0
       0
       0
       0
       1
       0
       0
       0
       0
       0
       0
       0
       0
       1
       0
       0
       0
       1
       0
       0
       0
       0
       0
       1
       1
       0
       0
       0
       1
       0
       0
       0
       0
       0
       0
       0
       0
       0
       1
       0
       0
       0
       1
       0
       2
       0
       0
       1
       0
       0
       0
       1
       1
       0
       0
       1
       0
       0
       0
       0
       0
       0
       0
       0
       0
       0
       1
       0
       0
       0
       0
       0
       0
       0
       0
       0
       0
       0
       2
       0
       0
       0
       0
       0
       0
       0
       0
       0
       1
       0
       0
       0
       0
       0
       0
       0
       0
       1
       0
       0
       0
       0
       0
       0
       1
       1
       0
       1
       0
       0
       0
       0
       1
       0
       0
       0
       0
       1
       0
       0
       0
       0
       0
       0
       0
       0
       0
       0
       0
       0
       1
       0
       0
       0
       0
       0
       1
       0
       0
       0
       1
       1
       1
       0
       0
       0
       0
       0
       0
       0
       0
       0
       0
       0
       0
       0
       0
       0
       0
       0
       0
       0
       0
       0
       1
       0
       1
       1
       1
       0
       0
       0
       0
       0
       1
       0
       1
       1
       0
       0
       0
       0
       0
       0
       0
       0
       0
       0
       1
       0
       0
       0
       0
       0
       1
       0
       0
       1
       0
       1
       0
       1
       0
       0
       1
       0
       0
       0
       0
       0
       0
       0
       0
       0
       0
       0
       0
       0
       0
       0
       0
       0
       0
       1
       0
       0
       0
       0
       0
       2
       0
       0
       0
       0
       0
       1
       1
       0
       0
       0
       0
       0
       0
       1
       0
       0
       2
       0
       0
       1
       0
       0
       1
       0
       0
       0
       0
       0
       0
       0
       0
       1
       0
       0
       0
       0
       0
       0
       0
       0
       1
       0
       0
       0
       0
       0
       0
       0
       0
       0
       0
       0
       0
       0
       0
       0
       0
       0
       0
       0
       0
       0
       1
       0
       0
       0
       0
       0
       0
       1
       1
       0
       0
       0
       0
       0
       0
       1
       0
       0
       0
       0
       0
       0
       0
       0
       0
       0
       0
       0
       0
       0
       0
       0
       0
       1
       0
       1
       0
       1
       0
       0
       0
       0
       0
       0
       0
       0
       0
       0
       0
       1
       0
       1
       0
       0
       0
       0
       0
       0
       0
       0
       0
       0
       1
       0
       0
       0
       0
       0
       1
       0
       0
       0
       0
       0
       0
       0
       1
       1
       0
       0
       1
       0
       0
       0
       0
       0
       0
       0
       0
       0
       0
       0
       0
       1
       0
       0
       0
       1
       0
       0
       0
       0
       0
       0
       0
       0
       0
       0
       0
       0
       0
       0
       2
       0
       0
       0
       0
       0
       0
       0
       0
       0
       0
       1
       0
       0
       0
       0
       0
       0
       0
       0
       1
       1
       0
       0
       0
       0
       0
       1
       0
       0
       0
       0
       1
       0
       0
       0
       0
       0
       0
       0
       0
       1
       0
       0
       1
       0
       0
       0
       0
       0
       0
       0
       0
       0
       0
       0
       1
       0
       0
       0
       0
       0
       0
       0
       0
       0
       0
       0
       0
       0
       0
       0
       0
       0
       0
       0
       0
       0
       0
       0
       0
       0
       0
       0
       1
       0
       0
       0
       1
       1
       0
       0
       0
       0
       0
       0
       0
       0
       0
       0
       0
       0
       0
       0
       0
       0
       1
       0
       0
       0
       0
       0
       1
       0
       0
       0
       0
       0
       0
       0
       0
       0
       0
       1
       0
       1
       0
       1
       0
       0
       0
       0
       0
       0
       0
       0
       0
       0
       0
       0
       0
       0
       1
       0
       0
       0
       0
       0
       0
       0
       0
       0
       0
       0
       0
       0
       0
       0
       0
       1
       1
       1
       0
       0
       0
       0
       0
       0
       0
       0
       0
       0
       1
       0
       0
       0
       1
       0
       0
       0
       1
       0
       0
       0
       0
       0
       0
       0
       0
       0
       0
       0
       0
       0
       1
       0
       0
       0
       0
       0
       0
       0
       0
       0
       0
       0
       0
       0
       0
       0
       0
       0
       0
       0
       0
       0
       0
       0
       0
       0
       0
       0
       0
       0
       1
       0
       0
       0
       0
       0
       0
       0
       0
       0
       0
       0
       0
       0
       0
       0
       1
       0
       0
       2
       0
       0
       0
       0
       0
       0
       0
       0
       0
       0
       1
       0
       0
       0
       0
       0
       0
       1
       1
       0
       0
       0
       0
       0
       0
       0
       1
       0
       0
       0
       0
       0
       1
       1
       1
       0
       0
       0
       0
       0
       2
       0
       0
       0
       0
       0
       0
       0
       0
       0
       0
       0
       1
       0
       0
       0
       0
       0
       0
       0
       0
       0
       0
       0
       0
       0
       0
       0
       0
       0
       0
       0
       0
       0
       1
       0
       0
       0
       0
       0
       0
       1
       0
       0
       0
       0
       0
       0
       1
       0
       0
       0
       0
       0
       0
       0
       0
       0
       0
       1
       0
       0
       0
       0
       0
       0
       0
       0
       0
       0
       0
       0
       0
       0
       0
       1
       0
       0
       1
       0
       0
       1
       0
       0
       0
       0
       0
       1
       0
       0
       0
       0
       1
       0
       0
       1
       0
       0
       0
       0
       0
       0
       0
       0
       0
       0
       0
       0
       1
       0
       0
       0
       0
       0
       0
       1
       0
       0
       0
       0
       1
       0
       0
       0
       0
       0
       0
       0
       0
       0
       1
       0
       0
       0
       0
       0
       0
       0
       0
       0
       1
       0
       0
       0
       0
       0
       0
       0
       0
       0
       0
       0
       0
       0
       0
       1
       0
       0
       1
       0
       0
       0
       0
       0
       1
       0
       0
       1
$ROI:
11
224 244
765 907
1828 1908
2525 2667
2716 2799
3116 3148
3716 3817
4331 4427
4564 4622
5085 5259
5690 5768
$PRESETS:
Live Time
600
0
$ENER_FIT:
0.053689 0.255148
$MCA_CAL:
3
5.368913E-002 2.551478E-001 -1.853380E-009 keV
$SHAPE_CAL:
3
6.992400E+000 7.812671E-004 -3.508660E-008
