$SPEC_ID:
No sample description was entered.
$SPEC_REM:
DET# 1
DETDESC# GMX20P4 HPGe
AP# Maestro Version 7.01
$DATE_MEA:
11/27/2018 14:08:54
$MEAS_TIM:
600 601
$DATA:
0 8191
       0
       0
       0
       0
       0
       0
       0
       0
       0
       0
       0
       0
       0
       0
       0
       0
       0
       0
       0
       0
       0
       0
       0
       0
       0
       0
       0
       0
       0
       0
       0
       0
       0
       0
       0
       0
       0
       0
       0
       0
       0
       0
       0
       0
       0
       0
       0
       0
       2
      23
      66
     103
     102
      91
     101
      87
      91
     113
     105
      95
      99
      96
      85
     115
     107
     115
     113
     129
     110
     127
     127
     149
     135
     129
     174
     134
     189
     225
     269
     274
     340
     296
     318
     304
     245
     226
     154
     139
     122
     133
     122
     147
     161
     160
     193
     191
     225
     222
     229
     232
     227
     241
     252
     300
     278
     353
     418
     507
     580
     668
     743
     849
    1019
    1221
    1418
    1919
    2622
    3372
    4330
    4973
    5275
    5275
    4606
    3650
    2822
    1915
    1193
     751
     547
     454
     426
     455
     589
     784
     991
    1225
    1341
    1358
    1215
    1111
     913
     705
     479
     328
     252
     175
     138
     116
     104
      97
      79
     100
      89
      64
      96
      81
      78
      84
      77
      78
      80
      82
      92
      89
      82
      99
     108
     107
      87
     108
     109
      91
     106
      99
      90
      92
     110
      90
      97
      94
      93
     101
     107
     110
      99
     116
     101
     104
     100
     115
     118
     108
     106
     111
     112
     121
      98
     107
     103
     118
     142
     154
     156
     174
     185
     247
     249
     274
     277
     272
     266
     217
     179
     171
     134
     140
     135
     143
     144
     149
     130
     111
     150
     146
     143
     137
     144
     142
     146
     137
     134
     175
     165
     155
     166
     169
     171
     181
     178
     188
     180
     203
     198
     202
     176
     223
     225
     218
     202
     218
     246
     230
     209
     226
     236
     232
     215
     253
     261
     225
     267
     240
     276
     284
     298
     283
     281
     253
     278
     260
     260
     275
     262
     250
     245
     263
     269
     248
     272
     231
     253
     238
     244
     221
     250
     235
     232
     231
     214
     243
     216
     236
     196
     247
     229
     235
     220
     230
     193
     206
     240
     234
     210
     241
     231
     242
     240
     302
     313
     431
     569
     696
     953
    1297
    1684
    2149
    2343
    2676
    2486
    2209
    1790
    1360
     898
     534
     357
     198
     176
     164
     163
     145
     115
     145
     130
     136
     140
     146
     126
     150
     148
     143
     144
     136
     130
     135
     137
     144
     115
     124
     141
     143
     161
     133
     136
     128
     119
     154
     155
     134
     153
     152
     157
     153
     157
     137
     136
     132
     145
     130
     122
     118
     133
     132
     124
     150
     128
     146
     141
     142
     135
     151
     134
     128
     125
     148
     131
     149
     142
     139
     140
     116
     135
     131
     137
     130
     138
     136
     126
     129
     119
     135
     151
     142
     142
     131
     132
     126
     134
     138
     153
     129
     122
     121
     129
     120
     116
     151
     132
     131
     131
     144
     131
     123
     121
     149
     146
     125
     129
     136
     115
     137
     134
     153
     135
     141
     107
     140
     139
     138
     124
     120
     129
     132
     138
     134
     123
     155
     135
     118
     142
     152
     104
     124
     112
     129
     137
     135
     115
     131
     127
     133
     120
     118
     128
     114
     142
     132
     130
     118
     127
     142
     121
     119
     136
     122
     127
     106
     156
     125
     113
     118
     105
      98
     120
     129
     107
     119
     132
     102
     110
     144
     124
     131
     140
     113
     134
     123
     115
     130
     123
     104
     112
     138
     116
     125
     128
     118
     132
     122
     126
     125
     127
     118
     143
     118
     115
     116
     108
     140
     109
     114
     112
     122
     115
     144
     119
     126
     116
     125
     111
     116
     136
     112
     108
     113
     102
     118
     127
     129
     118
     133
     101
     107
     121
     130
     119
      99
     118
     117
     124
     123
     112
     121
     129
      95
     116
     132
     128
     124
     120
     121
     119
     118
     133
     120
     125
     128
     131
     145
     118
     108
     109
     105
     123
     120
     109
     108
     131
     122
     117
     118
     117
     120
     125
     124
     131
     121
     119
     130
     101
     128
     111
     133
     145
     130
     153
     125
     129
     126
     108
     115
     125
     110
     136
     123
      93
     116
     123
     116
     116
     121
     131
     118
     104
      98
     113
     143
     139
      90
      99
     111
     132
     120
     129
     118
     115
     156
     155
     140
     160
     131
     151
     138
     145
     150
     125
     120
     100
     114
     118
     124
     124
     121
     123
     112
      91
     120
     111
     113
     100
     123
     116
      98
     102
     101
      92
     102
     117
      95
     106
     106
     106
      92
      98
     114
     108
      88
      96
      89
     118
      94
     102
      93
      99
      91
      97
      94
      86
      99
     104
     113
      88
     113
     110
     115
     102
     114
     121
     117
     113
     112
      96
     112
     102
     115
      96
      86
     102
     119
     101
     100
     102
     112
     113
     113
      94
     122
      92
      93
      93
     111
     100
     101
     102
     104
      90
     120
     118
      94
      86
     101
     117
     111
      97
     105
      92
     108
     103
     108
     117
     107
     107
     102
     102
     111
      97
     122
      96
     112
     111
      88
     108
     108
     101
      89
      99
     112
     102
      97
      93
      85
      81
      91
      86
      99
      87
     107
      98
      86
     100
      71
     103
     108
      81
      95
     108
      93
     100
      92
     102
     112
      81
     106
      90
      98
      85
     101
     113
      92
     100
      92
      93
      76
      63
      82
     109
      96
      97
      98
      89
      94
      93
      92
      91
     102
      91
      98
      89
      99
      91
      81
      89
      74
      93
      86
      79
      86
      80
      87
      83
      68
      79
      79
      86
      84
      80
      82
      67
      78
      85
      81
      73
      74
      74
      88
      67
      82
      76
      84
      61
      63
      71
      64
      68
      73
      67
      74
      55
      54
      70
      63
      53
      73
      67
      69
      61
      63
      47
      67
      65
      62
      61
      69
      51
      68
      63
      69
      67
      63
      61
      59
      62
      54
      73
      61
      55
      61
      53
      64
      64
      61
      62
      67
      70
      78
      60
      74
      81
      89
      80
      75
      73
      58
      79
      59
      45
      62
      43
      62
      51
      48
      58
      53
      67
      57
      58
      47
      48
      40
      50
      44
      61
      52
      42
      57
      44
      50
      61
      53
      57
      52
      44
      60
      55
      48
      46
      61
      52
      53
      43
      51
      53
      51
      46
      33
      60
      40
      44
      47
      46
      49
      51
      62
      51
      61
      65
      57
      67
      54
      61
      54
      56
      65
      50
      59
      42
      46
      52
      41
      49
      55
      55
      56
      39
      45
      36
      50
      40
      48
      39
      36
      34
      46
      34
      39
      45
      42
      30
      37
      54
      30
      55
      43
      36
      41
      36
      50
      32
      31
      32
      46
      41
      40
      41
      48
      46
      45
      28
      26
      26
      23
      30
      37
      34
      32
      32
      40
      37
      37
      38
      43
      30
      33
      47
      33
      31
      40
      33
      41
      37
      36
      33
      31
      41
      33
      29
      22
      35
      36
      24
      26
      48
      36
      30
      47
      43
      35
      39
      35
      33
      44
      27
      30
      26
      33
      27
      33
      25
      36
      24
      32
      39
      34
      36
      26
      29
      21
      31
      28
      36
      27
      22
      25
      30
      35
      30
      35
      27
      23
      27
      35
      28
      27
      32
      29
      23
      32
      16
      31
      32
      34
      32
      35
      33
      25
      30
      37
      46
      70
      97
     125
     181
     231
     245
     303
     301
     262
     243
     190
     131
     108
      54
      40
      31
      28
      28
      27
      29
      34
      31
      23
      25
      22
      25
      27
      22
      26
      26
      26
      35
      26
      33
      37
      41
      22
      24
      26
      29
      22
      29
      32
      21
      34
      39
      24
      22
      23
      26
      29
      21
      32
      22
      30
      26
      23
      28
      22
      28
      20
      20
      19
      33
      21
      31
      23
      26
      40
      24
      27
      28
      24
      24
      28
      20
      28
      37
      37
      23
      41
      38
      38
      34
      29
      26
      20
      24
      24
      28
      24
      27
      24
      31
      19
      15
      28
      26
      28
      38
      29
      42
      63
     108
     144
     230
     297
     393
     492
     590
     653
     594
     566
     412
     315
     198
     158
      76
      54
      42
      23
      23
      22
      21
      18
      19
      21
      20
      19
      14
      29
      20
      21
      15
      17
      24
      15
      17
      15
      15
      14
      25
      20
      16
      18
      15
      23
      20
      17
      12
      24
      20
      17
      27
      19
      21
      26
      34
      21
      17
       9
      14
      15
      20
      24
      23
      22
      16
      23
      21
      15
      18
      23
      24
      19
      19
      25
      15
      22
      24
      18
      14
      11
      17
      12
      28
      19
      26
       7
      21
      13
      19
      20
      18
      23
      13
      18
      12
      17
      14
      15
      18
      14
      18
      19
      17
      14
      23
      16
      22
      16
      20
      11
      26
      18
      24
      17
      20
      14
      15
      17
      13
      18
      25
      16
      24
      30
      12
      15
      13
      17
      16
      17
      15
      14
      14
      18
       9
      23
      20
      16
      17
      18
      19
      15
      20
      18
      21
      19
      25
      18
      23
      22
       8
      16
      19
      15
      14
      11
      10
      21
      13
      13
      17
      10
      16
      19
      20
      11
      12
      20
       9
      17
      15
      13
      13
      25
      22
      13
      13
      15
      17
      15
       9
      12
      16
      20
      11
      15
      22
      19
      20
      18
      19
      21
      16
      29
      22
      24
      33
      37
      39
      45
      36
      41
      40
      32
      32
      37
      54
     120
     223
     340
     525
     790
    1050
    1364
    1713
    1714
    1691
    1548
    1223
     935
     648
     376
     203
     113
      67
      28
      20
      12
       6
      14
      10
      12
      12
       9
      10
       5
      11
       9
       7
       9
       6
       8
      10
       8
      11
      14
      13
       8
      11
      10
      13
      13
       7
      12
       7
      17
      11
      17
      13
       9
       8
       9
       7
      14
       8
       5
      15
       9
       7
      11
       4
       7
       5
       8
       9
       4
       8
      10
      10
       5
      11
       8
      10
      11
      11
      12
      12
       6
       2
       9
      10
      13
      12
       7
      12
       6
       5
      10
       7
       5
      10
      11
      18
      10
       7
       5
       7
       6
       9
      10
       5
      11
       2
       9
      11
      12
      17
      25
      59
      69
     100
     141
     179
     205
     240
     224
     209
     159
     150
     106
      60
      35
      24
      18
      12
      13
      10
      11
       9
      11
      16
      12
       8
       9
       6
       5
       8
       8
      11
       7
      10
      13
       5
       8
       7
       8
       8
       8
      10
       5
       7
       9
       7
       7
       9
       7
      12
       8
       7
       6
       6
      10
       3
       8
       9
      14
       1
      10
       7
       8
       5
       7
      11
       5
       4
       4
       3
       7
       9
      10
       5
       4
       7
       8
       7
       4
       7
       8
      10
      15
       5
      10
       9
       4
       5
       5
       5
       8
       5
       6
       6
      10
       7
       3
       5
       4
       5
      10
      10
       7
      15
       9
       6
      16
       6
      10
       8
       7
       9
       5
       6
       6
       7
       7
       5
       8
       5
       7
       5
       4
       9
       6
       6
       7
      10
       6
       4
       9
       8
       7
       9
       7
      12
       6
       6
      11
       4
       8
       6
       8
      12
       5
       2
       8
       9
       8
       5
      11
       6
       4
       7
       4
       9
       3
       7
       8
       9
      11
       6
      11
       5
       4
       7
       6
       9
      10
       7
       7
       7
       6
       6
       7
       6
       6
       7
      13
      11
       6
       8
       4
       7
       3
       8
       8
       7
       4
      13
       5
      10
       6
       4
       8
       7
       8
       8
       7
       5
       6
       7
       8
      10
       5
       5
       7
       8
      13
       7
       3
      11
      10
       9
      13
      12
      12
       6
       7
       7
       5
       3
       3
       5
       6
       9
       8
       9
       7
       5
       5
       5
       9
       7
      11
       3
       4
       4
      11
       6
       6
       5
       6
       5
       8
       6
       8
       5
       2
       4
       6
       6
      10
       4
       6
       4
       5
       6
       2
       6
       6
       5
       3
       3
       7
       1
       6
       4
       5
       5
       8
       7
       4
       2
      12
       8
       6
       4
       4
       5
       8
       2
       3
       4
       5
       9
       9
       5
       4
       1
       7
       4
       5
       8
       6
       2
       7
       6
      10
       7
      12
       9
       3
       6
       5
       3
       3
       3
       3
       6
       6
       2
       4
       3
       2
       5
       6
       8
       9
       2
       6
       4
       2
       8
       6
       6
       4
       4
       4
      11
       6
      10
       8
       9
       5
      10
      11
       2
       6
       6
       6
      10
       5
       6
       6
       3
       3
       7
       7
       3
       4
       7
      12
       7
       4
       2
       6
       4
       6
       6
       5
       6
       9
       5
       1
       5
       4
       4
       7
       1
       3
       7
       2
       4
       6
       5
       3
       3
       7
       7
       2
       3
       6
       7
       3
       6
       9
       4
       7
       4
       3
       8
       2
       6
       9
       5
       6
       5
       6
       3
       4
       5
       2
       3
       6
       4
       4
       5
       5
       7
       1
       4
       7
       4
       3
       1
       5
       5
       4
       4
       5
       3
       4
       7
       8
       2
       7
       1
       6
       4
       5
       3
       6
       5
       3
       6
       5
       5
       1
       5
      10
       3
       4
       4
      10
       5
       5
       8
       4
       5
       8
       4
       3
       4
       2
       4
       3
       8
       5
       2
       2
       6
       0
       6
       5
       5
       4
       7
       5
       4
       5
       6
       5
       1
       2
       3
       4
       4
       8
       3
       3
       3
       4
       6
       2
       2
       4
       2
       4
       7
       4
       9
       6
       9
       6
       5
       6
       4
       3
      10
       9
      10
      11
       9
      12
       6
       9
      10
       6
       5
       8
       8
       8
       7
      10
       7
       6
       1
       3
       5
       5
       4
       5
       1
       4
       3
       8
       6
       3
       4
       4
       7
       4
       3
       6
       5
       6
       3
       7
       6
       2
       6
       5
       8
       2
       1
       5
       4
       4
       5
       4
       3
       3
       4
       2
       7
       1
       5
       7
       5
       3
       4
       6
       3
       5
       4
       2
       4
       8
       2
       7
       2
       6
      10
       4
       5
       6
       7
       7
       4
       1
       4
       3
       4
       4
       4
       5
       3
       1
       4
       4
       3
       5
       8
       4
       4
       3
       5
       2
       4
       8
       9
       1
       4
       4
       3
       3
       3
       5
       4
       6
       3
       4
       7
       3
       9
       6
       5
       2
       7
       9
       7
       3
       2
       4
       2
       3
       1
       5
       7
       2
       7
       9
       4
       3
       4
       8
       3
       2
       3
       4
       4
       1
       6
       4
       5
       5
       2
       4
       5
       5
       6
       3
       5
       1
       4
       3
       6
       4
       4
       3
       5
       2
       3
       0
       2
       5
       2
       5
       4
       2
       4
       7
       1
       7
       9
       4
       3
       1
       8
       2
       4
       7
       2
       4
       3
       1
       2
       6
       3
       2
       9
       4
       3
       4
       7
       4
       7
       1
       3
       2
       2
      10
      10
       4
       3
       4
       2
       6
       5
       7
       4
       5
       6
       3
       4
       5
       3
       3
       2
       0
       6
       5
       5
       5
       5
       9
       4
       4
       4
       3
       7
       3
       3
       4
       9
       2
       4
       2
       5
       5
       3
       1
       3
       5
       6
       4
       4
       5
       5
       1
       2
       2
       5
       6
       4
       8
       2
       6
       3
       2
       6
       6
       4
       2
       2
       4
       3
       4
       2
       3
       2
       2
       2
       2
       4
       2
       5
       5
       4
       5
       4
       5
      11
       9
      15
      10
      12
      13
      12
      10
      12
       5
       9
       7
       5
       6
       2
       1
       7
       5
       2
       4
       3
       4
       4
       2
       4
       4
       3
       3
       2
       5
       3
       1
       6
       4
       2
       2
       2
       3
       2
       2
       2
       6
       3
       2
       3
       6
       3
       2
       4
       1
       4
       6
       5
       1
       2
       3
       2
       3
       4
       6
       2
       5
       2
       2
       3
       2
       1
       3
       5
       7
       5
       7
       6
       3
       3
       0
       5
       3
       2
       1
       2
       3
       3
       7
       2
       5
       3
       3
       4
       6
       5
       8
       2
       6
       2
       5
       4
       3
       2
      10
       7
      11
      12
      21
      13
      28
      28
      26
      26
      19
      28
      17
      16
      12
       9
       7
       6
       4
       4
       6
       2
       4
       2
       2
       4
       6
       1
       4
       2
       3
       3
       3
       1
       2
       3
       6
       2
       2
       2
       1
       3
       3
       3
       2
       2
       4
       2
       5
       1
       3
       1
       3
       2
       4
       3
       6
       8
       3
       3
       3
       3
       7
       6
       2
       1
       4
       4
       3
       3
       3
       4
       3
       5
       2
       3
       4
       6
       5
       0
       7
       3
       1
       5
       0
       3
       3
       3
       2
       2
       3
       4
       4
       4
       4
       5
       2
       1
       3
       3
       3
       4
       5
       3
       1
       7
       3
       3
       2
       1
       3
       2
       8
       4
       3
       5
       5
       4
       1
       3
       2
       4
       5
       2
       2
       4
       4
       1
       1
       3
       7
       3
       0
       7
       2
       1
       5
       5
       2
       2
       5
       2
       3
       0
       4
       3
       2
       3
       3
       4
       4
       4
       6
       5
       3
       3
       0
       5
       3
       1
       0
       3
       2
       5
       3
       6
       6
       2
       4
       3
       5
       3
       3
       2
       3
       3
       2
       1
       2
       7
       3
       3
       1
       4
       2
       3
       4
       4
       7
       7
       1
       4
       4
       2
       6
       2
       4
       3
       6
       3
       2
       3
       1
       2
       5
       0
       2
       2
       8
       6
       8
      10
      17
      10
      11
       6
      10
      11
       6
       5
       2
       4
       1
       2
       6
       1
       2
       5
       2
       5
       5
       1
       2
       2
       2
       4
       3
       2
       1
       2
       2
       3
       2
       1
       3
       2
       1
       7
       4
       3
       1
       2
       3
       4
       1
       3
       2
       0
       2
       2
       1
       3
       1
       6
       2
       7
       2
       2
       1
       5
       4
       0
       2
       5
       2
       4
       3
       5
       1
       2
       3
       0
       0
       2
       6
       2
       2
       1
       4
       2
       4
       2
       4
       2
       3
       1
       3
       2
       3
       3
       1
       2
       4
       4
       2
       2
       1
       4
       4
       2
       2
       0
       2
       3
       8
       2
       3
       3
       3
       2
       3
       1
       2
       4
       5
       1
       1
       3
       3
       0
       3
       2
       3
       3
       2
       5
       2
       3
       7
       1
       5
       4
       4
       3
       4
       1
       3
       3
       1
       1
       1
       0
       2
       1
       4
       6
       3
       2
       2
       5
       3
       0
       9
       2
       1
       4
       1
       3
       2
       6
       3
       5
       3
       2
       4
       3
       5
       2
       2
       3
       1
       0
       5
       3
       2
       4
       2
       2
       4
       3
       0
       1
       4
       2
       0
       2
       4
       3
       2
       2
       1
       3
       3
       3
       0
       4
       0
       3
       4
       1
       3
       1
       2
       1
       5
       0
       2
       1
       1
       2
       2
       2
       6
       0
       5
       2
       1
       3
       2
       2
       2
       1
       4
       2
       5
       5
       0
       2
       3
       3
       1
       1
       1
       5
       1
       3
       5
       3
       6
       3
       1
       3
       0
       1
       2
       3
       4
       0
       6
       4
       6
       1
       1
       3
       4
       3
       1
       2
       2
       6
       7
       4
       4
       5
       7
       2
       6
       1
       2
       4
       4
       4
       5
       2
       1
       1
       3
       6
       3
       1
       1
       0
       7
       3
       3
       3
       1
       5
       2
       3
       2
       2
       4
       2
       1
       1
       5
       6
       1
       3
       5
       2
       6
       1
       2
       1
       3
       2
       4
       5
       0
       4
       4
       4
       8
       4
       2
       2
       1
       4
       4
       0
       2
       3
       1
       0
       1
       2
       1
       6
       2
       0
       1
       4
       5
       3
       3
       4
       3
       1
       2
       3
       6
       4
       2
       0
       3
       3
       0
       0
       3
       4
       3
       2
       5
       1
       1
       0
       4
       4
       0
       4
       1
       0
       6
       4
       2
       1
       2
       4
       1
       2
       0
       2
       3
       7
       2
       1
       2
       4
       2
       2
       4
       3
       4
       3
       1
       2
       0
       3
       2
       2
       1
       1
       1
       2
       3
       1
       4
       4
       3
       0
       3
       3
       4
       3
       3
       4
       2
       3
       6
       0
       1
       1
       1
       3
       3
       5
       7
       5
       6
       3
       9
       4
       4
       3
       2
       3
       4
       4
       2
       2
       1
       6
       0
       2
       3
       4
       5
       4
       3
       2
       3
       3
       3
       3
       2
       4
       6
       1
       1
       4
       4
       1
       1
       2
       6
       4
       1
       1
       3
       3
       2
       2
       1
       3
       4
       5
       0
       3
       6
       4
       2
       2
       3
       2
       2
       1
       1
       2
       6
       0
       3
       3
       1
       0
       2
       4
       6
       5
       6
       3
       3
       4
       1
       5
       6
       0
       1
       0
       3
       2
       0
       1
       3
       2
       3
       1
       1
       2
       0
       2
       4
       0
       4
       3
       2
       2
       0
       1
       2
       2
       4
       3
       2
       1
       4
       7
       2
       2
       2
       1
       1
       2
       0
       2
       1
       1
       0
       0
       2
       1
       4
       4
       2
       2
       2
       4
       4
       4
       6
       1
       1
       3
       1
       4
       6
       5
       3
       2
       2
       0
       3
       3
       1
       4
       1
       1
       6
       3
       1
       4
       1
       3
       3
       3
       4
       1
       2
       2
       2
       6
       3
       1
       2
       1
       4
       3
       0
       3
       3
       1
       1
       0
       2
       1
       0
       0
       0
       5
       3
       1
       1
       1
       1
       1
       5
       2
       2
       1
       0
       2
       1
       2
       3
       1
       5
       3
       0
       3
       1
       3
       1
       3
       0
       2
       1
       2
       3
       1
       2
       1
       2
       2
       3
       3
       1
       3
       3
       3
       0
       3
       2
       0
       3
       6
       2
       0
       0
       1
       2
       2
       1
       2
       4
       3
       2
       2
       1
       3
       1
       2
       2
       2
       1
       5
       1
       2
       3
       3
       1
       2
       7
       2
       3
       1
       1
       1
       1
       1
       3
       3
       3
       6
       2
       3
       3
       2
       4
       1
       1
       2
       1
       2
       1
       3
       2
       5
       2
       0
       5
       4
       3
       5
       0
       2
       1
       2
       4
       3
       2
       0
       2
       2
       0
       1
       1
       3
       3
       0
       3
       1
       2
       1
       2
       0
       0
       4
       2
       2
       1
       2
       2
       2
       3
       0
       0
       2
       3
       4
       1
       3
       2
       1
       1
       3
       1
       0
       2
       0
       2
       2
       1
       1
       2
       2
       0
       1
       2
       1
       2
       1
       2
       5
       1
       4
       0
       1
       3
       3
       0
       2
       1
       2
       1
       1
       1
       3
       5
       1
       1
       4
       1
       0
       3
       4
       2
       3
       5
       4
       3
       0
       1
       2
       1
       1
       0
       2
       0
       1
       0
       1
       5
       3
       1
       5
       3
       0
       2
       1
       3
       3
       4
       1
       1
       1
       3
       2
       2
       2
       2
       2
       0
       2
       1
       0
       1
       0
       2
       1
       2
       3
       1
       3
       1
       1
       3
       1
       3
       0
       0
       3
       0
       1
       1
       1
       1
       2
       2
       4
       1
       4
       2
       3
       0
       0
       1
       4
       2
       3
       1
       2
       4
       0
       1
       5
       1
       1
       1
       3
       5
       3
       4
       2
       3
       1
       1
       3
       2
       4
       3
       1
       3
       1
       1
       1
       0
       0
       2
       1
       3
       1
       2
       4
       2
       1
       0
       5
       1
       1
       1
       0
       1
       1
       4
       0
       2
       3
       4
       1
       6
       2
       3
       3
       2
       2
       2
       4
       0
       2
       2
       3
       3
       2
       3
       2
       0
       5
       1
       1
       1
       0
       1
       2
       0
       3
       0
       3
       0
       5
       1
       3
       2
       1
       1
       0
       1
       1
       1
       1
       1
       3
       3
       4
       0
       2
       4
       0
       3
       2
       1
       0
       1
       2
       2
       1
       1
       4
       3
       2
       2
       2
       4
       1
       3
       5
       3
       4
       7
       8
       9
       6
       6
       4
      10
       9
       2
       6
       4
       2
       1
       2
       2
       3
       3
       2
       1
       1
       2
       4
       1
       4
       1
       2
       2
       2
       0
       0
       1
       1
       2
       1
       2
       1
       2
       1
       1
       3
       2
       2
       1
       3
       2
       1
       2
       2
       0
       3
       1
       1
       4
       3
       1
       1
       2
       1
       2
       2
       1
       4
       3
       3
       2
       3
       2
       0
       2
       5
       0
       0
       1
       0
       0
       3
       4
       1
       1
       1
       2
       6
       1
       2
       3
       4
       3
       2
       1
       1
       3
       3
       3
       1
       3
       3
       2
       1
       2
       1
       4
       3
       2
       1
       0
       1
       1
       0
       1
       2
       3
       3
       0
       3
       0
       3
       2
       4
       1
       0
       4
       0
       2
       1
       4
       0
       2
       2
       0
       1
       2
       2
       1
       1
       0
       1
       2
       6
       0
       1
       1
       1
       2
       5
       0
       3
       0
       1
       2
       0
       3
       1
       2
       2
       1
       1
       1
       3
       2
       1
       2
       3
       3
       1
       4
       8
       1
       1
       1
       3
       2
       1
       2
       1
       1
       3
       2
       1
       0
       3
       2
       3
       4
       0
       2
       3
       0
       4
       0
       0
       3
       0
       3
       2
       0
       1
       1
       4
       3
       2
       3
       1
       4
       1
       0
       2
       2
       0
       1
       2
       2
       3
       4
       1
       4
       2
       4
       3
       3
       3
       4
       3
       1
       1
       4
       1
       2
       7
       7
       2
      10
       3
       4
       5
       3
       3
       2
       1
       3
       5
       2
       2
       3
       0
       5
       1
       3
       0
       2
       1
       1
       1
       1
       1
       1
       3
       3
       5
       3
       3
       1
       0
       2
       0
       0
       1
       1
       1
       0
       1
       1
       3
       2
       0
       4
       2
       1
       0
       0
       2
       2
       0
       2
       2
       1
       6
       3
       0
       2
       2
       1
       0
       4
       1
       0
       1
       4
       1
       3
       2
       2
       0
       5
       1
       2
       1
       0
       2
       0
       5
       1
       0
       2
       0
       3
       1
       3
       1
       1
       0
       0
       4
       1
       3
       5
       1
       1
       1
       1
       3
       2
       3
       1
       3
       3
       1
       2
       0
       1
       1
       0
       1
       3
       0
       0
       2
       2
       3
       2
       0
       1
       3
       2
       1
       3
       2
       2
       4
       0
       2
       4
       2
       2
       2
       1
       3
       0
       1
       3
       1
       2
       5
       1
       2
       2
       1
       2
       4
       4
       3
       1
       1
       0
       1
       2
       2
       1
       1
       1
       2
       0
       1
       0
       2
       2
       0
       2
       2
       3
       1
       1
       1
       1
       1
       3
       1
       1
       1
       1
       1
       1
       1
       2
       4
       3
       1
       1
       1
       2
       2
       3
       2
       0
       0
       3
       0
       3
       3
       0
       2
       3
       2
       3
       0
       3
       4
       2
       5
       3
       1
       1
       1
       2
       0
       1
       1
       0
       1
       2
       3
       1
       2
       1
       4
       3
       1
       2
       2
       2
       3
       3
       0
       2
       2
       4
       9
       0
       3
       1
       0
       1
       1
       2
       3
       4
       1
       1
       0
       1
       1
       2
       2
       1
       2
       1
       2
       0
       1
       2
       1
       4
       0
       2
       3
       1
       1
       5
       3
       1
       3
       2
       2
       2
       0
       2
       1
       2
       0
       1
       2
       2
       0
       3
       1
       1
       3
       2
       4
       3
       1
       2
       3
       6
       2
       1
       4
       3
       2
       2
       1
       4
       1
       2
       1
       0
       2
       1
       0
       2
       3
       0
       2
       4
       0
       3
       0
       1
       0
       1
       6
       2
       1
       2
       1
       0
       1
       3
       1
       1
       2
       2
       3
       3
       2
       4
       1
       0
       1
       2
       1
       2
       0
       2
       1
       1
       1
       1
       0
       2
       0
       3
       3
       3
       1
       2
       2
       0
       2
       0
       2
       2
       1
       0
       2
       4
       4
       1
       1
       1
       3
       1
       0
       2
       1
       1
       3
       3
       1
       1
       1
       1
       1
       1
       3
       4
       2
       0
       2
       3
       3
       0
       0
       3
       1
       2
       2
       1
       0
       2
       1
       4
       1
       3
       2
       1
       1
       4
       1
       1
       3
       5
       3
       0
       0
       0
       0
       0
       1
       1
       1
       3
       1
       2
       4
       1
       2
       1
       1
       2
       3
       5
       0
       3
       0
       1
       2
       1
       3
       1
       1
       1
       4
       0
       1
       4
       2
       3
       3
       1
       2
       2
       0
       2
       1
       1
       1
       1
       3
       2
       6
       2
       2
       1
       2
       0
       0
       3
       1
       2
       4
       4
       0
       3
       1
       1
       4
       4
       0
       0
       1
       2
       1
       1
       2
       1
       1
       1
       3
       1
       0
       2
       1
       0
       2
       1
       4
       1
       1
       0
       5
       2
       2
       1
       0
       1
       3
       2
       1
       1
       0
       1
       0
       4
       1
       0
       2
       1
       2
       2
       0
       6
       3
       1
       4
       2
       2
       1
       0
       4
       0
       2
       1
       2
       2
       2
       2
       3
       3
       1
       3
       1
       0
       2
       0
       1
       0
       0
       2
       2
       0
       0
       1
       0
       3
       4
       1
       0
       0
       4
       1
       1
       3
       5
       2
       0
       1
       1
       2
       2
       4
       2
       2
       1
       3
       3
       3
       0
       1
       1
       2
       0
       2
       2
       1
       0
       0
       3
       2
       3
       4
       4
       7
      11
       2
      13
       9
       6
       6
       1
       5
       6
       2
       0
       1
       3
       1
       3
       2
       0
       1
       1
       1
       3
       1
       0
       1
       1
       0
       1
       1
       1
       1
       0
       2
       0
       2
       0
       3
       1
       2
       2
       1
       2
       1
       0
       1
       0
       1
       0
       2
       1
       1
       1
       1
       1
       2
       3
       0
       1
       2
       2
       1
       3
       2
       1
       2
       2
       3
       0
       2
       3
       2
       0
       2
       1
       3
       1
       2
       4
       2
       2
       0
       1
       4
       1
       2
       1
       5
       2
       1
       1
       1
       2
       1
       0
       3
       1
       4
       0
       2
       2
       1
       2
       1
       1
       1
       1
       3
       1
       1
       2
       2
       0
       1
       1
       2
       1
       1
       0
       2
       2
       3
       2
       3
       4
       3
       3
       2
       3
       0
       0
       4
       3
       1
       2
       2
       2
       0
       1
       2
       3
       1
       6
       2
       2
       3
       3
       2
       3
       0
       0
       2
       1
       1
       0
       0
       1
       1
       3
       3
       4
       0
       2
       1
       1
       1
       0
       2
       1
       1
       0
       2
       1
       4
       1
       4
       1
       4
       2
       1
       2
       1
       0
       2
       1
       0
       4
       0
       2
       2
       1
       1
       1
       2
       2
       2
       2
       1
       4
       3
       2
       1
       2
       1
       2
       4
       4
       2
       1
       3
       2
       2
       0
       0
       2
       2
       2
       1
       4
       0
       3
       3
       2
       3
       2
       1
       2
       1
       0
       1
       2
       0
       0
       1
       1
       1
       2
       1
       3
       1
       3
       7
       2
       2
       0
       5
       2
       0
       3
       1
       2
       1
       5
       4
       4
       1
       1
       1
       1
       4
       1
       3
       2
       3
       4
       1
       3
       2
       3
       1
       2
       1
       3
       1
       0
       1
       3
       1
       0
       1
       2
       2
       3
       2
       2
       2
       2
       3
       2
       3
       2
       3
       1
       3
       2
       3
       4
       2
       4
       0
       1
       2
       2
       2
       1
       3
       4
       2
       2
       1
       1
       3
       4
       3
       3
       2
       0
       6
       1
       1
       4
       4
       7
       2
       1
       2
       2
       3
       6
       1
       2
       2
       2
       0
       0
       3
       0
       3
       2
       1
       2
       1
       0
       1
       4
       2
       0
       2
       1
       6
       3
       3
       0
       5
       3
       4
       0
       5
       1
       4
       1
       1
       7
       0
       0
       1
       2
       0
       1
       1
       1
       1
       1
       2
       2
       4
       2
       3
       3
       3
       1
       1
       0
       3
       3
       1
       2
       3
       2
       1
       5
       0
       2
       2
       1
       4
       0
       4
       1
       3
       1
       3
       1
       0
       0
       3
       1
       0
       1
       1
       2
       1
       2
       1
       3
       1
       2
       1
       0
       0
       1
       2
       1
       1
       0
       4
       1
       2
       1
       0
       0
       3
       2
       1
       4
       6
       1
       1
       4
       2
       3
       5
       3
       1
       3
       2
       1
       2
       2
       2
       1
       4
       5
       1
       5
       4
       3
       2
       2
       0
       4
       4
       2
       3
       5
       5
       4
       9
       4
       1
       5
       2
       5
       2
       5
       2
       1
       3
       5
       0
       2
       2
       2
       2
       0
       3
       1
       0
       1
       1
       2
       4
       3
       1
       3
       0
       1
       2
       2
       0
       0
       1
       1
       3
       1
       1
       3
       1
       1
       1
       2
       0
       1
       1
       1
       2
       1
       1
       1
       1
       2
       1
       3
       1
       2
       1
       1
       0
       0
       1
       1
       2
       3
       1
       1
       3
       0
       1
       1
       0
       0
       2
       0
       2
       3
       1
       0
       0
       2
       1
       0
       6
       3
       2
       0
       2
       0
       2
       3
       2
       0
       1
       2
       1
       0
       1
       0
       1
       0
       3
       3
       4
       1
       2
       1
       2
       2
       1
       2
       3
       2
       2
       1
       2
       5
       0
       1
       0
       1
       3
       1
       6
       1
       0
       1
       1
       4
       1
       1
       1
       2
       3
       0
       3
       2
       2
       0
       4
       1
       3
       1
       2
       2
       1
       0
       1
       0
       2
       2
       0
       0
       4
       0
       1
       1
       0
       0
       2
       2
       2
       1
       1
       6
       2
       1
       2
       0
       1
       2
       0
       0
       1
       1
       1
       0
       3
       1
       4
       2
       0
       1
       2
       3
       2
       0
       1
       0
       2
       1
       1
       3
       0
       0
       2
       2
       1
       1
       3
       1
       1
       1
       1
       0
       2
       3
       0
       1
       0
       2
       1
       1
       1
       0
       0
       2
       2
       0
       2
       0
       2
       2
       1
       0
       1
       0
       2
       2
       3
       3
       1
       1
       0
       1
       2
       1
       0
       1
       0
       1
       0
       0
       0
       1
       2
       0
       1
       0
       1
       1
       3
       2
       2
       1
       2
       0
       1
       1
       0
       0
       0
       2
       1
       0
       1
       0
       1
       1
       0
       2
       0
       3
       1
       0
       4
       0
       0
       2
       1
       2
       2
       2
       1
       2
       3
       0
       2
       1
       2
       0
       2
       0
       4
       0
       1
       2
       2
       0
       1
       0
       1
       0
       2
       1
       2
       0
       3
       2
       1
       0
       2
       0
       0
       1
       0
       1
       0
       1
       0
       1
       0
       0
       1
       2
       0
       3
       1
       0
       1
       1
       3
       0
       0
       0
       0
       1
       0
       1
       0
       0
       1
       0
       1
       0
       1
       0
       0
       0
       1
       1
       0
       0
       1
       1
       1
       1
       3
       0
       0
       0
       0
       0
       1
       0
       2
       0
       2
       0
       2
       2
       1
       2
       2
       2
       0
       0
       2
       0
       0
       1
       0
       0
       1
       1
       0
       1
       0
       1
       1
       1
       1
       1
       0
       0
       3
       0
       0
       0
       0
       0
       0
       0
       1
       0
       2
       0
       0
       1
       0
       0
       1
       1
       2
       0
       0
       0
       2
       0
       2
       1
       2
       0
       0
       1
       1
       0
       3
       0
       1
       1
       1
       1
       2
       0
       0
       2
       0
       2
       0
       0
       1
       0
       0
       1
       0
       0
       1
       0
       0
       0
       0
       0
       1
       0
       0
       1
       2
       2
       0
       1
       0
       0
       2
       0
       1
       0
       1
       1
       1
       1
       0
       1
       0
       2
       1
       0
       1
       2
       0
       1
       0
       1
       0
       2
       1
       1
       0
       0
       1
       1
       0
       1
       4
       0
       0
       1
       0
       1
       0
       0
       1
       1
       0
       1
       0
       2
       1
       0
       0
       1
       1
       1
       0
       2
       0
       0
       0
       1
       2
       0
       0
       1
       0
       1
       0
       0
       0
       0
       0
       0
       1
       0
       0
       0
       1
       1
       2
       0
       0
       3
       0
       1
       3
       1
       1
       4
       1
       3
       2
       1
       1
       2
       1
       0
       0
       1
       1
       0
       1
       0
       0
       0
       0
       1
       0
       1
       1
       1
       0
       0
       1
       0
       1
       1
       2
       4
       1
       2
       3
       1
       2
       1
       0
       1
       1
       1
       0
       0
       0
       1
       0
       1
       0
       0
       0
       0
       0
       0
       1
       0
       1
       0
       0
       0
       2
       0
       1
       0
       0
       0
       2
       1
       1
       0
       0
       0
       0
       1
       1
       0
       0
       0
       0
       0
       0
       1
       0
       0
       1
       1
       0
       1
       0
       3
       0
       0
       0
       0
       1
       3
       2
       1
       0
       2
       0
       0
       2
       0
       0
       1
       0
       0
       0
       1
       0
       1
       1
       0
       2
       1
       2
       0
       3
       0
       3
       0
       5
       0
       1
       1
       0
       2
       0
       1
       0
       1
       0
       0
       0
       2
       1
       0
       0
       0
       1
       1
       0
       0
       0
       1
       0
       0
       1
       0
       1
       1
       1
       1
       0
       1
       0
       0
       1
       0
       0
       1
       0
       0
       0
       0
       1
       0
       1
       1
       0
       0
       1
       1
       0
       0
       1
       1
       0
       2
       0
       1
       0
       0
       0
       0
       0
       0
       1
       0
       0
       1
       1
       1
       1
       1
       1
       0
       0
       0
       0
       0
       1
       2
       1
       0
       0
       1
       0
       2
       0
       1
       0
       2
       1
       0
       1
       1
       2
       0
       0
       0
       0
       0
       0
       0
       0
       1
       1
       3
       1
       1
       1
       0
       0
       0
       0
       0
       0
       0
       0
       0
       0
       0
       0
       1
       1
       0
       0
       0
       0
       0
       0
       1
       1
       2
       0
       0
       1
       0
       0
       0
       0
       0
       1
       0
       0
       0
       0
       2
       1
       1
       1
       0
       0
       0
       0
       0
       0
       0
       1
       1
       1
       0
       0
       2
       1
       2
       1
       0
       1
       0
       1
       0
       1
       1
       0
       1
       2
       0
       1
       0
       0
       0
       0
       1
       3
       3
       0
       3
       4
       1
       0
       1
       3
       4
       3
       9
       7
      19
      28
      30
      39
      56
      53
      66
      59
      53
      50
      34
      29
      19
      12
      10
       5
       3
       2
       2
       2
       0
       0
       0
       0
       0
       0
       0
       0
       0
       0
       1
       1
       0
       1
       0
       0
       0
       0
       0
       0
       0
       1
       1
       0
       2
       1
       1
       0
       0
       0
       0
       1
       0
       1
       0
       0
       0
       1
       0
       0
       2
       0
       1
       0
       0
       0
       0
       0
       0
       0
       0
       0
       1
       0
       0
       0
       0
       0
       0
       0
       0
       0
       0
       0
       0
       0
       0
       2
       1
       0
       1
       0
       1
       1
       2
       0
       0
       1
       0
       0
       0
       0
       0
       0
       0
       1
       1
       0
       2
       0
       0
       1
       1
       0
       1
       1
       1
       0
       1
       0
       0
       0
       0
       1
       0
       0
       0
       0
       0
       0
       1
       1
       1
       0
       1
       0
       0
       0
       1
       1
       1
       0
       0
       1
       0
       1
       1
       1
       0
       0
       0
       0
       0
       1
       0
       0
       0
       0
       0
       3
       0
       1
       0
       0
       1
       0
       0
       1
       0
       0
       1
       0
       1
       0
       0
       1
       0
       0
       0
       0
       0
       0
       1
       0
       0
       1
       1
       0
       0
       1
       2
       1
       0
       0
       2
       1
       0
       2
       1
       0
       0
       1
       1
       1
       0
       0
       1
       0
       0
       0
       1
       0
       1
       1
       1
       2
       1
       0
       0
       1
       0
       0
       0
       1
       0
       1
       0
       0
       0
       0
       0
       1
       0
       0
       0
       0
       1
       0
       0
       0
       1
       0
       0
       1
       0
       1
       2
       0
       0
       0
       0
       0
       1
       0
       1
       2
       0
       0
       0
       1
       0
       0
       0
       0
       2
       1
       1
       1
       0
       0
       0
       0
       0
       1
       0
       0
       0
       0
       0
       0
       0
       0
       0
       0
       0
       0
       1
       0
       1
       1
       0
       0
       0
       0
       1
       0
       1
       0
       0
       0
       0
       0
       0
       0
       0
       0
       1
       0
       2
       0
       3
       0
       3
       0
       1
       0
       1
       0
       0
       1
       0
       0
       0
       0
       0
       1
       0
       0
       0
       1
       0
       0
       0
       0
       0
       0
       0
       0
       1
       0
       0
       1
       1
       0
       2
       1
       0
       0
       0
       0
       1
       0
       0
       0
       1
       0
       0
       1
       1
       0
       1
       0
       0
       0
       0
       0
       0
       2
       1
       0
       0
       0
       0
       1
       0
       1
       0
       0
       0
       0
       0
       0
       0
       0
       1
       0
       0
       0
       0
       1
       0
       0
       0
       0
       0
       0
       0
       0
       1
       0
       0
       0
       0
       0
       0
       0
       1
       1
       0
       1
       0
       0
       0
       0
       0
       0
       0
       0
       0
       0
       2
       0
       0
       0
       0
       0
       0
       1
       0
       0
       0
       0
       0
       0
       0
       0
       0
       0
       1
       0
       0
       0
       1
       0
       0
       1
       0
       0
       2
       1
       0
       0
       1
       0
       0
       1
       1
       0
       0
       0
       0
       0
       0
       0
       1
       1
       0
       0
       1
       0
       0
       1
       0
       2
       1
       0
       0
       0
       1
       0
       0
       2
       0
       0
       1
       0
       0
       0
       1
       0
       0
       0
       1
       1
       0
       0
       0
       0
       0
       0
       1
       0
       1
       1
       0
       0
       2
       0
       0
       1
       0
       0
       1
       0
       0
       0
       0
       1
       0
       0
       0
       0
       1
       1
       1
       0
       0
       1
       0
       0
       0
       1
       0
       0
       1
       0
       2
       0
       0
       0
       0
       1
       0
       0
       0
       3
       0
       0
       1
       0
       2
       0
       0
       1
       0
       0
       0
       0
       0
       1
       0
       0
       0
       2
       0
       0
       1
       0
       0
       0
       0
       1
       1
       0
       0
       0
       0
       0
       0
       0
       0
       0
       0
       1
       0
       0
       1
       0
       0
       0
       1
       0
       1
       0
       0
       0
       0
       0
       0
       0
       0
       0
       0
       1
       0
       1
       0
       0
       0
       1
       0
       1
       0
       0
       0
       0
       0
       1
       0
       1
       1
       0
       0
       0
       0
       1
       1
       0
       1
       1
       0
       1
       2
       0
       0
       1
       0
       0
       1
       0
       0
       2
       0
       0
       0
       0
       0
       0
       0
       2
       0
       0
       0
       1
       0
       0
       0
       0
       1
       1
       1
       0
       0
       1
       0
       0
       1
       1
       0
       0
       0
       0
       0
       0
       1
       0
       0
       0
       0
       1
       0
       1
       1
       1
       0
       1
       0
       0
       0
       1
       0
       0
       0
       1
       0
       0
       0
       0
       0
       0
       0
       1
       0
       0
       1
       0
       0
       0
       0
       0
       0
       0
       0
       0
       0
       0
       1
       0
       1
       0
       0
       0
       0
       0
       0
       0
       0
       0
       0
       0
       0
       0
       0
       0
       1
       0
       1
       1
       0
       0
       0
       1
       0
       0
       0
       0
       0
       0
       0
       0
       0
       0
       0
       0
       0
       0
       1
       0
       0
       1
       0
       0
       1
       0
       0
       0
       0
       1
       1
       0
       0
       0
       0
       0
       0
       0
       0
       0
       1
       0
       0
       0
       0
       0
       1
       0
       0
       1
       0
       0
       1
       0
       1
       2
       0
       0
       0
       2
       1
       0
       0
       0
       0
       0
       0
       0
       0
       0
       0
       0
       1
       0
       1
       0
       0
       0
       0
       0
       2
       1
       0
       0
       0
       0
       0
       0
       0
       0
       0
       1
       0
       0
       0
       0
       0
       0
       0
       0
       0
       0
       0
       0
       0
       0
       0
       0
       0
       0
       1
       0
       0
       0
       0
       0
       0
       0
       0
       0
       0
       0
       0
       0
       2
       0
       0
       0
       0
       0
       0
       0
       1
       0
       0
       1
       0
       0
       0
       0
       0
       1
       1
       0
       1
       0
       0
       0
       0
       0
       0
       0
       0
       0
       2
       1
       0
       0
       0
       0
       0
       0
       0
       0
       0
       0
       1
       0
       0
       0
       2
       0
       0
       1
       0
       0
       0
       0
       0
       0
       0
       0
       0
       0
       0
       1
       0
       0
       0
       0
       1
       2
       0
       1
       0
       0
       0
       1
       1
       0
       0
       0
       0
       0
       1
       0
       0
       0
       0
       0
       0
       0
       0
       0
       1
       0
       0
       0
       0
       0
       0
       0
       0
       0
       0
       0
       1
       1
       0
       0
       0
       0
       0
       0
       0
       1
       0
       0
       0
       0
       0
       0
       0
       0
       0
       0
       0
       0
       0
       0
       0
       0
       0
       0
       3
       0
       0
       0
       0
       0
       0
       0
       1
       0
       0
       0
       0
       1
       0
       0
       0
       0
       0
       0
       0
       0
       0
       0
       0
       0
       0
       0
       0
       0
       0
       0
       0
       1
       0
       0
       0
       0
       0
       0
       0
       0
       0
       0
       0
       0
       1
       0
       0
       1
       0
       0
       0
       0
       0
       0
       0
       0
       0
       1
       0
       0
       0
       1
       3
       1
       1
       1
       2
       0
       1
       0
       1
       0
       1
       1
       1
       0
       0
       0
       1
       0
       0
       0
       0
       1
       0
       0
       0
       0
       0
       0
       0
       0
       0
       0
       0
       0
       0
       0
       1
       0
       2
       0
       0
       0
       0
       0
       0
       0
       0
       0
       0
       0
       0
       0
       0
       0
       1
       0
       0
       0
       0
       0
       0
       0
       0
       0
       0
       0
       0
       0
       0
       0
       0
       0
       1
       0
       1
       0
       0
       0
       0
       0
       0
       0
       0
       2
       0
       0
       0
       0
       0
       0
       0
       0
       0
       0
       0
       0
       0
       0
       0
       1
       0
       0
       0
       0
       0
       1
       0
       0
       0
       0
       0
       0
       1
       1
       0
       0
       0
       0
       0
       1
       2
       0
       0
       0
       0
       0
       0
       1
       0
       0
       1
       1
       0
       1
       5
       3
       2
       6
       5
       8
       5
       5
       6
       4
       5
       2
       2
       2
       1
       0
       1
       0
       1
       1
       0
       0
       0
       0
       1
       0
       0
       0
       0
       0
       0
       0
       0
       0
       0
       0
       0
       0
       1
       0
       0
       0
       1
       0
       0
       0
       0
       0
       0
       0
       0
       0
       0
       0
       1
       0
       0
       0
       0
       0
       0
       0
       1
       0
       0
       0
       0
       0
       0
       0
       0
       0
       0
       0
       0
       0
       0
       0
       0
       0
       1
       0
       0
       0
       0
       0
       0
       0
       0
       0
       0
       0
       0
       1
       0
       0
       0
       0
       0
       0
       0
       0
       0
       1
       0
       1
       1
       0
       0
       0
       0
       0
       0
       0
       0
       0
       1
       0
       1
       1
       1
       0
       0
       0
       0
       0
       0
       1
       0
       0
       1
       0
       0
       0
       0
       0
       0
       0
       0
       0
       0
       0
       0
       1
       0
       0
       0
       0
       0
       1
       0
       1
       0
       1
       0
       0
       0
       0
       1
       0
       0
       0
       0
       0
       1
       0
       0
       0
       0
       0
       2
       1
       0
       1
       0
       0
       0
       0
       0
       0
       0
       0
       0
       0
       0
       0
       0
       0
       0
       0
       0
       0
       0
       0
       0
       0
       0
       0
       0
       0
       0
       0
       0
       1
       1
       0
       0
       0
       0
       0
       0
       1
       0
       0
       0
       0
       0
       0
       0
       0
       0
       0
       0
       0
       0
       0
       0
       0
       0
       1
       0
       0
       0
       0
       0
       0
       0
       0
       0
       0
       0
       0
       0
       1
       0
       1
       0
       0
       0
       0
       0
       0
       0
       0
       0
       0
       0
       1
       0
       1
       0
       0
       0
       0
       0
       0
       0
       0
       0
       1
       0
       0
       0
       0
       0
       0
       0
       1
       0
       0
       0
       0
       0
       0
       0
       0
       0
       0
       0
       0
       0
       0
       1
       0
       0
       2
       0
       0
       0
       0
       0
       0
       1
       0
       0
       0
       0
       0
       0
       0
       0
       0
       0
       2
       0
       0
       0
       0
       0
       0
       0
       0
       0
       0
       1
       0
       0
       0
       0
       0
       1
       0
       0
       0
       1
       0
       0
       0
       0
       1
       0
       0
       0
       0
       0
       0
       0
       0
       0
       0
       0
       0
       0
       1
       0
       0
       0
       0
       1
       0
       0
       0
       0
       0
       0
       0
       0
       0
       0
       1
       0
       0
       0
       3
       0
       0
       0
       1
       1
       0
       0
       0
       0
       0
       0
       1
       0
       0
       0
       0
       0
       0
       0
       0
       0
       0
       0
       0
       0
       1
       1
       0
       0
       0
       0
       0
       0
       0
       0
       0
       0
       0
       1
       0
       0
       1
       0
       0
       0
       1
       0
       1
       0
       0
       0
       0
       0
       0
       0
       0
       0
       0
       1
       1
       1
       0
       0
       0
       0
       1
       0
       0
       0
       0
       0
       0
       0
       0
       0
       0
       0
       1
       0
       0
       0
       0
       0
       0
       1
       0
       1
       0
       0
       0
       0
       0
       1
       0
       0
       0
       0
       0
       0
       1
       0
       0
       1
       0
       0
       0
       0
       1
       0
       0
       0
       0
       0
       0
       1
       0
       0
       0
       1
       0
       0
       1
       0
       0
       0
       0
       1
       1
       0
       0
       0
       0
       0
       0
       0
       0
       0
       0
       0
       0
       0
       0
       0
       0
       1
       0
       1
       0
       0
       0
       0
       1
       0
       1
       0
       0
       1
       0
       0
       0
       0
       0
       0
       0
       0
       1
       0
       1
       0
       1
       0
       0
       0
       0
       0
       0
       1
       0
       0
       0
       0
       0
       1
       0
       0
       0
       0
       0
       2
       1
       0
       0
       1
       0
       0
       0
       0
       0
       1
       0
       0
       0
       0
       0
       0
       0
       1
       0
       0
       0
       0
       1
       0
       0
       0
       0
       0
       0
       0
       0
       0
       0
       0
       0
       0
       0
       0
       0
       1
       0
       0
       0
       0
       0
       0
       1
       0
       0
       0
       1
       0
       0
       1
       0
       1
       1
       0
       0
       0
       0
       1
       0
       0
       0
       0
       1
       0
       0
       0
       0
       0
       0
       0
       0
       0
       0
       0
       0
       0
       0
       0
       0
       0
       0
       0
       2
       0
       0
       0
       1
       0
       0
       0
       0
       0
       0
       1
       0
       0
       0
       0
       0
       0
       0
       0
       0
       0
       0
       0
       0
       0
       0
       0
       0
       0
       0
       0
       0
       1
       1
       2
       0
       0
       2
       1
       0
       0
       0
       0
       1
       0
       1
       0
       1
       0
       0
       0
       0
       0
       0
       0
       0
       0
       0
       0
       0
       0
       1
       0
       0
       1
       1
       1
       0
       0
       0
       0
       0
       0
       0
       0
       1
       1
       0
       1
       0
       0
       0
       1
       0
       0
       0
       0
       0
       0
       0
       0
       0
       0
       0
       0
       1
       1
       0
       0
       0
       0
       0
       2
       0
       0
       0
       0
       0
       0
       0
       0
       0
       0
       1
       0
       0
       1
       0
       0
       0
       0
       0
       0
       0
       0
       0
       0
       0
       0
       1
       0
       0
       0
       1
       0
       0
       0
       3
       0
       0
       0
       0
       0
       0
       0
       0
       0
       0
       0
       0
       0
       0
       0
       0
       0
       0
       0
       0
       1
       0
       0
       0
       0
       0
       0
       0
       0
       0
       0
       1
       1
       0
       0
       0
       0
       0
       0
       0
       0
       0
       0
       0
       0
       0
       0
       0
       1
       1
       1
       0
       0
       1
       0
       0
       0
       0
       0
       0
       0
       0
       0
       0
       0
       0
       1
       0
       1
       0
       0
       1
       0
       0
       0
       1
       0
       0
       0
       0
       0
       0
       0
       0
       0
       0
       0
       0
       0
       0
       0
       0
       0
       0
       0
       0
       0
       1
       1
       0
       0
       1
       0
       1
       0
       0
       1
       0
       0
       0
       0
       0
       0
       1
       1
       1
       0
       0
       0
       0
       0
       0
       0
       0
       0
       1
       0
       0
       1
       0
       0
       0
       0
       0
       0
       0
       0
       0
       0
       0
       0
       0
       0
       0
       0
       1
       0
       0
       0
       1
       0
       0
       0
       0
       0
       0
       0
       0
       0
       0
       0
       0
       0
       0
       0
       0
       0
       0
       0
       0
       0
       0
       0
       0
       0
       0
       0
       1
       0
       0
       1
       0
       0
       0
       0
       0
       0
       0
       0
       0
       0
       0
       1
       0
       1
       1
       0
       0
       0
       0
       2
       0
       0
       0
       0
       1
       0
       0
       0
       0
       0
       0
       0
       0
       0
       0
       0
       0
       0
       0
       0
       2
       1
       1
       0
       1
       0
       0
       0
       0
       0
       0
       1
       1
       0
       0
       0
       0
       0
       0
       0
       0
       0
       0
       0
       0
       0
       0
       0
       0
       0
       0
       0
       0
       0
       0
       1
       0
       0
       0
       0
       0
       0
       1
       0
       1
       0
       0
       0
       0
       0
       0
       0
       0
       1
       0
       0
       1
       1
       0
       0
       0
       0
       0
       0
       0
       0
       0
       0
       0
       0
       0
       0
       0
       0
       0
       0
       0
       0
       0
       0
       1
       0
       0
       0
       0
       0
       0
       0
       0
       0
       0
       0
       0
       0
       1
       0
       0
       0
       1
       0
       0
       0
       0
       0
       0
       0
       0
       0
       0
       0
       0
       1
       0
       0
       0
       0
       1
       0
       1
       0
       0
       0
       0
       0
       0
       0
       0
       0
       0
       0
       0
       0
       0
       1
       0
       0
       0
       0
       0
       0
       2
       0
       1
       0
       0
       0
       0
       0
       0
       0
       0
       0
       0
       0
       1
       0
       0
       1
       0
       0
       0
       0
       0
       0
       0
       0
       1
       0
       0
       0
       0
       0
       0
       0
       0
       0
       0
       0
       0
       1
       0
       0
       1
       0
       0
       0
       0
       0
       0
       1
       1
       0
       0
       0
       0
       1
       0
       0
       0
       0
       1
       0
       0
       0
       0
       0
       1
       0
       0
       0
       0
       1
       0
       0
       0
       0
       0
       0
       0
       0
       0
       0
       1
       1
       0
       0
       0
       1
       1
       0
       0
       0
       0
       0
       0
       0
       1
       0
       0
       0
       0
       0
       0
       0
       0
       0
       0
       0
       0
       1
       0
       0
       0
       0
       0
       0
       0
       0
       0
       0
       0
       0
       0
       0
       0
       0
       0
       0
       0
       0
       0
       0
       0
       2
$ROI:
11
224 244
765 907
1350 1411
1828 1908
2525 2667
2716 2799
3716 3817
4331 4427
4564 4622
5085 5259
5690 5768
$PRESETS:
Live Time
600
0
$ENER_FIT:
0.053689 0.255148
$MCA_CAL:
3
5.368913E-002 2.551478E-001 -1.853380E-009 keV
$SHAPE_CAL:
3
6.992400E+000 7.812671E-004 -3.508660E-008
