$SPEC_ID:
No sample description was entered.
$SPEC_REM:
DET# 1
DETDESC# GMX20P4 HPGe
AP# Maestro Version 7.01
$DATE_MEA:
11/27/2018 16:30:14
$MEAS_TIM:
600 603
$DATA:
0 8191
       0
       0
       0
       0
       0
       0
       0
       0
       0
       0
       0
       0
       0
       0
       0
       0
       0
       0
       0
       0
       0
       0
       0
       0
       0
       0
       0
       0
       0
       0
       0
       0
       0
       0
       0
       0
       0
       0
       0
       0
       0
       0
       0
       0
       0
       0
       0
       0
       9
      50
      75
     112
     149
     137
     160
     161
     151
     136
     138
     135
     167
     163
     140
     142
     139
     104
     163
     174
     183
     156
     151
     173
     174
     187
     189
     179
     192
     245
     230
     264
     264
     264
     239
     251
     237
     229
     190
     198
     199
     244
     283
     318
     374
     432
     433
     377
     396
     396
     348
     319
     270
     258
     301
     382
     364
     447
     445
     530
     602
     624
     650
     787
     832
     881
    1207
    1497
    2046
    2345
    2869
    3381
    3522
    3488
    3211
    2788
    2141
    1655
    1071
     780
     534
     502
     447
     481
     559
     719
     835
     908
    1075
    1043
    1019
     926
     853
     638
     486
     384
     268
     174
     170
     128
     130
     104
     120
     121
     102
     103
     114
     103
     115
     118
     107
     116
      97
     102
     102
     120
     111
     107
     115
      94
     124
     130
     118
     122
     109
     126
     113
     130
     133
     128
     133
     130
     166
     126
     139
     140
     120
     146
     137
     111
     129
     131
     124
     128
     135
     141
     129
     159
     175
     144
     139
     148
     162
     192
     155
     194
     225
     260
     273
     305
     298
     281
     312
     225
     235
     208
     164
     158
     167
     140
     164
     151
     171
     170
     179
     175
     190
     176
     178
     180
     171
     208
     176
     212
     198
     200
     204
     224
     211
     233
     226
     229
     250
     217
     258
     222
     262
     269
     277
     277
     274
     282
     258
     314
     262
     289
     304
     305
     334
     308
     287
     286
     268
     294
     290
     332
     318
     302
     304
     301
     291
     315
     321
     322
     280
     280
     329
     328
     306
     327
     259
     294
     281
     310
     296
     269
     281
     265
     287
     305
     264
     259
     269
     260
     263
     271
     271
     239
     286
     261
     275
     264
     289
     272
     247
     271
     277
     279
     312
     340
     421
     552
     700
     946
    1341
    1760
    2155
    2803
    3248
    3357
    3413
    3047
    2483
    2032
    1453
    1011
     643
     412
     291
     202
     169
     158
     163
     165
     161
     147
     157
     179
     141
     157
     159
     164
     159
     136
     168
     138
     165
     135
     181
     174
     148
     155
     163
     160
     164
     152
     147
     150
     172
     153
     164
     161
     139
     156
     170
     146
     156
     164
     150
     160
     158
     162
     143
     163
     146
     170
     152
     150
     142
     158
     134
     166
     154
     160
     154
     164
     155
     152
     141
     178
     143
     137
     153
     163
     173
     157
     136
     138
     168
     155
     171
     160
     180
     163
     149
     168
     150
     153
     164
     154
     143
     161
     153
     150
     151
     159
     163
     141
     173
     154
     132
     137
     153
     159
     165
     147
     154
     150
     138
     151
     152
     148
     144
     156
     173
     150
     126
     164
     150
     148
     153
     144
     143
     131
     180
     165
     165
     145
     139
     157
     147
     132
     138
     153
     148
     152
     183
     147
     166
     153
     160
     158
     181
     137
     166
     139
     142
     144
     174
     141
     156
     181
     145
     152
     151
     143
     139
     157
     131
     137
     136
     135
     133
     144
     147
     161
     135
     146
     137
     142
     154
     145
     147
     134
     137
     163
     151
     147
     159
     131
     137
     150
     135
     125
     128
     117
     149
     145
     134
     143
     152
     118
     138
     145
     142
     136
     142
     151
     138
     149
     135
     135
     128
     156
     156
     158
     137
     134
     155
     133
     130
     146
     148
     157
     125
     153
     172
     124
     148
     142
     130
     140
     117
     139
     139
     139
     141
     175
     152
     146
     146
     141
     137
     169
     138
     152
     148
     144
     140
     138
     160
     151
     139
     146
     140
     145
     142
     133
     150
     150
     139
     145
     134
     142
     157
     157
     129
     155
     155
     163
     163
     158
     143
     160
     164
     152
     156
     173
     149
     188
     161
     172
     157
     170
     154
     146
     153
     148
     132
     150
     170
     149
     146
     135
     148
     130
     161
     165
     146
     161
     145
     144
     160
     150
     127
     166
     138
     172
     124
     147
     148
     160
     142
     148
     157
     148
     168
     166
     161
     200
     175
     188
     219
     174
     185
     173
     165
     180
     137
     147
     167
     148
     152
     140
     142
     134
     122
     145
     156
     132
     125
     151
     135
     130
     139
     140
     117
     130
     141
     149
     139
     149
     137
     127
     155
     136
     145
     106
     146
     128
     135
     150
     132
     129
     134
     114
     123
     113
     145
     127
     142
     131
     121
     124
     143
     134
     136
     146
     146
     100
     144
     128
     101
     149
     142
     128
     126
     111
     141
     108
     123
     114
     130
     123
     120
     119
     144
     122
     110
     133
     130
     130
     138
     122
     132
     122
     139
     106
     139
     124
     139
     131
     111
     121
     125
     135
     131
     133
     124
     126
     131
     138
     136
     135
     136
     130
     108
     131
     138
     132
     137
     118
     107
     116
     137
     128
     129
     122
     113
     128
     112
     135
     109
     119
     100
     113
     127
     139
     111
     124
     117
     126
     121
     115
     124
     113
     118
     108
     147
     109
     116
     120
     127
     112
     139
     111
      99
     127
     123
     136
     106
     111
     134
     109
     107
     130
     126
     110
     112
     112
     123
     125
     100
     110
     110
     114
     108
     105
     107
     118
     135
     108
      94
     124
     119
     115
     119
      97
     124
      78
      96
     119
     103
      88
      92
      95
      90
     114
      94
      92
     101
      97
      90
      97
      97
      94
      95
      98
      76
      77
      89
      99
      78
      81
     105
      67
      92
      82
      69
      78
      62
      77
      88
      90
      85
      88
      88
      83
      75
      80
      82
      69
      79
      70
      89
      73
      75
      87
      88
      76
      69
      77
      89
      79
      68
      90
      87
      74
      66
      58
      73
      80
      89
      79
      93
     102
     116
      98
     101
     104
      90
      87
      80
      77
      81
      55
      70
      57
      62
      64
      72
      63
      67
      55
      76
      55
      59
      77
      74
      52
      59
      65
      67
      60
      72
      68
      75
      54
      71
      60
      67
      67
      67
      56
      86
      63
      75
      60
      65
      83
      74
      65
      60
      73
      83
      55
      50
      58
      57
      57
      54
      61
      57
      70
      60
      72
      64
      73
      77
      62
      65
      62
      61
      54
      64
      60
      42
      52
      55
      61
      62
      52
      60
      54
      72
      60
      53
      48
      57
      53
      57
      47
      53
      46
      41
      46
      50
      45
      44
      44
      42
      40
      55
      45
      44
      44
      54
      40
      60
      41
      42
      46
      44
      52
      49
      52
      37
      42
      35
      60
      53
      39
      43
      39
      54
      48
      36
      39
      30
      52
      41
      45
      42
      51
      44
      39
      38
      36
      54
      39
      37
      50
      49
      36
      47
      33
      35
      33
      41
      47
      37
      43
      34
      37
      40
      35
      38
      43
      59
      37
      45
      36
      38
      40
      34
      45
      26
      47
      31
      38
      33
      36
      43
      19
      30
      35
      36
      37
      37
      44
      39
      36
      40
      39
      45
      50
      35
      29
      35
      36
      31
      35
      27
      36
      23
      34
      39
      47
      40
      47
      33
      41
      24
      22
      34
      47
      37
      53
      82
     101
     132
     197
     276
     307
     388
     398
     418
     383
     348
     279
     226
     176
      96
      50
      52
      43
      43
      29
      30
      34
      30
      27
      18
      34
      33
      34
      35
      29
      31
      35
      17
      28
      37
      28
      33
      33
      33
      29
      27
      31
      38
      29
      30
      27
      24
      36
      31
      15
      27
      31
      40
      29
      24
      25
      26
      27
      33
      27
      29
      24
      29
      28
      27
      31
      37
      27
      18
      34
      25
      35
      33
      31
      29
      19
      31
      35
      36
      36
      37
      55
      47
      57
      41
      27
      37
      27
      33
      31
      26
      31
      32
      38
      48
      24
      19
      24
      22
      42
      37
      42
      56
      85
     121
     213
     309
     453
     634
     749
     897
     951
     959
     812
     671
     517
     376
     238
     183
      95
      56
      33
      36
      30
      25
      29
      30
      29
      24
      21
      27
      18
      25
      28
      27
      29
      21
      23
      29
      17
      19
      23
      19
      17
      21
      29
      23
      24
      27
      21
      24
      25
      20
      18
      26
      24
      18
      23
      21
      22
      26
      28
      26
      21
      31
      21
      28
      20
      21
      19
      18
      25
      16
      27
      32
      19
      13
      18
      21
      27
      18
      27
      17
      24
      19
      24
      18
      20
      18
      21
      23
      28
      19
      15
      23
      21
      21
      20
      19
      30
      27
      21
      17
      26
      26
      19
      15
      23
      25
      24
      17
      19
      18
      19
      20
      12
      21
      15
      22
      23
      19
      21
      18
      15
      29
      29
      17
      28
      17
      23
      26
      28
      32
      27
      19
      13
      30
      22
      18
      21
      28
      23
      29
      22
      21
      15
      23
      26
      19
      22
      28
      18
      27
      24
      26
      23
      14
      21
      20
      22
      13
      27
      20
      30
      19
      23
      15
      26
      13
      19
      17
      21
      26
      28
      23
      15
      22
      21
      27
      26
      28
      19
      22
      20
      25
      21
      13
      19
      24
      16
      18
      22
      14
      20
      20
      20
      29
      28
      25
      29
      33
      42
      39
      44
      50
      35
      39
      36
      65
      71
     123
     216
     321
     569
     843
    1261
    1579
    2030
    2405
    2546
    2567
    2331
    1939
    1556
    1119
     755
     460
     243
     155
      85
      36
      21
      10
      13
       7
      11
       8
      11
      10
      10
       2
      10
       9
       7
      12
      13
      12
      10
      10
      12
       6
      11
       9
       8
       7
       7
      15
      10
      12
      10
       8
      16
       7
      13
       8
       9
       8
       8
       9
       8
      10
       7
       8
      11
      11
       8
      14
       5
       9
      14
       6
      11
       9
      12
       5
      11
       4
       9
       8
       6
      13
       9
      12
      11
      12
      13
      11
      14
       4
       5
       8
       8
      13
       6
       7
      14
       7
      13
       5
      11
       6
      17
      13
      13
       5
      12
      13
      17
      12
      19
      36
      49
      65
     119
     176
     213
     298
     308
     357
     372
     291
     287
     208
     182
     116
      59
      47
      23
      22
       9
      17
      15
      14
      11
       8
       9
      10
      11
       3
      10
      11
       8
      13
       9
       7
       5
       5
      11
      10
       8
      13
      11
       6
      14
       9
       6
      10
       9
      10
      16
       8
       8
       8
      11
      12
       2
       6
      15
       5
       3
       8
       8
      11
      10
       9
       9
       6
       7
       9
       8
      12
       9
       3
       8
       7
       4
       8
       2
       8
       8
       6
      11
       8
       9
       5
      14
       5
       8
       7
       5
       6
       8
       8
       5
       8
       7
      11
       5
       3
       4
       6
       5
       6
       5
       7
       3
       9
       8
      10
      11
      16
      10
      11
       6
       7
      12
       9
       8
       7
       5
      10
      10
       5
       8
      11
       9
       8
      14
      10
       4
       8
       7
       5
      11
      12
       6
       8
       7
       6
       8
       4
       8
       6
       7
       4
       8
      10
      12
       9
       5
       6
      11
       5
       6
      18
       7
       9
       3
       5
       8
       8
      12
       2
      11
       6
       7
      10
       8
       7
      17
      10
       1
       9
       4
       7
       8
       5
       9
      11
       5
       7
      10
       5
      10
       5
      11
       4
       6
       8
      12
       8
      10
       7
       9
       8
       8
       8
       9
       7
       3
       8
       5
       5
       9
       2
      10
       7
       5
      11
       7
       4
       7
       7
      12
      10
      11
       7
      10
      13
      13
       4
       8
       5
       7
       8
       7
       9
       6
       4
       8
       3
       5
       9
       5
       6
       4
       9
       4
       5
       4
       4
       7
       1
       6
       6
       5
       8
       6
       7
       8
      13
       4
       9
       8
       5
       6
       8
       7
       5
       9
      13
      10
      11
       5
       6
       1
       8
       7
       7
       3
      12
       7
       5
       4
       5
       4
       9
       8
       6
       4
       5
       3
       7
       4
       5
      12
       9
       5
       4
       9
       6
       6
       6
      10
       5
       6
       8
       5
      12
       6
       6
       8
       6
       4
       5
       4
      11
       3
       8
       1
       3
       3
      12
       5
      11
       4
       8
       9
      13
       4
      14
       8
       6
       4
       6
       5
       4
       3
       5
       8
       9
       9
       7
       5
       4
       3
       6
       4
       8
      10
       7
       6
       5
       7
       5
       8
       5
       5
       7
       2
      11
       6
       3
       3
       9
       8
       4
       5
       4
       7
       5
       9
       7
       7
       6
       2
       7
       5
       1
       2
       4
       4
       7
       9
       4
       5
       8
       6
       5
      12
       5
       4
       5
       6
       5
      11
       8
       5
       7
       6
       5
      13
       8
      10
       2
       8
       5
       5
       5
       3
       7
       3
       5
       4
       4
       3
       5
       7
       8
       4
       6
       7
       4
       6
       5
       8
       7
       1
       7
       8
       3
       9
       4
       5
       8
       2
       6
       8
       7
       8
       8
       3
       5
      12
       4
       5
       6
       5
       4
       7
       4
       3
       5
       3
       1
       8
       5
       8
       4
       6
       6
       4
       6
       8
       2
       4
       7
       9
       8
       5
       7
       2
       5
       4
       4
       4
       6
       2
       4
       8
       6
       3
       9
       4
       4
       5
       4
       4
       3
       5
       3
       2
      11
       6
       4
       3
       6
       7
       3
       5
       2
       2
       6
       6
       5
       6
       6
       4
       8
       7
       6
      12
       7
       6
       6
      10
       9
      10
       7
       7
       7
      11
       9
       4
      12
       8
       9
       3
       4
       6
       7
       4
       5
       4
       3
       6
       9
       4
       2
       4
       0
       6
       3
       6
       7
       3
       9
       4
       2
       8
       3
       3
      10
       4
       2
       4
       8
       4
       2
       8
       4
       8
       4
       7
       5
       7
       4
      11
       5
       2
       3
      11
      10
       4
       3
       5
       7
       2
       4
       3
       5
       7
       2
       3
       2
       4
       4
       5
       7
       3
       3
       1
       7
       1
       3
       6
       5
       4
       3
       4
       6
       2
       7
       7
       6
       4
       4
       9
       3
       6
       6
      10
       3
       5
       5
       4
       6
       4
       8
       5
       6
       3
       6
       3
       3
       3
       2
       3
       7
       7
       4
       5
       5
       4
       5
       4
       6
       3
       3
       2
       6
       5
       3
       4
      13
       2
       9
       1
       9
       6
       8
       4
       6
       1
       2
       3
       5
       7
       2
       7
       3
       9
       1
       5
       3
       7
       8
       2
       1
       1
       5
       5
       8
       6
       7
       9
       6
       5
       3
       3
       7
       5
       2
       5
       3
       3
       4
       8
       4
       0
       3
       3
       5
       4
       6
       5
       3
       5
       7
       6
       4
       3
       3
       2
       4
       7
       1
       3
       2
       7
       7
       5
       4
       5
       3
       5
       5
       5
       5
       4
       4
       6
       6
       4
       5
       3
       6
       4
       7
       3
       4
       4
       3
       4
       1
       1
       3
       6
       2
       3
       4
       6
       8
       2
       3
       4
       3
       1
       4
       1
       3
       7
       5
       8
       2
       5
       8
       9
       9
       6
       6
       3
       1
       9
       9
      10
       3
       1
       6
       4
       5
       1
       4
       5
       4
       9
       4
       5
       3
       3
       4
       2
       3
       5
       7
       6
       3
       4
       4
       3
       5
       2
       1
       5
       5
      12
       7
       9
       9
      17
      16
      15
      17
      10
       5
       2
       9
       4
       7
       2
       6
       2
       4
       5
       4
       5
       1
       5
       5
       6
       4
       2
       4
       3
       2
       8
       1
       5
       4
       8
       2
       5
       5
       4
       4
       1
       3
       5
       4
       1
       4
       4
       6
       3
       2
       5
       5
       1
       4
       4
       4
       2
       1
       2
       2
       4
       3
       3
       5
       3
       4
       1
       5
       3
       4
      10
       2
       5
       1
       2
       2
       0
       5
       6
       1
       4
       1
       3
       5
       5
       6
       4
       5
       1
       2
       7
       4
       4
       3
       4
       4
       3
       5
       3
       3
       6
      12
      14
      16
      22
      32
      32
      24
      26
      21
      23
      22
      10
       7
       6
       7
       5
       3
      10
       0
       4
       3
       3
       0
       3
       7
       1
       2
       3
       4
       4
       2
       3
       1
       3
       5
       5
       5
       3
       1
       1
       4
       3
       2
       4
       3
       1
       5
       6
       4
       4
       1
       0
       1
       2
       7
       5
       6
       3
       1
      12
       5
       4
       5
       3
       2
       2
       2
       8
       3
       1
       4
       4
       2
       2
       7
       4
       4
       6
       4
       4
       3
       4
       3
       4
       3
       1
       2
       4
       5
       4
       2
       2
       1
       3
       0
       4
       1
       4
       1
       2
       4
       3
       1
       2
       2
       4
       4
       2
       1
       6
       4
       3
       3
       2
       3
       6
       5
       3
       2
       3
       4
       3
       2
       2
       1
       3
       4
       1
       1
       0
       8
       4
       1
       3
       2
       3
       4
       1
       6
       3
       3
       3
       0
       6
       3
       2
       2
       1
       6
       5
       3
       4
       4
       4
       4
       3
       6
       1
       1
       2
       3
       3
       3
       5
       2
       3
       4
       2
       4
       4
       2
       4
       5
       5
       1
       3
       1
       3
       4
       5
       2
       3
       1
       0
       0
       4
       3
       6
       4
       3
       5
       4
       1
       2
       5
       3
       3
       4
       8
       1
       3
       0
      11
       7
       7
      10
      15
      16
      18
      18
      29
      12
      31
      18
      22
      20
      20
      10
       4
       4
       7
       6
       8
       2
       4
       4
       3
       4
       4
       2
       1
       3
       6
       5
       3
       4
       3
       2
       5
       7
       1
       5
       2
       3
       0
       0
       2
       5
       3
       3
       6
       2
       3
       3
       2
       4
       2
       1
       4
       6
       2
       4
       3
       5
       6
       8
       2
       2
       3
       3
       2
       0
       1
       2
       4
       6
       2
       3
       1
       4
       3
       2
       0
       2
       3
       1
       1
       1
       1
       1
       0
       3
       1
       4
       2
       5
       3
       3
       3
       2
       4
       5
       5
       2
       2
       5
       4
       3
       3
       2
       4
       0
       4
       5
       3
       3
       1
       3
       3
       0
       3
       3
       2
       1
       3
       1
       3
       4
       3
       1
       1
       3
       4
       4
       3
       7
       5
       0
       2
       2
       2
       4
       2
       3
       0
       3
       1
       4
       7
       0
       9
       0
       1
       4
       4
       3
       1
       3
       2
       3
       4
       1
       1
       1
       3
       4
       5
       1
       2
       0
       5
       5
       5
       2
       2
       2
       3
       4
       3
       2
       4
       3
       1
       1
       5
       2
       2
       2
       1
       0
       3
       2
       0
       1
       4
       2
       1
       3
       3
       1
       4
       2
       4
       3
       0
       2
       2
       2
       3
       3
       1
       2
       3
       4
       2
       1
       1
       4
       0
       1
       1
       4
       2
       5
       1
       3
       6
       0
       2
       3
       3
       4
       3
       2
       3
       2
       4
       5
       2
       2
       1
       2
       4
       4
       2
       3
       1
       4
       3
       2
       3
       3
       3
       1
       1
       5
       0
       3
       0
       3
       2
       2
       0
       3
       2
       3
       2
       4
       4
       1
      11
       6
       2
       3
       2
       3
       5
       4
       0
       0
       3
       2
       3
       2
       3
       0
       5
       2
       3
       5
       1
       3
       3
       4
       4
       0
       6
       2
       2
       2
       0
       6
       3
       2
       2
       2
       2
       2
       5
       3
       3
       2
       2
       1
       2
       3
       4
       5
       2
       4
       1
       1
       2
       4
       4
       6
       5
       5
       1
       2
       3
       3
       4
       4
       3
       3
       3
       0
       5
       1
       1
       4
       1
       6
       2
       2
       2
       2
       3
       1
       3
       4
       0
       2
       2
       2
       6
       3
       0
       3
       1
       3
       2
       2
       4
       2
       2
       3
       2
       4
       4
       1
       5
       1
       3
       4
       3
       4
       1
       2
       0
       2
       0
       3
       4
       5
       1
       4
       5
       4
       4
       3
       1
       3
       4
       3
       3
       3
       2
       2
       3
       2
       7
       3
       4
       4
       4
       1
       2
       4
       2
       4
       2
       3
       1
       0
       1
       2
       2
       4
       2
       3
       0
       1
       2
       4
       1
       7
       4
       6
       8
       5
       5
       4
       8
       6
       3
       5
       0
       2
       4
       3
       2
       2
       6
       5
       3
       3
       5
       6
       3
       5
       3
       2
       1
       1
       0
       3
       2
       2
       5
       3
       5
       3
       2
       2
       2
       5
       2
       3
       4
       0
       0
       4
       0
       4
       1
       2
       3
       1
       2
       2
       1
       3
       1
       3
       4
       1
       0
       2
       3
       5
       1
       1
       4
       0
       5
       1
       3
       7
       2
       2
       1
       3
       1
       1
       1
       1
       4
       3
       2
       3
       2
       0
       3
       4
       3
       2
       4
       7
       2
       4
       1
       3
       4
       2
       2
       3
       2
       2
       7
       3
       2
       3
       9
       3
       3
       2
       5
       1
       1
       5
       2
       1
       2
       6
       3
       1
       2
       1
       0
       4
       2
       1
       2
       3
       0
       2
       2
       2
       4
       2
       2
       2
       1
       0
       2
       2
       1
       1
       0
       3
       2
       3
       0
       1
       1
       0
       6
       3
       2
       2
       3
       2
       0
       2
       2
       4
       2
       0
       2
       3
       2
       2
       2
       3
       5
       2
       0
       2
       4
       1
       1
       2
       3
       4
       2
       3
       3
       5
       3
       1
       1
       3
       2
       1
       3
       2
       4
       1
       4
       3
       6
       1
       4
       1
       3
       0
       4
       2
       3
       1
       0
       2
       1
       1
       1
       5
       0
       0
       2
       0
       2
       1
       2
       3
       3
       0
       2
       4
       0
       2
       1
       3
       4
       3
       2
       3
       2
       2
       3
       3
       1
       3
       2
       3
       7
       3
       4
       0
       2
       5
       2
       4
       2
       6
       2
       3
       3
       2
       3
       3
       3
       2
       3
       3
       1
       2
       0
       2
       0
       6
       0
       3
       1
       1
       2
       5
       4
       0
       0
       0
       0
       0
       2
       0
       1
       0
       2
       2
       5
       2
       4
       1
       0
       0
       4
       3
       3
       1
       4
       2
       3
       0
       2
       2
       4
       1
       1
       4
       3
       0
       1
       2
       2
       3
       1
       3
       4
       2
       2
       2
       3
       2
       2
       0
       1
       6
       2
       1
       3
       2
       5
       1
       1
       0
       1
       2
       2
       1
       3
       1
       4
       1
       2
       1
       1
       1
       1
       1
       3
       1
       4
       0
       1
       5
       0
       3
       5
       1
       2
       2
       6
       3
       3
       1
       4
       2
       3
       1
       3
       2
       6
       4
       5
       2
       1
       1
       3
       2
       0
       1
       4
       1
       3
       1
       1
       4
       0
       1
       3
       3
       1
       5
       0
       1
       3
       2
       0
       3
       0
       2
       1
       1
       3
       0
       0
       1
       3
       1
       2
       1
       2
       0
       2
       1
       6
       3
       1
       2
       0
       1
       0
       2
       2
       4
       1
       1
       3
       2
       1
       0
       1
       2
       3
       0
       2
       0
       3
       3
       1
       1
       3
       2
       0
       4
       2
       1
       2
       2
       2
       4
       3
       3
       4
       3
       1
       1
       0
       2
       0
       2
       2
       2
       3
       3
       2
       4
       3
       1
       3
       4
       4
       2
       0
       1
       5
       3
       1
       0
       1
       2
       1
       2
       0
       1
       0
       2
       3
       1
       2
       1
       2
       3
       1
       5
       1
       1
       4
       2
       2
       1
       0
       2
       3
       1
       2
       4
       2
       2
       0
       3
       2
       2
       4
       2
       4
       0
       4
       1
       3
       3
       1
       1
       0
       0
       2
       2
       1
       0
       4
       2
       3
       4
       2
       2
       1
       2
       2
       4
       1
       3
       3
       3
       0
       1
       2
       4
       3
       1
       0
       3
       0
       2
       2
       0
       3
       4
       4
       0
       6
       5
       4
       7
       7
       5
       8
      14
      11
       6
      10
      10
       4
       5
       4
       6
       2
       4
       4
       2
       1
       2
       4
       2
       0
       1
       2
       2
       5
       1
       2
       1
       1
       2
       1
       0
       1
       1
       0
       2
       2
       1
       0
       1
       2
       1
       6
       2
       1
       0
       2
       4
       3
       3
       0
       1
       3
       2
       1
       1
       2
       2
       2
       1
       1
       3
       0
       1
       3
       4
       3
       0
       0
       2
       2
       1
       2
       0
       3
       3
       1
       2
       1
       2
       4
       0
       1
       2
       7
       3
       0
       4
       0
       2
       1
       2
       4
       0
       3
       3
       7
       1
       3
       2
       1
       3
       3
       5
       0
       1
       0
       2
       2
       3
       2
       2
       1
       5
       2
       0
       1
       1
       1
       0
       5
       1
       0
       1
       3
       2
       0
       3
       3
       3
       0
       2
       3
       1
       0
       3
       0
       1
       0
       1
       2
       1
       0
       0
       0
       1
       1
       3
       1
       2
       3
       0
       1
       1
       2
       3
       2
       0
       3
       0
       0
       2
       1
       2
       3
       4
       1
       3
       1
       2
       0
       4
       1
       4
       1
       2
       0
       2
       1
       4
       2
       2
       1
       1
       5
       1
       0
       1
       2
       1
       2
       2
       2
       4
       2
       0
       0
       0
       3
       2
       0
       4
       3
       3
       1
       1
       1
       1
       3
       2
       2
       4
       3
       3
       2
       2
       3
       2
       3
       4
       3
       3
       1
       2
       1
       0
       4
       5
       5
       3
       8
       4
       3
       7
       1
       2
       5
       2
       3
       1
       0
       0
       0
       3
       3
       4
       1
       0
       2
       0
       1
       0
       2
       1
       2
       1
       0
       0
       0
       5
       1
       0
       1
       1
       0
       2
       1
       2
       3
       0
       0
       2
       2
       3
       1
       1
       4
       1
       1
       5
       1
       1
       3
       2
       4
       4
       1
       2
       1
       1
       2
       2
       1
       0
       6
       1
       1
       1
       1
       2
       3
       3
       1
       2
       0
       2
       1
       1
       2
       4
       1
       3
       1
       0
       3
       1
       3
       1
       4
       1
       3
       0
       1
       3
       0
       2
       0
       4
       2
       2
       2
       1
       4
       1
       0
       3
       0
       2
       0
       1
       4
       1
       1
       2
       1
       2
       0
       1
       2
       0
       2
       4
       5
       2
       3
       3
       0
       2
       0
       4
       2
       2
       1
       1
       1
       1
       3
       2
       2
       1
       0
       2
       1
       1
       2
       3
       3
       1
       1
       4
       1
       1
       0
       1
       1
       3
       2
       3
       3
       0
       1
       1
       1
       0
       2
       0
       1
       0
       1
       1
       2
       2
       4
       1
       2
       3
       3
       3
       3
       4
       0
       2
       1
       2
       2
       1
       1
       1
       1
       2
       2
       3
       2
       0
       1
       3
       4
       2
       2
       1
       2
       2
       1
       2
       1
       2
       1
       0
       0
       0
       2
       1
       5
       3
       3
       2
       0
       2
       1
       2
       1
       1
       1
       2
       1
       2
       1
       1
       2
       2
       3
       2
       1
       1
       1
       2
       0
       3
       0
       0
       4
       2
       2
       5
       2
       3
       4
       2
       1
       3
       2
       2
       2
       3
       4
       1
       1
       0
       2
       1
       3
       4
       2
       2
       1
       1
       2
       0
       0
       0
       1
       1
       1
       4
       1
       2
       6
       3
       0
       2
       1
       3
       1
       3
       2
       5
       1
       1
       1
       4
       4
       1
       4
       2
       2
       4
       3
       3
       5
       0
       2
       2
       2
       2
       3
       1
       2
       4
       2
       3
       2
       3
       1
       3
       3
       2
       1
       2
       1
       1
       3
       2
       1
       2
       4
       2
       1
       2
       1
       0
       3
       0
       2
       4
       1
       3
       5
       1
       2
       2
       0
       0
       2
       0
       0
       2
       0
       1
       1
       3
       1
       1
       4
       1
       1
       0
       0
       1
       3
       2
       0
       4
       1
       1
       3
       3
       5
       1
       3
       7
       4
       1
       3
       1
       2
       2
       2
       4
       2
       2
       1
       2
       1
       0
       1
       0
       3
       1
       0
       2
       1
       2
       3
       1
       1
       2
       2
       2
       3
       1
       4
       2
       1
       2
       2
       1
       2
       1
       2
       1
       2
       1
       2
       2
       1
       6
       1
       1
       0
       1
       1
       4
       0
       0
       0
       2
       1
       0
       1
       1
       1
       4
       4
       2
       0
       1
       3
       2
       3
       2
       1
       1
       1
       1
       0
       0
       1
       2
       1
       2
       4
       2
       4
       2
       5
       2
       1
       0
       1
       1
       2
       1
       2
       3
       1
       3
       0
       2
       2
       1
       2
       2
       4
       2
       2
       2
       0
       3
       3
       3
       0
       1
       5
       2
       2
       3
       3
       0
       0
       2
       3
       0
       0
       4
       4
       3
       1
       1
       2
       1
       1
       2
       2
       1
       3
       3
       2
       0
       2
       1
       0
       0
       3
       1
       0
       0
       2
       1
       2
       2
       0
       1
       1
       0
       1
       1
       2
       2
       2
       1
       3
       1
       2
       3
       2
       4
       3
       0
       3
       3
       2
       3
       0
       4
       0
       1
       1
       2
       1
       2
       2
       2
       2
       2
       0
       2
       3
       1
       0
       2
       1
       3
       1
       0
       3
       3
       3
       0
       2
       1
       1
       1
       0
       4
       2
       2
       1
       3
       2
       2
       0
       0
       1
       1
       2
       2
       2
       2
       5
       6
       4
       8
       4
      11
       6
       9
       8
       7
       4
       7
       4
       3
       3
       1
       2
       0
       0
       1
       2
       3
       1
       0
       2
       1
       3
       3
       3
       0
       1
       2
       0
       0
       1
       3
       3
       0
       2
       1
       0
       3
       1
       2
       1
       5
       0
       2
       3
       3
       4
       1
       1
       1
       3
       2
       1
       2
       2
       2
       2
       0
       4
       2
       2
       1
       0
       2
       2
       1
       1
       1
       0
       3
       3
       2
       3
       0
       0
       2
       0
       3
       0
       1
       3
       2
       1
       1
       0
       3
       2
       4
       1
       3
       1
       2
       1
       1
       1
       3
       0
       3
       1
       2
       0
       3
       2
       1
       3
       1
       2
       0
       2
       1
       0
       2
       0
       1
       2
       1
       3
       2
       1
       2
       3
       0
       3
       3
       0
       2
       3
       0
       2
       1
       4
       5
       0
       2
       4
       2
       2
       2
       4
       3
       3
       3
       3
       3
       3
       2
       0
       1
       0
       4
       2
       2
       0
       1
       3
       1
       4
       1
       1
       0
       1
       0
       1
       2
       1
       1
       2
       1
       1
       0
       0
       2
       2
       3
       2
       2
       0
       2
       2
       2
       4
       2
       6
       4
       3
       0
       0
       3
       2
       0
       2
       0
       2
       2
       3
       5
       2
       3
       1
       0
       2
       0
       1
       4
       0
       1
       4
       1
       2
       1
       1
       2
       5
       2
       3
       2
       3
       1
       0
       2
       0
       3
       1
       2
       5
       2
       3
       3
       2
       0
       2
       7
       2
       2
       2
       3
       1
       1
       1
       1
       1
       2
       1
       2
       2
       5
       2
       1
       2
       2
       1
       0
       2
       4
       1
       1
       2
       4
       2
       2
       3
       0
       3
       2
       3
       1
       3
       1
       2
       3
       1
       2
       0
       2
       1
       1
       1
       2
       3
       2
       1
       2
       2
       2
       4
       2
       0
       1
       1
       2
       2
       4
       1
       1
       2
       1
       2
       1
       1
       2
       3
       1
       2
       0
       0
       2
       0
       2
       2
       3
       4
       2
       1
       1
       0
       2
       0
       2
       2
       2
       2
       0
       4
       3
       3
       2
       3
       2
       1
       0
       1
       4
       4
       1
       1
       3
       4
       4
       1
       0
       3
       1
       2
       4
       1
       0
       2
       2
       1
       2
       2
       1
       3
       0
       0
       1
       3
       1
       2
       0
       2
       2
       2
       4
       2
       1
       0
       1
       1
       2
       3
       0
       2
       1
       2
       3
       2
       2
       2
       4
       0
       4
       1
       1
       1
       3
       3
       1
       2
       1
       0
       5
       0
       3
       2
       2
       3
       3
       2
       4
       1
       1
       1
       2
       1
       4
       0
       5
       2
       2
       2
       3
       1
       1
       5
       2
       6
       1
       1
       2
       1
       0
       0
       1
       2
       2
       2
       6
       4
       1
       3
       4
       2
       1
       2
       2
       4
       0
       2
       4
       3
       2
       6
       0
       1
       5
       1
       6
       3
       1
       1
       2
       1
       2
       2
       2
       0
       0
       1
       5
       4
       6
       6
       9
      10
       7
       2
       5
       3
       3
       1
       6
       0
       2
       1
       6
       0
       1
       3
       4
       2
       1
       1
       3
       3
       1
       3
       1
       6
       3
       3
       1
       4
       3
       2
       3
       4
       2
       0
       3
       1
       1
       3
       0
       3
       4
       1
       3
       0
       1
       2
       0
       2
       1
       1
       1
       1
       1
       1
       2
       1
       1
       0
       2
       0
       1
       0
       2
       1
       2
       2
       0
       1
       2
       0
       2
       0
       0
       0
       0
       1
       1
       1
       0
       2
       3
       3
       1
       0
       2
       1
       2
       0
       0
       0
       1
       4
       1
       0
       1
       3
       2
       3
       4
       1
       0
       1
       2
       0
       0
       1
       0
       2
       2
       1
       1
       1
       0
       0
       0
       1
       1
       0
       0
       2
       2
       2
       2
       1
       1
       1
       1
       2
       0
       0
       0
       0
       2
       5
       1
       5
       0
       1
       0
       4
       2
       2
       1
       1
       2
       1
       1
       2
       0
       1
       2
       4
       2
       1
       1
       1
       3
       1
       4
       0
       2
       0
       1
       1
       3
       1
       7
       3
       2
       1
       3
       0
       2
       3
       2
       0
       0
       2
       1
       2
       0
       1
       1
       3
       0
       2
       1
       2
       4
       1
       2
       1
       3
       1
       1
       1
       1
       1
       0
       0
       0
       1
       2
       3
       0
       1
       2
       1
       0
       1
       2
       1
       3
       0
       1
       0
       1
       0
       0
       2
       0
       0
       2
       1
       0
       2
       1
       1
       1
       1
       2
       2
       2
       0
       3
       0
       3
       1
       0
       3
       2
       1
       0
       0
       0
       1
       0
       0
       2
       2
       2
       1
       2
       1
       0
       1
       2
       0
       0
       2
       1
       1
       0
       0
       0
       0
       3
       1
       0
       0
       2
       1
       2
       0
       2
       2
       2
       0
       1
       0
       1
       1
       1
       1
       1
       1
       1
       1
       1
       3
       1
       1
       1
       0
       1
       2
       1
       1
       4
       0
       1
       0
       1
       0
       4
       0
       0
       1
       1
       1
       0
       0
       2
       0
       1
       1
       1
       1
       0
       2
       0
       0
       1
       1
       0
       0
       0
       0
       0
       0
       1
       0
       2
       1
       1
       1
       1
       1
       0
       6
       1
       0
       0
       0
       1
       1
       1
       0
       0
       0
       0
       1
       1
       0
       0
       1
       1
       0
       1
       0
       0
       2
       1
       0
       2
       1
       0
       1
       0
       0
       2
       0
       0
       1
       0
       2
       2
       2
       1
       1
       0
       1
       1
       0
       0
       1
       0
       0
       2
       0
       1
       1
       2
       2
       1
       0
       1
       0
       2
       0
       1
       1
       3
       1
       1
       2
       0
       1
       0
       3
       0
       0
       1
       1
       0
       1
       0
       0
       2
       1
       0
       0
       1
       1
       1
       2
       0
       1
       0
       1
       1
       1
       1
       0
       2
       2
       1
       1
       1
       0
       0
       0
       2
       0
       2
       1
       0
       0
       0
       0
       2
       0
       0
       1
       1
       1
       1
       2
       1
       0
       1
       0
       0
       0
       0
       2
       0
       1
       0
       1
       1
       3
       0
       0
       0
       0
       2
       1
       1
       1
       0
       0
       0
       0
       1
       0
       0
       1
       1
       0
       1
       0
       1
       1
       3
       1
       0
       0
       0
       1
       0
       1
       1
       0
       0
       1
       1
       0
       1
       0
       1
       0
       0
       1
       0
       1
       2
       1
       1
       2
       0
       2
       0
       0
       1
       0
       2
       2
       1
       0
       0
       0
       1
       0
       0
       0
       0
       0
       1
       1
       0
       0
       2
       1
       0
       3
       2
       2
       1
       0
       1
       0
       2
       0
       0
       0
       1
       1
       0
       0
       1
       0
       1
       1
       0
       2
       0
       0
       0
       1
       1
       1
       0
       1
       3
       0
       0
       2
       0
       1
       1
       0
       0
       1
       2
       2
       1
       0
       1
       2
       1
       0
       1
       1
       1
       1
       0
       0
       0
       0
       1
       0
       1
       0
       0
       1
       0
       1
       0
       0
       1
       2
       2
       0
       0
       0
       1
       0
       0
       0
       1
       1
       0
       1
       0
       1
       0
       1
       0
       0
       1
       0
       1
       1
       0
       4
       0
       1
       0
       1
       2
       0
       1
       1
       0
       0
       1
       0
       1
       0
       0
       1
       1
       0
       0
       0
       1
       0
       1
       2
       1
       2
       3
       2
       2
       2
       0
       2
       2
       3
       0
       3
       0
       1
       1
       0
       0
       0
       1
       0
       0
       1
       0
       1
       0
       1
       0
       0
       1
       2
       0
       0
       1
       1
       0
       0
       0
       0
       0
       0
       0
       0
       0
       0
       1
       2
       2
       0
       0
       0
       0
       0
       1
       1
       1
       0
       2
       0
       3
       0
       0
       0
       0
       0
       0
       0
       0
       1
       0
       1
       1
       2
       0
       0
       1
       1
       0
       0
       0
       0
       1
       0
       2
       0
       0
       0
       1
       0
       1
       1
       0
       1
       1
       0
       2
       2
       1
       1
       2
       0
       0
       0
       1
       0
       0
       1
       0
       1
       0
       2
       0
       0
       0
       1
       0
       0
       0
       1
       0
       1
       0
       0
       1
       0
       0
       1
       0
       1
       1
       2
       0
       0
       0
       0
       2
       0
       1
       1
       1
       1
       1
       0
       1
       1
       0
       1
       1
       1
       1
       0
       0
       1
       1
       0
       1
       3
       0
       1
       1
       1
       1
       0
       0
       2
       1
       0
       1
       0
       0
       0
       1
       2
       0
       1
       0
       1
       0
       2
       0
       1
       0
       0
       0
       0
       2
       1
       2
       1
       0
       1
       0
       2
       1
       1
       0
       0
       1
       2
       1
       4
       3
       1
       4
       6
       7
      16
      19
      29
      30
      33
      46
      42
      58
      54
      53
      40
      43
      28
      19
      13
      16
       8
       6
       3
       3
       2
       1
       0
       0
       0
       1
       0
       0
       0
       0
       0
       1
       0
       0
       0
       0
       0
       0
       0
       0
       1
       0
       0
       1
       0
       0
       2
       1
       3
       0
       0
       1
       0
       0
       0
       0
       1
       1
       0
       0
       0
       0
       0
       0
       0
       0
       0
       0
       1
       1
       0
       0
       0
       0
       0
       0
       2
       0
       0
       0
       1
       0
       0
       0
       3
       0
       0
       1
       0
       0
       0
       0
       0
       1
       1
       1
       0
       0
       0
       0
       0
       2
       0
       0
       0
       0
       0
       1
       0
       0
       0
       0
       0
       0
       0
       0
       0
       1
       0
       1
       0
       0
       0
       0
       0
       0
       0
       0
       0
       1
       0
       1
       0
       0
       0
       1
       0
       0
       1
       0
       2
       0
       0
       0
       0
       0
       0
       0
       0
       1
       3
       1
       0
       0
       0
       0
       1
       0
       0
       0
       0
       1
       1
       0
       0
       0
       1
       1
       0
       0
       0
       0
       1
       0
       0
       1
       0
       0
       2
       0
       1
       0
       0
       0
       0
       0
       0
       0
       2
       0
       0
       1
       0
       0
       0
       0
       2
       2
       1
       1
       3
       0
       0
       0
       2
       0
       0
       1
       1
       1
       0
       0
       0
       0
       0
       1
       1
       0
       0
       2
       0
       0
       0
       0
       0
       0
       0
       0
       0
       1
       0
       0
       1
       0
       1
       0
       0
       0
       0
       0
       0
       0
       0
       0
       0
       0
       0
       0
       0
       0
       0
       0
       1
       1
       1
       1
       0
       0
       1
       0
       0
       0
       1
       2
       0
       1
       0
       0
       3
       0
       0
       0
       0
       0
       0
       0
       0
       1
       1
       0
       0
       1
       0
       0
       0
       0
       0
       0
       0
       2
       0
       0
       0
       0
       0
       2
       0
       1
       1
       1
       0
       0
       0
       0
       2
       2
       0
       1
       1
       1
       0
       0
       0
       1
       0
       0
       0
       0
       0
       0
       0
       0
       1
       0
       1
       0
       0
       0
       0
       0
       0
       0
       1
       0
       1
       0
       0
       1
       0
       0
       2
       0
       0
       0
       1
       0
       0
       0
       0
       1
       1
       0
       0
       0
       0
       0
       0
       1
       1
       0
       0
       0
       1
       0
       0
       0
       0
       0
       0
       2
       0
       2
       1
       0
       0
       0
       0
       0
       1
       0
       1
       1
       0
       0
       0
       0
       0
       0
       0
       0
       0
       1
       1
       0
       0
       0
       1
       1
       1
       0
       1
       0
       2
       1
       2
       1
       0
       0
       0
       1
       0
       1
       0
       0
       0
       0
       0
       0
       2
       1
       0
       0
       0
       1
       0
       0
       0
       1
       1
       0
       0
       0
       1
       0
       0
       1
       0
       1
       0
       0
       0
       1
       0
       0
       0
       0
       0
       0
       0
       0
       0
       0
       0
       1
       0
       0
       0
       0
       0
       0
       0
       0
       0
       0
       0
       0
       1
       0
       0
       1
       0
       0
       0
       0
       1
       0
       1
       0
       0
       0
       0
       0
       0
       0
       0
       0
       2
       0
       1
       1
       0
       0
       3
       0
       0
       0
       1
       0
       0
       1
       0
       0
       1
       1
       0
       0
       0
       1
       3
       2
       2
       1
       0
       2
       2
       0
       0
       0
       2
       1
       1
       1
       2
       2
       0
       0
       0
       3
       3
       2
       1
       1
       0
       0
       0
       0
       0
       1
       0
       0
       0
       0
       1
       0
       1
       0
       0
       1
       2
       0
       2
       0
       0
       1
       0
       0
       0
       1
       1
       1
       0
       0
       0
       0
       0
       1
       0
       0
       0
       0
       0
       1
       0
       1
       1
       0
       0
       0
       0
       1
       1
       0
       0
       0
       0
       0
       0
       0
       3
       0
       1
       0
       0
       1
       0
       0
       1
       0
       0
       0
       0
       0
       0
       0
       0
       0
       0
       0
       0
       0
       0
       0
       1
       0
       1
       0
       0
       0
       0
       0
       0
       0
       0
       0
       0
       0
       0
       0
       0
       0
       0
       0
       0
       0
       1
       0
       1
       2
       1
       0
       0
       0
       1
       1
       0
       0
       0
       0
       0
       0
       0
       0
       1
       0
       0
       0
       0
       0
       0
       0
       0
       0
       1
       0
       1
       1
       2
       0
       0
       0
       0
       0
       2
       0
       0
       1
       1
       0
       0
       0
       0
       0
       0
       0
       0
       1
       0
       0
       0
       1
       1
       0
       0
       0
       0
       0
       0
       0
       0
       1
       0
       0
       0
       1
       1
       0
       0
       0
       1
       0
       0
       0
       0
       0
       0
       0
       0
       0
       0
       0
       0
       0
       0
       1
       0
       0
       0
       0
       0
       1
       0
       0
       1
       0
       2
       0
       0
       1
       0
       0
       0
       1
       0
       1
       0
       0
       1
       0
       1
       0
       0
       0
       0
       0
       0
       0
       0
       0
       0
       1
       0
       1
       0
       1
       0
       0
       0
       0
       0
       0
       0
       1
       0
       0
       0
       0
       0
       0
       0
       0
       2
       0
       0
       0
       0
       0
       1
       0
       0
       0
       0
       1
       1
       0
       1
       0
       1
       1
       0
       0
       0
       1
       0
       0
       0
       0
       1
       0
       0
       1
       0
       0
       0
       0
       0
       0
       0
       0
       0
       0
       0
       0
       0
       1
       1
       0
       0
       0
       0
       0
       0
       0
       0
       0
       0
       0
       1
       0
       0
       0
       1
       0
       0
       0
       0
       0
       0
       0
       0
       0
       0
       0
       0
       0
       0
       2
       0
       0
       1
       1
       0
       0
       0
       0
       0
       0
       0
       0
       0
       0
       0
       0
       0
       0
       1
       0
       0
       2
       1
       0
       0
       0
       0
       0
       0
       0
       0
       1
       0
       0
       0
       0
       0
       0
       0
       2
       0
       0
       0
       0
       0
       0
       0
       1
       0
       1
       0
       1
       0
       0
       0
       1
       0
       0
       0
       0
       0
       0
       0
       0
       0
       0
       1
       0
       0
       0
       1
       0
       0
       0
       0
       2
       0
       0
       0
       0
       0
       0
       0
       0
       0
       0
       0
       0
       0
       0
       0
       0
       1
       0
       1
       0
       0
       0
       0
       0
       0
       0
       0
       0
       0
       0
       0
       0
       0
       1
       0
       0
       0
       0
       0
       0
       0
       0
       0
       1
       0
       1
       0
       0
       0
       0
       0
       0
       0
       0
       1
       0
       0
       2
       0
       0
       0
       0
       0
       0
       0
       2
       0
       0
       0
       0
       0
       0
       2
       0
       0
       0
       0
       0
       0
       0
       0
       0
       0
       0
       0
       1
       0
       0
       0
       0
       0
       0
       0
       0
       0
       1
       0
       0
       0
       0
       0
       0
       1
       0
       0
       0
       1
       0
       0
       0
       0
       0
       1
       0
       0
       0
       0
       0
       0
       0
       0
       0
       0
       1
       0
       0
       2
       1
       1
       0
       1
       4
       2
       0
       0
       0
       0
       0
       0
       2
       0
       0
       0
       0
       0
       0
       0
       0
       0
       0
       0
       0
       0
       1
       0
       0
       0
       0
       0
       0
       0
       0
       0
       0
       1
       0
       1
       0
       0
       0
       1
       0
       0
       0
       0
       0
       0
       0
       0
       0
       0
       0
       0
       0
       0
       0
       0
       0
       0
       1
       1
       0
       0
       0
       1
       1
       0
       1
       1
       0
       0
       0
       0
       0
       0
       0
       0
       0
       0
       1
       0
       0
       0
       0
       0
       0
       0
       2
       1
       0
       0
       1
       0
       0
       1
       0
       0
       0
       0
       0
       0
       0
       0
       0
       0
       1
       0
       0
       0
       0
       0
       0
       0
       1
       0
       0
       0
       0
       0
       0
       0
       0
       0
       0
       1
       1
       0
       0
       1
       0
       1
       3
       5
       7
       3
       3
       7
       4
       4
       1
       4
       1
       0
       2
       1
       0
       0
       0
       0
       0
       1
       0
       0
       0
       1
       0
       0
       0
       2
       0
       1
       1
       1
       0
       0
       0
       0
       0
       0
       1
       0
       0
       1
       0
       0
       0
       0
       0
       0
       0
       0
       1
       0
       0
       0
       0
       0
       0
       0
       0
       0
       0
       0
       0
       0
       1
       0
       0
       0
       0
       0
       0
       0
       0
       1
       0
       1
       0
       0
       0
       0
       1
       0
       0
       0
       0
       1
       0
       0
       0
       0
       0
       0
       0
       0
       0
       0
       0
       0
       0
       0
       0
       0
       1
       0
       0
       0
       0
       1
       1
       0
       0
       0
       1
       0
       0
       0
       0
       0
       0
       0
       0
       1
       0
       0
       0
       0
       0
       0
       0
       0
       0
       0
       0
       0
       0
       0
       1
       1
       0
       0
       0
       0
       0
       0
       1
       0
       0
       0
       0
       0
       0
       0
       0
       0
       0
       0
       0
       1
       0
       0
       3
       0
       1
       0
       1
       0
       0
       0
       0
       0
       1
       0
       1
       1
       0
       0
       0
       1
       0
       0
       0
       0
       0
       0
       0
       1
       0
       0
       0
       0
       0
       0
       0
       0
       0
       0
       0
       0
       0
       0
       0
       0
       0
       1
       0
       0
       0
       0
       0
       0
       0
       0
       0
       0
       0
       0
       0
       1
       0
       0
       1
       0
       0
       0
       3
       0
       0
       1
       0
       0
       0
       0
       0
       0
       1
       0
       0
       0
       0
       0
       0
       0
       1
       0
       0
       0
       0
       0
       1
       0
       0
       0
       1
       1
       0
       0
       0
       0
       0
       0
       1
       0
       0
       1
       1
       0
       0
       0
       0
       0
       0
       1
       0
       0
       0
       0
       0
       0
       0
       0
       0
       0
       1
       0
       1
       0
       0
       2
       0
       0
       1
       0
       2
       0
       0
       0
       0
       0
       0
       0
       0
       1
       1
       1
       1
       0
       0
       0
       1
       1
       1
       0
       0
       0
       0
       0
       1
       0
       1
       0
       0
       1
       0
       1
       1
       0
       0
       1
       0
       0
       0
       0
       1
       2
       0
       0
       0
       0
       0
       1
       1
       0
       0
       0
       1
       0
       0
       0
       0
       1
       0
       0
       0
       0
       0
       0
       0
       0
       0
       0
       0
       1
       0
       0
       0
       0
       0
       1
       0
       0
       1
       0
       0
       0
       0
       0
       1
       0
       1
       1
       0
       1
       0
       0
       0
       0
       0
       0
       0
       0
       0
       1
       0
       0
       1
       0
       0
       0
       0
       1
       1
       1
       0
       0
       0
       0
       0
       0
       0
       0
       0
       0
       0
       0
       0
       0
       0
       0
       0
       0
       0
       0
       1
       0
       0
       1
       1
       2
       1
       0
       0
       0
       0
       0
       0
       0
       0
       0
       0
       1
       0
       0
       0
       0
       0
       0
       0
       0
       0
       0
       0
       1
       1
       1
       0
       0
       0
       0
       0
       0
       0
       0
       0
       0
       0
       0
       0
       0
       0
       0
       0
       0
       0
       0
       0
       0
       1
       0
       1
       0
       0
       0
       1
       0
       0
       0
       0
       0
       0
       0
       1
       0
       0
       0
       0
       1
       0
       0
       0
       0
       0
       0
       0
       0
       0
       0
       0
       0
       0
       0
       0
       0
       0
       0
       0
       0
       0
       1
       0
       0
       0
       0
       0
       0
       0
       0
       0
       1
       0
       0
       0
       0
       0
       0
       0
       0
       0
       0
       0
       0
       1
       0
       0
       1
       1
       0
       0
       0
       0
       0
       0
       0
       2
       0
       0
       0
       0
       0
       0
       1
       0
       0
       0
       0
       0
       0
       0
       0
       0
       0
       0
       0
       0
       0
       0
       0
       0
       0
       0
       0
       0
       0
       0
       0
       2
       0
       0
       0
       0
       0
       0
       0
       0
       0
       1
       0
       0
       0
       0
       0
       0
       1
       0
       0
       0
       0
       0
       1
       1
       0
       0
       0
       0
       0
       0
       0
       0
       0
       1
       0
       0
       0
       0
       1
       0
       0
       0
       0
       1
       0
       1
       0
       0
       0
       0
       0
       0
       0
       0
       0
       0
       0
       0
       1
       0
       0
       1
       0
       0
       0
       0
       0
       0
       0
       0
       0
       0
       0
       0
       0
       1
       0
       0
       0
       0
       0
       0
       0
       0
       0
       0
       0
       0
       0
       0
       1
       0
       0
       0
       0
       0
       0
       0
       0
       0
       0
       0
       0
       0
       0
       1
       0
       0
       0
       0
       1
       0
       0
       0
       0
       0
       0
       0
       0
       1
       0
       0
       0
       0
       0
       0
       0
       0
       0
       0
       0
       0
       0
       0
       0
       0
       0
       0
       0
       0
       0
       0
       0
       0
       0
       0
       0
       0
       0
       0
       0
       1
       0
       0
       0
       0
       0
       0
       0
       0
       0
       0
       0
       0
       0
       0
       0
       0
       0
       0
       2
       0
       0
       0
       0
       0
       0
       0
       0
       1
       0
       0
       0
       0
       1
       0
       0
       0
       0
       0
       0
       0
       0
       0
       0
       0
       0
       0
       0
       0
       0
       0
       0
       1
       0
       0
       0
       1
       1
       0
       0
       1
       0
       0
       1
       0
       1
       0
       0
       0
       0
       0
       0
       1
       0
       0
       0
       0
       0
       0
       0
       0
       0
       0
       0
       1
       1
       0
       1
       0
       0
       0
       0
       0
       0
       0
       1
       0
       0
       0
       0
       0
       0
       0
       0
       2
       0
       0
       0
       0
       0
       0
       0
       0
       0
       0
       1
       0
       0
       0
       0
       0
       0
       0
       0
       0
       0
       1
       0
       1
       0
       1
       0
       1
       0
       0
       0
       0
       0
       0
       0
       0
       0
       0
       1
       0
       0
       1
       1
       0
       0
       0
       0
       0
       0
       0
       0
       0
       0
       0
       1
       1
       0
       0
       0
       0
       0
       0
       0
       0
       0
       0
       0
       0
       0
       0
       0
       0
       1
       0
       1
       0
       0
       0
       0
       0
       0
       1
       0
       0
       0
       0
       0
       0
       0
       0
       0
       0
       0
       0
       0
       0
       0
       0
       0
       0
       0
       1
       0
       0
       0
       1
       0
       1
       0
       0
       0
       0
       0
       1
       0
       0
       0
       0
       0
       0
       0
       0
       0
       0
       0
       0
       0
       0
       1
       0
       0
       0
       1
       0
       0
       0
       0
       0
       0
       0
       0
       0
       0
       1
       0
       0
       0
       1
       0
       0
       0
       0
       0
       1
       0
       0
       1
       0
       0
       0
       0
       1
       0
       0
       0
       0
       0
       0
       2
       0
       0
       0
       0
       0
       0
       0
       0
       0
       0
       0
       0
       0
       0
       1
       0
       0
       0
       0
       0
       0
       0
       0
       0
       0
       0
       1
       0
       0
       0
       0
       0
       0
       0
       0
       1
       0
       0
       0
       0
       1
       0
       0
       0
       0
       0
       0
       0
       0
       1
       0
       0
       0
       0
       0
       0
       0
       0
       1
       0
       0
       0
       1
       1
       0
       2
       0
       0
       0
       0
       0
       0
       0
       0
       1
       0
       0
       0
       0
       0
       0
       0
       1
       0
       0
       0
       1
       0
       0
       0
       0
       0
       0
       0
       0
       0
       1
       0
       0
       0
       1
       0
       0
       0
       0
       0
       1
       0
       0
       0
       0
       0
       0
       0
       0
       1
       0
       0
       0
       0
       1
       0
       1
       0
       0
       0
       1
       0
       0
       0
       1
       0
       0
       0
       0
       0
       0
       0
       0
       0
       0
       0
       0
       0
       0
       0
       0
       0
       0
       0
       0
       0
       1
       0
       0
       0
       0
       0
       0
       0
       0
       0
       0
       0
       0
       0
       0
       0
       0
       0
       0
       0
       0
       0
       0
       0
       0
       0
       0
       0
       0
       0
       0
       0
       0
       0
       3
       1
       0
       0
       0
       0
       1
       0
       0
       0
       0
       0
       0
       0
       0
       0
       0
       0
       0
       0
       0
       0
       1
       0
       0
       0
       0
       0
       0
       0
       0
       0
       0
       0
       0
       0
       0
       0
       0
       0
       0
       0
       0
       0
       0
       0
       0
       0
       0
       0
       1
       0
       0
       0
       0
       0
       0
       0
       0
       0
       0
       0
       0
       0
       0
       0
       0
       0
       1
       0
       0
       0
       0
       0
       0
       1
       0
       0
       1
       0
       0
       1
       0
       0
       1
$ROI:
11
224 244
765 907
1350 1411
1828 1908
2525 2667
2716 2799
3716 3817
4331 4427
4564 4622
5085 5259
5690 5768
$PRESETS:
Live Time
600
0
$ENER_FIT:
0.053689 0.255148
$MCA_CAL:
3
5.368913E-002 2.551478E-001 -1.853380E-009 keV
$SHAPE_CAL:
3
6.992400E+000 7.812671E-004 -3.508660E-008
