$SPEC_ID:
No sample description was entered.
$SPEC_REM:
DET# 1
DETDESC# GMX20P4 HPGe
AP# Maestro Version 7.01
$DATE_MEA:
11/27/2018 14:41:45
$MEAS_TIM:
600 602
$DATA:
0 8191
       0
       0
       0
       0
       0
       0
       0
       0
       0
       0
       0
       0
       0
       0
       0
       0
       0
       0
       0
       0
       0
       0
       0
       0
       0
       0
       0
       0
       0
       0
       0
       0
       0
       0
       0
       0
       0
       0
       0
       0
       0
       0
       0
       0
       0
       0
       0
       0
       3
      31
      82
     118
     120
     129
     142
     121
     133
     114
     112
     122
     140
     129
     120
     123
     121
     109
     110
     141
     143
     157
     153
     183
     172
     205
     198
     202
     226
     246
     274
     285
     301
     327
     325
     299
     290
     242
     208
     177
     178
     157
     172
     164
     211
     230
     223
     238
     245
     238
     224
     240
     220
     240
     250
     269
     321
     317
     427
     435
     507
     607
     650
     715
     789
     910
    1144
    1637
    2120
    2703
    3296
    3968
    4394
    4233
    3757
    3131
    2342
    1572
    1027
     743
     490
     421
     419
     427
     642
     708
     939
    1127
    1252
    1257
    1227
    1015
     823
     708
     450
     356
     243
     206
     148
     114
     108
      90
     104
      94
      85
      95
     100
      99
      99
      92
     106
      91
      91
     110
     105
     124
      89
      89
      90
      92
     121
     109
     122
     124
     127
     107
     129
     113
     127
     120
     123
     148
     138
     115
     137
     128
     129
     131
     140
     128
     123
     143
     128
     139
     122
     131
     126
     127
     140
     121
     148
     160
     160
     151
     186
     202
     228
     287
     289
     330
     322
     299
     320
     252
     250
     207
     195
     157
     173
     165
     161
     173
     137
     148
     167
     145
     148
     171
     142
     168
     156
     140
     162
     164
     167
     167
     175
     207
     196
     209
     200
     203
     184
     215
     226
     224
     229
     222
     258
     245
     237
     273
     262
     267
     259
     278
     250
     288
     309
     267
     259
     289
     274
     250
     282
     283
     297
     289
     284
     291
     270
     291
     304
     264
     334
     324
     306
     305
     268
     307
     310
     279
     255
     240
     292
     254
     240
     259
     240
     262
     272
     231
     256
     258
     246
     268
     258
     257
     284
     280
     245
     256
     263
     251
     275
     271
     279
     310
     282
     336
     354
     487
     571
     824
    1137
    1530
    2070
    2633
    3112
    3231
    3252
    2819
    2389
    1734
    1177
     805
     446
     321
     238
     180
     152
     144
     134
     144
     138
     151
     153
     149
     159
     143
     173
     137
     135
     147
     164
     157
     154
     127
     155
     138
     153
     131
     141
     138
     147
     126
     152
     145
     143
     160
     150
     135
     145
     148
     150
     146
     157
     170
     141
     168
     164
     151
     170
     131
     142
     151
     163
     140
     142
     119
     129
     156
     132
     156
     151
     162
     136
     147
     153
     160
     132
     149
     124
     156
     141
     139
     152
     131
     137
     138
     142
     124
     129
     153
     136
     141
     161
     137
     138
     148
     133
     142
     134
     150
     151
     134
     138
     151
     145
     129
     141
     159
     145
     138
     128
     160
     149
     138
     127
     135
     139
     151
     130
     145
     130
     139
     143
     122
     140
     132
     132
     137
     146
     148
     144
     134
     142
     143
     134
     134
     151
     129
     154
     143
     156
     138
     138
     144
     149
     136
     144
     165
     133
     128
     131
     154
     145
     120
     141
     152
     138
     161
     138
     125
     139
     125
     127
     115
     143
     132
     163
     125
     116
     145
     129
     125
     133
     127
     142
     142
     127
     140
     120
     136
     122
     137
     125
     148
     144
     145
     131
     147
     146
     159
     139
     140
     135
     128
     128
     151
     145
     116
     127
     123
     127
     123
     122
     133
     136
     118
     146
     113
     129
     137
     104
     143
     139
     123
     142
     140
     140
     122
     144
     135
     117
     154
     128
     123
     141
     137
     119
     134
     142
     134
     125
     130
     145
     119
     129
     147
     131
     143
     142
     147
     120
     137
     144
     132
     130
     110
     143
     126
     139
     134
     119
     129
     141
     140
     135
     148
     117
     114
     117
     134
     135
     135
     147
     119
     130
     127
     152
     123
     138
     137
     152
     151
     134
     132
     129
     142
     142
     127
     139
     135
     161
     145
     136
     120
     135
     144
     142
     138
     122
     147
     142
     147
     142
     117
     160
     151
     129
     122
     131
     143
     142
     125
     141
     122
     118
     147
     116
     124
     137
     129
     134
     141
     154
     149
     164
     180
     170
     149
     162
     187
     154
     155
     155
     156
     135
     133
     170
     141
     139
     108
     131
     123
     105
     118
     118
     114
     143
     146
     124
     102
      83
     119
     109
     116
     133
     103
     101
     116
     111
     132
     122
     142
     114
     109
     150
     113
     104
     112
     103
     121
     112
     115
     100
     119
     117
      88
     135
     114
     146
     113
     103
     136
     132
     104
     129
     119
     123
     114
     112
     120
     118
     123
     117
     119
     118
     121
     110
     117
     111
     114
     120
     108
     121
     118
     117
     118
     120
     120
     127
     115
     105
      98
     137
     127
     122
     117
     106
     128
     133
     122
     128
     114
     129
     113
     110
     118
     128
     115
     111
     118
     130
     117
     108
     120
     114
      95
     108
     129
     129
     115
     112
     122
     100
      99
     100
      77
     115
     113
     112
     111
     114
      97
     120
      85
     112
     118
     104
     133
     134
     111
     109
     106
     102
     106
      98
     122
     100
     127
     111
      93
     108
     116
     109
     107
     114
      95
     105
     103
      92
     109
     112
     114
     103
     107
     100
      97
     124
      89
     101
     105
      99
      95
     114
     105
      97
      93
     107
      87
      99
     102
     104
      80
      83
     105
      95
     105
      93
     102
      99
     100
      91
      69
      77
      91
      75
      91
      99
     103
     104
      62
      90
      70
      86
      87
      78
      75
      84
      86
      86
      70
      68
      81
      66
      66
      71
      80
      77
      84
      68
      60
      69
      77
      83
      70
      72
      87
      65
      61
      82
      48
      70
      61
      72
      66
      67
      72
      65
      51
      63
      61
      63
      65
      77
      58
      69
      53
      77
      72
      74
      75
      79
      95
      85
      93
     100
      78
      80
      99
      68
      57
      83
      70
      56
      65
      56
      65
      70
      59
      62
      69
      61
      65
      72
      56
      65
      69
      59
      68
      49
      60
      54
      63
      57
      62
      52
      64
      53
      48
      50
      50
      56
      52
      57
      64
      56
      58
      63
      51
      60
      72
      66
      62
      54
      52
      56
      47
      52
      49
      46
      53
      59
      63
      73
      71
      63
      66
      66
      56
      52
      57
      53
      55
      61
      57
      53
      70
      46
      56
      48
      58
      67
      60
      49
      50
      33
      45
      44
      40
      41
      40
      47
      32
      40
      43
      42
      50
      42
      45
      49
      42
      45
      38
      46
      43
      43
      47
      38
      48
      33
      33
      50
      48
      48
      53
      47
      50
      38
      39
      27
      42
      48
      52
      39
      40
      51
      39
      40
      41
      36
      37
      33
      40
      35
      29
      35
      29
      35
      39
      36
      39
      33
      40
      46
      46
      41
      51
      35
      28
      29
      38
      39
      43
      54
      40
      38
      33
      28
      38
      31
      38
      26
      38
      29
      27
      41
      52
      38
      23
      49
      33
      44
      47
      39
      28
      30
      32
      41
      30
      33
      22
      32
      46
      42
      29
      34
      35
      50
      37
      28
      38
      37
      38
      35
      31
      29
      36
      26
      35
      30
      40
      37
      32
      52
      45
      65
      69
      97
     176
     250
     290
     300
     398
     363
     357
     269
     247
     200
     119
      70
      44
      36
      24
      49
      25
      37
      27
      25
      38
      24
      23
      28
      30
      34
      29
      33
      27
      30
      26
      28
      26
      33
      19
      28
      29
      32
      28
      31
      33
      34
      27
      27
      34
      30
      35
      36
      21
      28
      20
      26
      23
      30
      18
      33
      38
      25
      31
      28
      24
      23
      25
      28
      24
      25
      24
      28
      32
      32
      31
      27
      33
      33
      24
      44
      35
      46
      54
      40
      40
      46
      40
      24
      41
      25
      28
      21
      33
      32
      25
      24
      30
      31
      36
      33
      27
      37
      43
      40
      69
     103
     178
     268
     385
     553
     718
     797
     836
     816
     739
     618
     449
     277
     190
      96
      70
      38
      38
      29
      27
      22
      31
      20
      24
      25
      26
      25
      24
      18
      22
      16
      22
      16
      22
      23
      20
      16
      23
      27
      26
      29
      19
      21
      19
      22
      24
      24
      24
      25
      18
      22
      19
      21
      20
      28
      20
      17
      15
      19
      24
      23
      25
      21
      13
      21
      20
      27
      19
      19
      19
      31
      18
      15
      26
      20
      32
      26
      18
      23
      19
      15
      15
      29
      27
      26
      21
      38
      28
      20
      28
      20
      22
      26
      23
      18
      22
      25
      31
      31
      14
      15
      22
      38
      28
      18
      17
      25
      14
      23
      23
      18
      34
      26
      27
      24
      15
      15
      22
      22
      19
      19
      22
      18
      17
      20
      24
      28
      18
      19
      18
      27
      28
      21
      28
      23
      15
      14
      14
      31
      15
      25
      25
      31
      17
      20
      18
      15
      22
      18
      20
      23
      12
      15
      19
      13
      14
      20
      22
      20
      15
      15
      20
      23
      20
      27
      20
      15
      26
      23
      16
      22
      13
      16
      29
      19
      27
      26
      19
      21
      23
      25
      19
      25
      14
      21
      12
      25
      10
      19
      21
      24
      23
      25
      21
      28
      34
      32
      26
      50
      48
      47
      40
      40
      35
      40
      75
      82
     119
     220
     415
     677
    1011
    1416
    1854
    2148
    2226
    2325
    1977
    1723
    1251
     815
     557
     309
     166
      83
      53
      30
      13
      12
       6
       8
       7
       9
       9
       6
       7
      16
      15
      14
       7
      12
      18
      10
       8
      10
       9
      11
      10
      11
      10
      10
       7
      14
       9
       8
       3
       9
       9
       7
      10
      11
      13
       7
      11
       9
       8
      10
       8
      14
       6
      10
       9
       6
      12
      14
      11
      11
      13
      11
       2
      15
       7
       5
      18
       8
       9
      10
      12
      10
       3
       8
      10
      15
      10
      11
       5
      12
       9
       8
      11
       8
       7
       7
      12
      12
      13
      10
      13
       8
       9
       9
       7
      15
      11
       8
      16
      25
      38
      68
      93
     134
     195
     231
     285
     300
     306
     271
     231
     174
     113
      75
      63
      27
      21
      17
      11
      11
      13
      11
      12
      10
       9
      12
      14
       8
      14
       9
       5
       5
       9
      13
       3
       9
       8
      13
       6
      13
      14
      11
      12
      12
       8
       6
       3
       8
       5
       8
      11
       3
       6
       7
       9
       9
       9
       5
       8
       4
       6
       6
       9
       5
       8
       6
       4
       8
      11
       4
       6
      10
       9
       9
       4
       2
      10
       9
       9
       7
       3
      11
       6
       3
       5
       8
       5
       3
      10
       9
      10
      11
       5
       6
       5
       6
       6
       9
      10
       7
       7
       8
       5
       4
       9
       8
       8
       9
       5
       8
       6
       2
       9
       6
       6
       7
       5
      12
       6
       4
       2
       7
       6
       7
       8
       7
       7
       2
       8
       4
       8
       8
       7
       7
       8
       9
      10
      11
       7
       6
       8
       6
       7
       5
       5
       6
       7
       4
       4
       4
       1
      13
      10
       9
       7
       6
       5
       5
       9
       8
       7
       3
       7
       9
       8
       7
       8
       6
       5
       8
       9
       2
       7
      10
       5
       2
       8
       5
       8
       4
       7
       8
       6
       5
       5
       7
       5
       4
       7
       3
       4
       2
       5
       3
       5
       7
       5
       5
       6
       5
       7
       5
       6
       9
      11
       7
      11
       4
       4
       6
       4
       8
      18
       8
       7
       7
       8
       6
       6
       9
      11
       9
      10
       8
       7
       4
       7
       8
       8
       1
       4
       7
       6
       2
       6
       6
       9
      11
       0
       7
      10
       4
       6
       6
       4
       4
       5
       7
      11
       7
       1
       8
       5
       1
       5
       4
       6
       9
      10
       8
       2
       6
       6
       9
       3
       8
       4
       7
       3
       6
      10
       7
       7
       5
       5
       7
       5
       7
       4
       6
       6
       6
       6
       2
       7
      12
       3
      10
       8
       8
       8
       7
       8
       3
       3
       6
       6
       6
       6
       8
       7
       4
       6
       3
       6
       9
       5
       8
       7
       7
       1
       4
       3
       6
       2
       4
       7
       6
       8
      11
       8
      11
       6
       3
       3
       6
       3
       4
       3
       5
      10
       5
       6
       9
       5
       6
       6
       4
       5
       5
       4
       4
       7
       3
       8
       6
       5
       8
       1
      11
       5
       2
      10
       8
       5
       3
       8
       4
       8
       2
       3
       6
      11
       2
       4
      12
       5
       9
       7
       5
       6
       5
       5
       3
       2
       2
       5
       4
       6
      10
       7
       4
       7
       3
      10
       5
       3
       6
       5
       3
       2
       5
       7
       6
       4
       4
       5
       5
       4
       6
       5
       7
       3
       3
       8
       7
       9
       5
       9
       1
       4
       7
       3
       7
       7
       6
       5
       8
       7
       7
       5
       5
       4
       8
       5
       7
       5
       5
       2
       5
       5
       6
       6
       6
       5
       6
       4
       6
       5
       8
       7
       1
       3
       2
       3
       5
       4
       8
       6
       7
       3
       4
       6
       4
       4
       1
       3
       2
       2
       4
       3
       3
       5
       4
       5
       2
       1
       6
       5
       8
       5
       5
      10
       5
       3
       2
       5
       2
       5
       8
       4
       4
       3
       7
       4
       4
       2
       3
       7
       4
       7
       7
       6
       6
       6
       5
       7
       5
       6
       5
       5
       7
       7
      10
       6
      10
      13
       9
       9
      12
      12
       5
       7
       7
       5
       5
       1
       2
       8
       9
       4
       2
       6
       4
       4
       4
       4
       4
       5
       5
       7
       6
       3
       4
       4
       4
       3
       3
       2
       5
       8
       6
       3
       5
       2
       2
       4
       4
       1
       3
       6
       3
       6
       8
       5
       4
       0
       6
       5
       6
       3
       6
       3
       3
       2
       6
       3
       3
       4
       6
       4
       5
       6
       4
       3
       2
       2
       1
       9
       5
       7
       1
       7
       4
       5
       4
       3
       5
       4
       3
       2
       6
       4
       6
       1
       6
       4
       3
       3
       3
       5
       1
       6
       6
       7
       5
       5
       4
       1
       4
       4
       1
       3
       5
       3
       5
       1
       5
       6
       5
       5
       3
       4
      10
       5
       1
       3
       2
       3
       6
       5
       5
       2
       3
       5
       4
       1
       0
       2
       6
       3
       6
       5
       4
       1
       3
       5
       6
       7
       6
       4
       6
       6
       5
       4
       3
       3
       2
       6
       2
       6
       4
       3
       8
       3
       3
       2
       8
       4
       6
       9
       5
       5
       6
       2
       2
       4
       2
       6
       4
       2
       6
       3
       3
       4
       1
       5
       3
       7
       1
       2
       8
       4
       4
       2
       4
       5
       3
       1
       6
       5
       2
       1
       8
       0
       4
       0
       4
       7
       6
       3
       5
       2
       2
       3
       6
       7
       3
       4
       0
       1
       2
       3
       4
       5
       4
       5
       2
       3
       3
       5
       8
       4
       4
       3
       2
       4
       2
       5
       2
       2
       2
       4
       5
       4
       4
       3
       2
       6
       6
       3
       5
       2
       1
       4
       8
       5
       3
       5
       6
       3
       2
       3
       3
       4
       5
       0
       5
       3
       3
       4
       3
       3
       4
       6
       2
       7
       2
       3
       4
      11
       5
       5
       3
       4
       5
       8
      16
      12
      12
      13
       8
      11
       9
       4
       2
       4
       7
       6
       1
       3
       4
       4
       2
       5
       3
       3
       3
       2
       4
       3
       4
       4
       7
       2
       3
       2
       2
       3
       4
       3
       3
       6
       5
       3
       4
       4
       3
       1
       9
       2
       2
       0
       5
       9
       2
       4
       7
       0
       0
       2
       4
       3
       4
       5
       2
       5
       8
       6
       3
       8
       2
       6
       4
       3
       5
       2
       6
       4
       5
       4
       6
       4
       4
       1
       5
       3
       6
       3
       6
       2
       5
       4
       7
       2
       4
       6
       2
       6
       2
       2
       3
       6
       6
       7
       8
      13
      13
      31
      20
      36
      26
      23
      20
      14
      16
      12
      11
       7
       3
       5
       7
       5
       5
       3
       2
       3
       2
       1
       3
       5
       0
       3
       4
       6
       1
       5
       1
       4
       6
       5
       4
       4
       1
       3
       4
       5
       0
       6
       3
       3
       1
       1
       6
       2
       1
       3
       3
       3
       5
       2
       5
       4
       2
       2
       0
       4
       3
       2
       6
       5
       8
       3
       4
       4
       2
       4
       3
       2
       4
       3
       3
       4
       1
       4
       4
       2
       4
       4
       4
       5
       3
       6
       2
       3
       5
       2
       3
       3
       3
       2
       8
       1
       1
       7
       1
       3
       2
       2
       7
       3
       2
       2
       4
       2
       1
       3
       0
       5
       2
       1
       2
       4
       7
       3
       1
       3
       2
       6
       3
       4
       4
       6
       2
       6
       3
       3
       4
       4
       6
       4
       2
       8
       5
       2
       3
       1
       2
       2
       6
       4
       3
       4
       2
       4
       3
       1
       1
       3
       2
       0
       2
       2
       2
       4
       4
       2
       0
       3
       5
       3
       2
       3
       4
       2
       3
       0
       4
       4
       2
       1
       4
       0
       4
       1
       2
       2
       1
       3
       8
       4
       5
       3
       2
       3
       3
       2
       3
       1
       2
       5
       1
       2
       3
       2
       3
       2
       4
       7
       7
       6
       5
       6
      14
      12
      19
      10
      13
       9
       7
       7
       5
       3
       8
       2
       2
       5
       3
       2
       4
       2
       5
       1
       3
       3
       0
       3
       8
       3
       4
       8
       5
       3
       1
       5
       5
       1
       3
       1
       2
       1
       2
       4
       5
       0
       2
       3
       3
       0
       3
       3
       3
       4
       1
       3
       2
       6
       2
       1
       3
       5
       2
       1
       3
       2
       3
       2
       1
       1
       1
       3
       3
       5
       6
       2
       2
       1
       4
       3
       3
       1
       3
       3
       0
       4
       2
       3
       3
       3
       1
       6
       1
       3
       5
       1
       1
       2
       8
       5
       5
       2
       5
       1
       2
       5
       2
       2
       1
       3
       3
       3
       2
       1
       3
       2
       2
       3
       5
       1
       1
       2
       3
       1
       4
       2
       2
       2
       3
       4
       3
       5
       4
       3
       1
       3
       1
       3
       3
       4
       4
       3
       2
       4
       3
       5
       5
       3
       1
       5
       1
       3
       0
       3
       1
       1
       5
       1
       6
       0
       3
       4
       5
       2
       1
       4
       4
       3
       2
       1
       3
       1
       1
       4
       6
       3
       1
       3
       4
       2
       2
       1
       3
       3
       3
       3
       1
       2
       3
       2
       1
       1
       2
       2
       2
       4
       8
       2
       2
       3
       4
       3
       4
       3
       2
       2
       3
       3
       5
       4
       1
       1
       3
       1
       4
       4
       2
       2
       0
       2
       2
       0
       3
       3
       3
       1
       2
       2
       2
       0
       1
       3
       3
       3
       4
       5
       3
       2
       1
       2
       2
       5
       3
       7
       3
       3
       2
       4
       7
       2
       5
       2
       2
       2
       3
       2
       1
       2
       4
       2
       4
       5
       7
       4
       1
       3
       8
       6
       5
       4
       2
       2
       4
       5
       2
       3
       3
       3
       5
       1
       2
       4
       0
       3
       1
       2
       1
       1
       4
       4
       3
       2
       3
       1
       1
       0
       3
       3
       2
       3
       2
       2
       3
       1
       4
       2
       3
       2
       4
       6
       2
       1
       1
       6
       4
       2
       2
       1
       1
       3
       7
       1
       5
       1
       3
       1
       1
       2
       3
       6
       2
       3
       1
       2
       1
       0
       1
       2
       3
       4
       2
       2
       2
       6
       1
       3
       2
       2
       2
       2
       2
       1
       5
       0
       2
       1
       2
       2
       2
       0
       1
       4
       3
       3
       2
       3
       1
       6
       1
       2
       1
       2
       2
       4
       2
       3
       3
       2
       1
       1
       1
       2
       5
       1
       2
       2
       4
       2
       2
       2
       3
       2
       1
       6
       5
       2
       7
       1
       1
       4
       2
       2
       2
       2
       2
       0
       1
       4
       4
       3
       3
       2
       4
       7
       3
       4
       1
       1
       3
       5
       3
       5
      11
       6
       6
       7
       5
       7
       7
       2
       4
       5
       3
       3
       0
       0
       1
       0
       4
       3
       1
       3
       4
       2
       5
       2
       3
       4
       0
       2
       4
       1
       4
       2
       4
       2
       2
       1
       4
       3
       1
       0
       2
       4
       4
       1
       3
       1
       3
       2
       7
       5
       5
       1
       0
       2
       1
       3
       2
       5
       2
       2
       3
       6
       4
       1
       2
       1
       2
       4
       1
       1
       3
       4
       2
       3
       3
       5
       2
       1
       1
       2
       1
       1
       3
       1
       2
       2
       1
       1
       2
       3
       4
       5
       0
       3
       3
       0
       2
       5
       1
       4
       2
       2
       4
       3
       4
       2
       1
       3
       5
       2
       5
       3
       3
       3
       3
       4
       0
       3
       1
       2
       3
       4
       2
       3
       0
       2
       1
       2
       1
       3
       3
       1
       4
       1
       3
       2
       3
       3
       1
       1
       2
       3
       1
       2
       1
       1
       2
       1
       2
       2
       3
       0
       2
       4
       1
       3
       3
       2
       2
       1
       1
       4
       1
       0
       0
       1
       2
       3
       4
       4
       0
       4
       3
       3
       2
       2
       1
       2
       2
       2
       0
       1
       4
       3
       2
       0
       1
       4
       0
       1
       1
       2
       1
       3
       0
       4
       2
       1
       2
       0
       1
       0
       0
       0
       1
       1
       1
       3
       1
       2
       1
       2
       4
       1
       1
       2
       1
       3
       3
       3
       2
       3
       0
       1
       4
       0
       4
       5
       2
       3
       1
       3
       2
       6
       2
       3
       1
       3
       3
       2
       1
       0
       5
       0
       0
       1
       6
       0
       2
       2
       5
       1
       1
       1
       0
       1
       1
       1
       3
       3
       1
       2
       1
       2
       2
       4
       1
       4
       2
       1
       4
       5
       1
       1
       3
       4
       1
       1
       3
       3
       1
       3
       1
       2
       1
       5
       2
       2
       5
       2
       2
       4
       0
       1
       1
       1
       1
       1
       1
       1
       4
       1
       2
       4
       4
       3
       2
       1
       2
       2
       6
       4
       0
       1
       3
       3
       1
       5
       0
       2
       2
       3
       4
       2
       1
       1
       1
       0
       4
       1
       1
       2
       1
       1
       0
       1
       1
       0
       3
       1
       3
       0
       0
       5
       4
       1
       1
       1
       5
       1
       4
       4
       5
       2
       1
       2
       4
       2
       1
       2
       4
       3
       1
       4
       5
       2
       4
       4
       5
       3
       1
       1
       1
       2
       4
       2
       1
       2
       2
       1
       1
       2
       3
       2
       3
       1
       4
       3
       2
       2
       4
       2
       3
       3
       6
       3
       0
       4
       0
       1
       1
       4
       0
       1
       1
       3
       4
       4
       3
       2
       1
       2
       2
       6
       3
       2
       5
       2
       4
       1
       0
       1
       0
       5
       1
       3
       4
       2
       3
       1
       2
       7
       7
       1
       1
       4
       2
       2
       8
       1
       3
       3
       2
       4
       2
       3
       3
       3
       3
       3
       2
       1
       3
       2
       4
       3
       1
       4
       2
       3
       3
       3
       0
       2
       1
       1
       0
       3
       2
       4
       4
       2
       3
       1
       0
       1
       1
       3
       1
       2
       1
       1
       0
       0
       1
       1
       1
       4
       3
       2
       3
       1
       1
       4
       3
       4
       1
       2
       3
       3
       2
       1
       1
       2
       0
       2
       4
       2
       4
       2
       3
       1
       2
       2
       1
       3
       2
       3
       3
       2
       0
       0
       3
       1
       3
       1
       0
       2
       3
       0
       1
       1
       0
       3
       6
       1
       1
       1
       5
       3
       1
       2
       3
       3
       2
       1
       0
       1
       4
       1
       1
       2
       2
       0
       1
       4
       3
       4
       7
      10
       3
       9
       9
       8
      10
       9
       3
       4
       2
       0
       1
       1
       3
       3
       1
       3
       1
       0
       1
       1
       1
       4
       3
       3
       1
       0
       0
       3
       4
       3
       2
       0
       0
       0
       0
       3
       2
       0
       2
       2
       2
       2
       0
       1
       0
       2
       1
       1
       0
       5
       1
       0
       6
       2
       2
       0
       6
       0
       1
       4
       2
       0
       3
       3
       4
       7
       0
       2
       1
       2
       4
       4
       2
       2
       1
       2
       1
       1
       1
       1
       1
       3
       1
       0
       1
       3
       1
       7
       3
       0
       3
       3
       4
       4
       2
       2
       1
       5
       3
       3
       1
       2
       4
       2
       1
       0
       2
       1
       3
       1
       1
       1
       2
       5
       1
       2
       3
       1
       0
       4
       0
       1
       1
       4
       1
       1
       0
       4
       3
       1
       0
       3
       2
       2
       1
       2
       1
       1
       2
       3
       1
       3
       0
       1
       0
       2
       0
       1
       3
       1
       2
       1
       2
       1
       4
       0
       2
       2
       0
       1
       0
       4
       2
       1
       4
       1
       2
       1
       8
       2
       1
       3
       6
       5
       1
       3
       2
       0
       1
       2
       2
       4
       2
       3
       5
       4
       4
       3
       0
       1
       1
       1
       2
       2
       1
       2
       1
       0
       1
       1
       0
       2
       3
       4
       2
       2
       4
       3
       3
       4
       2
       0
       3
       1
       0
       2
       3
       1
       1
       4
       2
       2
       4
       0
       5
       0
       6
       6
       9
       5
       7
       1
       7
       3
       4
       2
       2
       0
       2
       1
       1
       3
       2
       4
       0
       2
       2
       3
       3
       0
       0
       2
       2
       1
       3
       2
       1
       1
       3
       0
       1
       0
       0
       1
       2
       2
       2
       4
       0
       0
       2
       2
       0
       0
       1
       0
       1
       3
       2
       0
       2
       0
       0
       0
       3
       1
       0
       0
       3
       1
       1
       2
       1
       3
       0
       2
       0
       4
       4
       3
       1
       2
       2
       5
       1
       1
       2
       0
       1
       0
       0
       1
       0
       4
       1
       1
       5
       2
       1
       2
       0
       2
       3
       2
       3
       3
       0
       2
       0
       3
       3
       2
       3
       1
       3
       2
       4
       2
       4
       1
       0
       1
       2
       3
       1
       1
       2
       2
       4
       3
       2
       2
       2
       6
       4
       0
       3
       0
       1
       2
       2
       4
       0
       2
       1
       2
       1
       2
       0
       2
       2
       0
       1
       1
       5
       3
       1
       1
       2
       3
       0
       4
       0
       3
       1
       3
       0
       3
       3
       1
       2
       1
       4
       2
       1
       2
       1
       2
       3
       1
       3
       2
       0
       1
       0
       1
       3
       2
       1
       1
       1
       4
       1
       0
       4
       1
       3
       3
       0
       0
       2
       1
       1
       1
       1
       2
       2
       2
       1
       2
       1
       4
       1
       1
       4
       2
       1
       3
       2
       2
       0
       1
       1
       2
       1
       2
       3
       6
       1
       2
       1
       1
       3
       1
       1
       1
       1
       0
       3
       2
       2
       4
       1
       2
       0
       0
       3
       1
       2
       1
       2
       5
       1
       2
       2
       3
       2
       1
       2
       2
       1
       1
       2
       1
       0
       1
       1
       4
       0
       1
       3
       1
       3
       2
       1
       2
       1
       0
       3
       0
       0
       2
       2
       1
       3
       2
       2
       2
       1
       1
       1
       1
       1
       4
       0
       1
       1
       1
       0
       1
       4
       0
       1
       1
       2
       0
       1
       1
       4
       1
       1
       2
       0
       1
       1
       0
       0
       2
       1
       2
       4
       4
       1
       2
       1
       1
       2
       0
       0
       2
       1
       0
       3
       0
       4
       1
       2
       0
       2
       1
       5
       1
       1
       0
       1
       1
       1
       4
       2
       4
       0
       0
       3
       2
       0
       2
       3
       3
       3
       1
       0
       3
       1
       1
       1
       1
       4
       0
       1
       2
       1
       1
       2
       4
       2
       1
       0
       3
       1
       2
       0
       2
       4
       2
       1
       1
       2
       3
       1
       1
       2
       2
       1
       2
       1
       1
       2
       4
       1
       4
       7
       2
       4
       4
       2
       2
       3
       0
       3
       0
       0
       1
       1
       2
       2
       2
       1
       1
       1
       0
       0
       0
       1
       1
       0
       1
       3
       1
       1
       4
       0
       2
       2
       2
       0
       0
       4
       1
       2
       5
       2
       1
       2
       0
       2
       1
       3
       1
       1
       0
       2
       3
       1
       0
       0
       4
       3
       2
       2
       1
       1
       1
       1
       3
       1
       2
       0
       2
       3
       0
       2
       3
       5
       2
       2
       3
       2
       2
       2
       1
       1
       1
       0
       3
       3
       4
       2
       3
       1
       1
       2
       1
       4
       3
       1
       2
       2
       0
       1
       2
       3
       0
       2
       0
       1
       2
       2
       2
       2
       2
       2
       2
       5
       4
       3
       3
       2
       2
       3
       2
       1
       1
       3
       1
       3
       1
       1
       3
       4
       0
       2
       3
       1
       2
       0
       1
       1
       1
       1
       2
       1
       1
       1
       0
       1
       2
       5
       2
       3
       2
       5
       3
       1
       3
       2
       4
       1
       3
       2
       2
       3
       1
       3
       1
       2
       3
       0
       3
       0
       4
       1
       1
       3
       5
       1
       1
       3
       0
       2
       3
       1
       3
       4
       3
       3
       2
       1
       2
       2
       2
       2
       2
       1
       1
       1
       6
       8
      12
       6
       4
       7
      12
       6
      11
      10
       2
       5
       3
       4
       2
       3
       4
       1
       0
       1
       1
       3
       4
       1
       2
       4
       3
       1
       2
       3
       1
       1
       1
       3
       4
       2
       2
       4
       1
       0
       2
       1
       2
       2
       0
       4
       3
       0
       4
       2
       1
       1
       4
       2
       2
       1
       1
       1
       2
       3
       1
       3
       2
       1
       2
       2
       0
       2
       1
       2
       4
       2
       2
       1
       1
       1
       1
       2
       3
       0
       2
       4
       2
       0
       3
       0
       4
       1
       2
       0
       2
       1
       1
       0
       3
       0
       1
       2
       2
       3
       5
       3
       1
       1
       0
       2
       2
       3
       1
       1
       0
       2
       4
       1
       2
       2
       1
       1
       3
       4
       2
       3
       1
       0
       1
       0
       1
       2
       1
       5
       1
       0
       2
       2
       1
       1
       2
       2
       1
       2
       3
       0
       1
       1
       3
       2
       3
       1
       0
       1
       1
       1
       1
       2
       2
       2
       3
       5
       2
       1
       4
       2
       1
       0
       3
       2
       0
       2
       4
       3
       1
       2
       1
       1
       1
       1
       3
       2
       0
       1
       1
       1
       0
       1
       8
       0
       2
       1
       6
       2
       5
       1
       5
       5
       1
       3
       3
       3
       2
       2
       1
       2
       1
       4
       3
       2
       1
       2
       8
       1
       1
       2
       3
       2
       0
       2
       1
       2
       0
       1
       0
       1
       1
       2
       3
       1
       3
       2
       1
       1
       1
       2
       2
       1
       1
       0
       1
       1
       3
       3
       0
       2
       1
       4
       1
       0
       2
       5
       1
       1
       1
       1
       0
       1
       4
       3
       2
       3
       0
       2
       1
       2
       2
       0
       4
       0
       0
       0
       1
       0
       0
       1
       2
       3
       3
       3
       3
       1
       2
       1
       1
       0
       1
       2
       1
       3
       1
       1
       3
       5
       2
       5
       6
       0
       2
       2
       0
       2
       2
       0
       1
       4
       2
       1
       1
       2
       4
       1
       3
       1
       2
       2
       3
       2
       2
       2
       1
       1
       2
       1
       2
       1
       2
       1
       2
       1
       0
       1
       0
       3
       3
       1
       2
       3
       1
       2
       1
       3
       1
       4
       3
       2
       2
       4
       3
       2
       3
       4
       4
       0
       2
       3
       2
       2
       0
       1
       1
       1
       4
       1
       3
       2
       2
       2
       2
       2
       2
       2
       0
       3
       5
       1
       3
       2
       5
       2
       3
       2
       2
       1
       1
       1
       2
       2
       1
       2
       4
       1
       2
       3
       0
       1
       3
       0
       3
       6
       2
       1
       4
       0
       2
       1
       4
       5
       3
       0
       5
       3
       1
       2
       2
       2
       2
       4
       2
       1
       3
       1
       2
       2
       2
       0
       2
       3
       2
       3
       4
       5
       0
       1
       3
       0
       2
       0
       0
       1
       1
       1
       1
       1
       1
       1
       3
       2
       2
       0
       1
       0
       3
       2
       3
       0
       2
       2
       2
       2
       1
       1
       3
       3
       1
       3
       3
       2
       6
       2
       4
       4
       4
       2
       4
       4
       0
       4
       1
       2
       1
       2
       1
       1
       2
       3
       2
       1
       2
       0
       2
       2
       0
       1
       3
       1
       2
       3
       0
       3
       2
       2
       3
       1
       1
       2
       0
       1
       0
       1
       1
       0
       1
       2
       0
       3
       2
       3
       2
       1
       2
       0
       3
       1
       2
       0
       0
       1
       1
       2
       0
       0
       1
       1
       0
       1
       2
       4
       2
       1
       1
       1
       0
       0
       1
       2
       1
       1
       1
       2
       2
       2
       3
       0
       0
       3
       0
       2
       2
       0
       2
       0
       1
       2
       2
       0
       1
       0
       0
       0
       2
       0
       1
       0
       1
       0
       0
       2
       2
       3
       0
       2
       2
       0
       2
       1
       1
       2
       1
       0
       2
       1
       0
       1
       2
       3
       0
       3
       0
       1
       0
       0
       2
       0
       2
       0
       0
       0
       0
       0
       3
       0
       1
       1
       1
       1
       0
       1
       2
       2
       2
       0
       1
       3
       1
       1
       2
       0
       2
       1
       1
       1
       1
       2
       0
       4
       3
       3
       0
       3
       2
       0
       0
       3
       1
       0
       1
       3
       0
       2
       1
       2
       2
       0
       0
       1
       1
       1
       1
       2
       1
       1
       1
       1
       3
       1
       1
       2
       1
       1
       1
       1
       2
       1
       1
       0
       1
       3
       1
       3
       0
       1
       1
       0
       0
       1
       0
       2
       0
       0
       0
       1
       1
       3
       0
       0
       1
       0
       0
       0
       2
       1
       0
       1
       0
       1
       1
       0
       1
       1
       0
       1
       1
       0
       2
       0
       0
       0
       2
       0
       3
       2
       2
       0
       0
       0
       0
       1
       0
       1
       0
       0
       0
       1
       1
       1
       2
       1
       4
       1
       2
       2
       1
       1
       1
       1
       0
       1
       2
       2
       1
       0
       0
       0
       0
       0
       1
       0
       1
       0
       1
       0
       0
       0
       0
       1
       0
       2
       0
       1
       1
       2
       1
       0
       0
       0
       1
       0
       0
       1
       2
       1
       0
       0
       0
       0
       1
       3
       2
       0
       3
       2
       2
       2
       1
       2
       0
       1
       0
       0
       0
       1
       1
       0
       0
       1
       1
       0
       1
       0
       0
       0
       2
       1
       2
       1
       1
       2
       1
       0
       0
       2
       2
       0
       0
       0
       0
       3
       2
       0
       0
       0
       2
       1
       3
       2
       2
       1
       1
       2
       1
       0
       1
       0
       1
       0
       1
       0
       0
       1
       1
       1
       1
       1
       2
       2
       1
       1
       0
       0
       0
       1
       0
       1
       2
       2
       1
       3
       2
       0
       1
       1
       1
       1
       1
       0
       1
       1
       4
       0
       0
       1
       0
       0
       1
       3
       1
       3
       1
       0
       0
       0
       3
       0
       0
       2
       0
       1
       1
       0
       0
       0
       0
       0
       1
       1
       0
       2
       4
       0
       0
       0
       0
       2
       1
       1
       0
       0
       1
       0
       0
       0
       1
       0
       1
       2
       3
       2
       0
       1
       0
       1
       0
       1
       0
       1
       2
       1
       1
       0
       0
       0
       1
       2
       0
       1
       3
       0
       1
       1
       1
       1
       1
       2
       0
       0
       1
       0
       1
       0
       2
       1
       2
       0
       1
       1
       0
       1
       1
       0
       1
       2
       0
       0
       0
       0
       2
       0
       1
       0
       0
       0
       0
       1
       2
       2
       0
       1
       1
       0
       1
       0
       1
       0
       1
       0
       0
       0
       1
       0
       0
       0
       1
       1
       1
       1
       1
       1
       0
       1
       2
       1
       1
       2
       0
       1
       1
       1
       1
       1
       2
       2
       1
       2
       3
       0
       3
       1
       1
       0
       1
       0
       0
       1
       0
       1
       0
       0
       1
       1
       0
       0
       1
       1
       2
       0
       1
       0
       2
       2
       2
       1
       0
       0
       0
       0
       0
       1
       2
       1
       2
       2
       1
       0
       2
       0
       0
       1
       1
       0
       0
       1
       3
       0
       0
       0
       0
       2
       2
       1
       0
       0
       1
       0
       0
       0
       0
       0
       0
       1
       0
       0
       1
       0
       0
       0
       0
       0
       1
       0
       0
       1
       2
       2
       1
       0
       0
       0
       2
       1
       1
       2
       0
       1
       5
       0
       0
       1
       1
       2
       0
       1
       0
       0
       2
       0
       1
       0
       0
       1
       2
       0
       2
       2
       0
       0
       1
       1
       1
       2
       2
       1
       0
       1
       1
       1
       1
       0
       0
       0
       1
       0
       0
       0
       3
       1
       0
       0
       0
       1
       2
       1
       0
       0
       1
       0
       1
       0
       0
       0
       0
       0
       0
       1
       0
       2
       0
       1
       1
       0
       0
       1
       0
       0
       0
       1
       1
       0
       0
       0
       1
       0
       0
       0
       0
       0
       0
       1
       1
       0
       0
       0
       2
       3
       1
       0
       0
       1
       0
       0
       0
       2
       1
       0
       1
       0
       2
       1
       1
       0
       1
       1
       1
       0
       0
       2
       2
       1
       1
       0
       1
       2
       1
       1
       1
       0
       1
       0
       0
       1
       1
       0
       0
       0
       1
       1
       0
       1
       1
       0
       0
       2
       0
       1
       0
       0
       1
       1
       0
       0
       0
       0
       0
       1
       1
       1
       1
       0
       1
       0
       2
       1
       0
       0
       0
       0
       0
       0
       0
       2
       1
       0
       3
       1
       0
       0
       1
       0
       1
       0
       0
       1
       0
       0
       0
       1
       0
       0
       0
       0
       0
       2
       1
       0
       0
       1
       1
       0
       1
       1
       0
       2
       1
       0
       0
       0
       0
       0
       0
       0
       0
       1
       0
       0
       1
       1
       0
       0
       1
       1
       2
       1
       2
       1
       2
       4
       7
       9
      12
      16
      25
      23
      33
      39
      33
      47
      62
      41
      45
      46
      31
      36
      33
      18
       8
       7
       5
       2
       0
       2
       0
       1
       0
       0
       0
       1
       0
       0
       0
       0
       0
       0
       0
       0
       0
       0
       0
       1
       0
       0
       1
       0
       1
       0
       0
       2
       0
       0
       0
       0
       0
       0
       1
       0
       1
       0
       1
       1
       0
       0
       0
       1
       0
       1
       0
       0
       0
       0
       0
       0
       0
       0
       1
       1
       0
       0
       1
       0
       1
       0
       1
       0
       0
       0
       0
       1
       0
       0
       1
       0
       0
       0
       1
       1
       0
       0
       0
       0
       1
       0
       0
       0
       0
       1
       0
       0
       0
       1
       0
       1
       1
       1
       0
       1
       0
       0
       0
       1
       0
       0
       0
       0
       0
       0
       0
       1
       1
       0
       1
       0
       0
       0
       0
       0
       0
       0
       0
       0
       0
       0
       1
       0
       0
       1
       0
       2
       2
       0
       1
       0
       2
       1
       1
       0
       0
       0
       2
       1
       0
       1
       0
       0
       0
       0
       1
       0
       0
       1
       0
       0
       0
       0
       0
       0
       0
       0
       1
       0
       0
       0
       0
       1
       0
       0
       0
       0
       0
       1
       2
       0
       1
       0
       1
       1
       0
       0
       0
       0
       1
       0
       0
       1
       1
       0
       0
       1
       1
       0
       0
       0
       0
       2
       1
       0
       1
       0
       0
       1
       1
       1
       0
       0
       0
       0
       0
       0
       0
       1
       1
       0
       0
       0
       0
       1
       0
       0
       1
       0
       0
       0
       1
       0
       0
       0
       0
       2
       2
       1
       0
       0
       1
       1
       0
       0
       0
       0
       1
       0
       0
       0
       0
       0
       0
       1
       0
       0
       2
       0
       2
       0
       0
       0
       0
       0
       1
       1
       1
       0
       1
       0
       1
       0
       0
       1
       0
       0
       0
       0
       1
       1
       0
       0
       1
       1
       0
       0
       0
       0
       0
       0
       0
       1
       1
       0
       0
       0
       0
       0
       1
       0
       1
       1
       0
       0
       0
       0
       0
       0
       0
       1
       0
       1
       1
       0
       0
       1
       0
       0
       1
       0
       0
       0
       0
       1
       0
       0
       1
       0
       1
       2
       0
       0
       0
       1
       0
       0
       0
       0
       0
       0
       0
       0
       0
       0
       1
       0
       0
       0
       1
       0
       1
       0
       1
       0
       0
       0
       0
       1
       1
       1
       0
       0
       0
       0
       0
       0
       0
       0
       1
       0
       0
       1
       0
       0
       0
       0
       0
       0
       0
       0
       0
       0
       0
       1
       0
       0
       2
       0
       0
       1
       0
       0
       0
       0
       0
       0
       0
       0
       0
       0
       0
       0
       0
       0
       0
       0
       0
       0
       1
       0
       0
       1
       0
       0
       1
       1
       0
       1
       0
       0
       0
       0
       1
       0
       1
       0
       0
       0
       2
       0
       0
       0
       0
       1
       1
       0
       0
       0
       0
       1
       1
       0
       0
       0
       0
       1
       0
       0
       0
       0
       0
       1
       0
       2
       0
       1
       1
       0
       0
       1
       0
       0
       0
       1
       1
       2
       1
       0
       1
       0
       0
       0
       0
       1
       0
       0
       0
       1
       0
       0
       0
       0
       0
       0
       2
       0
       0
       0
       1
       0
       0
       0
       1
       0
       0
       0
       1
       0
       0
       1
       2
       1
       0
       1
       1
       1
       0
       2
       1
       1
       1
       0
       2
       0
       0
       1
       0
       1
       0
       0
       0
       0
       1
       0
       0
       0
       0
       0
       0
       0
       0
       0
       0
       0
       0
       0
       2
       1
       0
       0
       1
       1
       1
       0
       2
       0
       1
       0
       1
       1
       0
       0
       0
       0
       0
       0
       0
       0
       0
       0
       0
       1
       0
       0
       1
       1
       0
       1
       0
       2
       1
       0
       0
       0
       1
       0
       0
       0
       0
       0
       0
       0
       0
       0
       0
       1
       0
       0
       0
       0
       0
       0
       0
       3
       1
       0
       0
       0
       0
       0
       0
       0
       0
       0
       0
       0
       0
       0
       0
       0
       0
       1
       0
       1
       0
       0
       0
       1
       0
       0
       1
       1
       1
       0
       1
       1
       0
       0
       0
       1
       0
       1
       0
       1
       0
       0
       1
       0
       1
       0
       1
       0
       0
       0
       0
       1
       0
       0
       2
       0
       0
       0
       0
       0
       0
       0
       0
       0
       0
       0
       1
       2
       0
       3
       1
       0
       0
       0
       0
       0
       0
       0
       0
       0
       1
       0
       1
       0
       0
       1
       0
       1
       1
       1
       0
       1
       0
       0
       0
       1
       1
       0
       1
       0
       0
       0
       0
       0
       0
       0
       0
       0
       1
       0
       0
       0
       0
       0
       0
       0
       1
       0
       0
       0
       0
       0
       1
       0
       0
       0
       0
       0
       0
       0
       0
       0
       0
       0
       0
       0
       0
       0
       0
       0
       0
       0
       0
       0
       1
       0
       0
       0
       0
       0
       0
       0
       0
       0
       0
       0
       0
       0
       0
       0
       0
       0
       0
       0
       0
       1
       0
       0
       0
       0
       1
       0
       0
       0
       0
       1
       1
       0
       0
       0
       0
       0
       1
       0
       0
       0
       0
       0
       0
       0
       1
       0
       0
       0
       0
       0
       0
       0
       0
       0
       0
       0
       1
       0
       0
       1
       1
       0
       0
       0
       0
       0
       1
       0
       1
       0
       0
       0
       0
       0
       0
       0
       0
       0
       0
       0
       0
       1
       1
       0
       0
       0
       1
       0
       1
       0
       0
       0
       1
       1
       0
       0
       0
       0
       0
       0
       0
       0
       0
       1
       1
       0
       1
       0
       0
       0
       0
       0
       0
       1
       0
       0
       0
       0
       0
       0
       1
       0
       2
       2
       0
       0
       0
       0
       0
       0
       0
       0
       1
       0
       1
       2
       1
       0
       0
       0
       0
       0
       0
       0
       1
       0
       0
       1
       1
       0
       0
       0
       0
       0
       0
       0
       1
       0
       1
       1
       0
       0
       1
       0
       0
       0
       0
       1
       0
       1
       1
       1
       0
       0
       0
       0
       0
       0
       0
       0
       1
       0
       0
       0
       0
       0
       1
       0
       0
       1
       0
       0
       0
       0
       1
       0
       0
       0
       1
       0
       0
       0
       0
       0
       1
       0
       0
       1
       0
       1
       1
       1
       0
       0
       0
       0
       0
       0
       1
       0
       0
       0
       0
       0
       0
       0
       0
       1
       1
       0
       0
       0
       0
       0
       0
       0
       0
       0
       0
       0
       0
       1
       0
       0
       0
       0
       1
       0
       0
       1
       0
       0
       0
       0
       0
       0
       0
       0
       0
       0
       1
       0
       0
       0
       0
       0
       0
       0
       0
       0
       0
       0
       0
       0
       0
       0
       0
       0
       1
       0
       0
       0
       0
       0
       0
       0
       0
       0
       1
       0
       0
       0
       0
       0
       0
       0
       0
       0
       0
       1
       1
       0
       0
       0
       1
       0
       0
       0
       0
       1
       0
       1
       3
       0
       1
       0
       0
       0
       1
       0
       0
       1
       0
       0
       1
       0
       0
       0
       1
       0
       0
       0
       0
       0
       0
       1
       0
       0
       0
       0
       0
       1
       0
       0
       0
       0
       0
       0
       0
       0
       0
       1
       0
       0
       0
       0
       0
       0
       0
       0
       0
       0
       0
       0
       0
       0
       0
       0
       0
       1
       0
       1
       0
       0
       0
       0
       0
       0
       1
       0
       0
       1
       0
       0
       0
       2
       0
       0
       0
       0
       0
       0
       0
       0
       0
       0
       0
       0
       1
       0
       0
       0
       0
       1
       0
       0
       0
       0
       1
       0
       0
       0
       0
       0
       0
       0
       0
       1
       0
       0
       0
       0
       1
       1
       0
       0
       0
       0
       0
       0
       0
       1
       0
       0
       0
       2
       1
       1
       1
       0
       1
       1
       0
       2
       1
       8
       4
       4
       8
       4
       4
       1
       4
       1
       1
       2
       1
       1
       0
       0
       0
       0
       0
       1
       0
       0
       0
       1
       0
       0
       1
       0
       0
       0
       0
       2
       0
       1
       1
       0
       0
       0
       0
       0
       0
       0
       1
       0
       0
       0
       0
       1
       0
       0
       0
       0
       0
       0
       0
       0
       1
       0
       0
       0
       0
       0
       0
       0
       0
       0
       0
       0
       0
       0
       0
       0
       0
       0
       0
       0
       1
       0
       0
       0
       0
       1
       1
       0
       0
       0
       2
       1
       1
       0
       0
       0
       0
       0
       0
       0
       0
       0
       0
       0
       0
       0
       0
       0
       1
       0
       0
       0
       0
       0
       0
       1
       0
       0
       0
       0
       1
       0
       0
       0
       0
       0
       0
       0
       0
       0
       0
       0
       0
       0
       1
       0
       0
       1
       0
       0
       0
       0
       0
       0
       0
       0
       1
       0
       0
       0
       0
       0
       0
       0
       0
       0
       0
       0
       0
       0
       0
       0
       0
       0
       1
       0
       0
       0
       0
       0
       0
       1
       0
       0
       1
       0
       0
       0
       0
       1
       0
       0
       0
       0
       0
       0
       0
       0
       0
       1
       0
       0
       0
       0
       0
       1
       0
       0
       0
       0
       0
       0
       0
       0
       1
       0
       0
       0
       0
       0
       0
       0
       0
       0
       0
       0
       0
       1
       0
       0
       0
       0
       0
       0
       0
       1
       1
       0
       0
       1
       0
       2
       0
       0
       0
       0
       0
       0
       0
       0
       3
       0
       0
       0
       0
       0
       0
       1
       0
       0
       0
       0
       0
       0
       0
       0
       0
       0
       0
       0
       2
       0
       0
       0
       0
       0
       1
       1
       0
       0
       0
       0
       0
       0
       0
       0
       0
       0
       0
       1
       0
       0
       0
       0
       0
       1
       0
       0
       0
       0
       0
       0
       0
       0
       0
       0
       0
       2
       1
       1
       0
       0
       0
       1
       0
       0
       0
       0
       0
       0
       0
       1
       0
       1
       0
       0
       0
       0
       0
       0
       1
       0
       0
       0
       1
       0
       1
       1
       2
       2
       0
       0
       0
       1
       0
       0
       0
       0
       0
       0
       0
       0
       1
       0
       0
       0
       0
       0
       0
       0
       0
       0
       1
       0
       0
       1
       0
       1
       0
       0
       1
       1
       0
       1
       0
       0
       0
       0
       0
       0
       0
       0
       0
       0
       1
       1
       0
       0
       0
       0
       0
       1
       0
       0
       0
       0
       0
       0
       0
       0
       0
       1
       1
       0
       0
       0
       0
       2
       0
       0
       0
       0
       0
       0
       0
       0
       0
       0
       0
       0
       0
       0
       0
       1
       0
       1
       0
       0
       0
       1
       0
       0
       0
       0
       0
       0
       0
       0
       0
       0
       1
       0
       0
       1
       0
       1
       1
       0
       0
       0
       0
       0
       0
       0
       0
       0
       0
       0
       0
       0
       0
       0
       0
       0
       1
       0
       0
       1
       0
       0
       0
       0
       0
       0
       0
       0
       0
       2
       0
       0
       0
       0
       0
       0
       0
       0
       0
       0
       0
       0
       0
       0
       0
       0
       1
       0
       0
       1
       0
       0
       0
       0
       0
       0
       0
       0
       0
       0
       0
       0
       0
       0
       0
       0
       0
       0
       0
       0
       0
       1
       1
       0
       0
       0
       0
       0
       0
       0
       0
       1
       0
       1
       1
       0
       0
       0
       1
       0
       0
       0
       0
       0
       0
       0
       1
       0
       0
       0
       0
       0
       0
       0
       0
       0
       0
       1
       0
       0
       0
       1
       0
       0
       0
       0
       0
       0
       0
       0
       1
       0
       1
       0
       0
       0
       0
       0
       0
       0
       0
       1
       0
       0
       1
       0
       0
       0
       0
       0
       0
       0
       0
       0
       0
       0
       0
       0
       0
       1
       0
       0
       0
       0
       0
       0
       0
       0
       0
       0
       0
       1
       0
       0
       0
       0
       0
       1
       0
       0
       1
       0
       0
       0
       0
       0
       0
       0
       1
       0
       0
       0
       1
       0
       0
       0
       0
       0
       0
       0
       0
       0
       0
       0
       0
       0
       0
       0
       2
       1
       0
       0
       0
       0
       0
       0
       2
       0
       0
       1
       0
       1
       0
       0
       0
       1
       0
       0
       0
       0
       0
       0
       0
       0
       0
       0
       0
       0
       0
       0
       0
       0
       0
       0
       0
       0
       0
       0
       1
       0
       0
       1
       1
       0
       0
       0
       0
       1
       0
       0
       0
       0
       0
       0
       0
       0
       0
       0
       1
       0
       0
       0
       0
       0
       0
       0
       0
       0
       0
       0
       0
       0
       0
       1
       0
       1
       0
       0
       0
       0
       0
       0
       0
       1
       0
       0
       0
       1
       0
       0
       0
       0
       0
       0
       0
       0
       0
       0
       0
       1
       1
       0
       2
       0
       0
       0
       0
       1
       0
       0
       0
       0
       1
       0
       0
       0
       0
       0
       0
       0
       1
       1
       0
       0
       0
       0
       0
       0
       0
       0
       0
       1
       0
       0
       1
       0
       0
       0
       0
       0
       0
       0
       0
       0
       1
       0
       1
       0
       0
       0
       0
       0
       1
       0
       1
       0
       0
       0
       0
       0
       0
       0
       0
       0
       0
       1
       0
       0
       0
       0
       0
       0
       0
       0
       1
       1
       0
       0
       0
       0
       0
       0
       0
       0
       0
       2
       1
       0
       0
       0
       0
       0
       0
       1
       0
       0
       0
       0
       0
       0
       2
       0
       0
       0
       0
       0
       0
       0
       0
       0
       0
       0
       0
       0
       0
       0
       0
       0
       0
       0
       0
       0
       0
       0
       0
       0
       0
       0
       0
       0
       0
       0
       0
       0
       0
       1
       0
       1
       0
       0
       0
       0
       0
       0
       0
       0
       1
       0
       0
       0
       0
       0
       0
       1
       0
       0
       0
       0
       0
       0
       0
       0
       0
       0
       1
       0
       0
       0
       0
       0
       0
       0
       0
       0
       0
       0
       0
       0
       0
       0
       0
       0
       0
       0
       0
       0
       0
       0
       0
       0
       0
       0
       0
       0
       0
       0
       0
       0
       0
       0
       0
       0
       0
       0
       0
       0
       0
       1
       0
       0
       0
       0
       0
       0
       0
       0
       1
       0
       0
       0
       0
       0
       0
       0
       0
       1
       0
       0
       0
       0
       1
       0
       0
       0
       0
       0
       0
       0
       1
       0
       0
       1
       0
       0
       0
       0
       0
       0
       0
       0
       0
       0
       0
       0
       0
       0
       0
       1
       0
       0
       0
       0
       0
       0
       0
       0
       0
       0
       1
       1
       0
       0
       1
       1
       0
       0
       0
       0
       0
       0
       0
       0
       0
       0
       0
       0
       0
       0
       0
       0
       0
       0
       0
       0
       1
       0
       0
       0
       0
       0
       0
       0
       0
       0
       0
       1
       0
       0
       0
       0
       0
       1
       0
       0
       0
       0
       0
       0
       0
       0
       0
       0
       0
       0
       0
       1
       0
       0
       0
       0
       1
       1
       0
       0
       1
       0
       1
       0
       0
       0
       0
       0
       0
       0
       0
       1
       0
       0
       0
       0
       0
       0
       0
       0
       0
       1
       1
       0
       1
       0
       1
       0
       0
       0
       0
       0
       0
       1
       1
       0
       0
       0
       0
       0
       0
       0
       0
       0
       0
       0
       0
       0
       0
       0
       0
       0
       0
       0
       0
       0
       0
       0
       1
       0
       0
       0
       1
       0
       0
       0
       0
       0
       0
       0
       0
       0
       1
       0
       0
       0
       1
       0
       1
       0
       0
       0
       0
       0
       0
       0
       0
       0
       0
       1
       0
       0
       0
       0
       0
       1
       0
       0
       1
       0
       1
       0
       0
       0
       0
       0
       0
       0
       0
       0
       0
       0
       2
       0
       0
       0
       0
       0
       0
       1
       0
       0
       0
       0
       0
       1
       0
       0
       0
       0
       0
       0
       0
       0
       0
       0
       0
       0
       0
       0
       0
       0
       0
       0
       0
       0
       0
       0
       0
       0
       0
       0
       1
       1
       0
       0
       0
       0
       0
       0
       1
       0
       0
       0
       0
       0
       0
       0
       0
       0
       0
       1
       0
       0
       0
       0
       0
       0
       0
       0
       0
       0
       0
       0
       0
       0
       0
       1
       0
       0
       0
       0
       0
       0
       0
       0
       0
       0
       1
       1
       0
       0
       0
       0
       0
       0
       0
       0
       1
       0
       0
$ROI:
11
224 244
765 907
1350 1411
1828 1908
2525 2667
2716 2799
3716 3817
4331 4427
4564 4622
5085 5259
5690 5768
$PRESETS:
Live Time
600
0
$ENER_FIT:
0.053689 0.255148
$MCA_CAL:
3
5.368913E-002 2.551478E-001 -1.853380E-009 keV
$SHAPE_CAL:
3
6.992400E+000 7.812671E-004 -3.508660E-008
