$SPEC_ID:
No sample description was entered.
$SPEC_REM:
DET# 1
DETDESC# GMX20P4 HPGe
AP# Maestro Version 7.01
$DATE_MEA:
11/27/2018 13:57:34
$MEAS_TIM:
600 601
$DATA:
0 8191
       0
       0
       0
       0
       0
       0
       0
       0
       0
       0
       0
       0
       0
       0
       0
       0
       0
       0
       0
       0
       0
       0
       0
       0
       0
       0
       0
       0
       0
       0
       0
       0
       0
       0
       0
       0
       0
       0
       0
       0
       0
       0
       0
       0
       0
       0
       0
       0
       2
      26
      60
      95
      92
      87
      91
     105
      97
      97
      83
      88
     105
     105
     102
     100
     110
      97
     119
     120
     115
     117
     119
     142
     164
     158
     152
     173
     202
     235
     252
     282
     287
     343
     319
     302
     246
     229
     160
     155
     130
     142
     133
     116
     165
     142
     161
     198
     208
     223
     227
     214
     233
     243
     263
     280
     329
     384
     462
     557
     623
     697
     770
     917
    1047
    1309
    1614
    2101
    2827
    3858
    4848
    5612
    5793
    5700
    5028
    4004
    3109
    2113
    1330
     824
     553
     433
     439
     491
     641
     867
    1076
    1244
    1389
    1411
    1293
    1195
     969
     717
     548
     364
     251
     159
     131
      96
      97
      68
      70
      86
      83
      69
      84
      70
      86
      96
      77
      75
      88
     108
      95
      80
      76
      76
      83
     108
      92
      90
      86
      93
     102
      84
      79
     111
     103
      95
      93
     108
     104
     128
     148
      93
     114
     109
     109
      96
      85
     120
     122
     121
     108
     126
     127
     121
     126
     130
     126
     127
     152
     136
     145
     159
     183
     238
     264
     294
     275
     292
     226
     196
     202
     162
     149
     159
     128
     142
     117
     138
     117
     130
     137
     136
     143
     143
     135
     160
     149
     156
     155
     159
     163
     137
     153
     140
     134
     160
     174
     194
     199
     201
     177
     208
     197
     215
     189
     207
     219
     218
     235
     236
     232
     230
     236
     248
     267
     250
     247
     242
     258
     257
     241
     273
     246
     261
     254
     258
     255
     254
     277
     255
     247
     228
     277
     257
     255
     246
     244
     236
     262
     219
     230
     222
     255
     222
     233
     219
     220
     236
     248
     226
     232
     223
     223
     226
     209
     222
     221
     213
     221
     219
     214
     212
     229
     238
     247
     271
     319
     390
     529
     690
     949
    1291
    1741
    2102
    2420
    2658
    2597
    2134
    1727
    1243
     921
     561
     358
     247
     167
     156
     133
     126
     143
     141
     128
     148
     127
     137
     133
     144
     136
     135
     137
     154
     115
     141
     131
     150
     133
     139
     150
     144
     127
     146
     114
     126
     125
     123
     156
     137
     143
     129
     136
     156
     153
     142
     115
     129
     121
     129
     129
     130
     113
     132
     138
     143
     121
     116
     153
     146
     141
     134
     139
     124
     135
     138
     127
     128
     130
     143
     136
     123
     136
     141
     131
     131
     128
     135
     132
     155
     141
     126
     140
     133
     121
     134
     150
     131
     124
     121
     131
     140
     133
     128
     124
     124
     115
     136
     135
     142
     147
     139
     136
     119
     112
     142
     136
     133
     128
     123
     130
     151
     142
     140
     147
     109
     142
     126
     107
     144
     160
     117
     145
     123
     132
     125
     143
     154
     111
     119
     131
     111
     116
     145
     129
     154
     139
     130
     126
     137
     128
     121
      96
     123
     120
     127
     119
     103
     130
     123
     122
     124
     129
     120
      90
     127
     110
     113
     138
     141
     135
     139
     117
     129
     109
     118
     124
     134
     118
     107
     114
     113
     123
     135
     113
     113
     133
     121
     121
     131
     122
     121
     117
     121
     108
     112
     129
     130
     133
     100
     121
     125
     124
     124
     117
     121
     122
     103
     113
      95
     130
     111
     137
     113
     119
     107
     126
     116
     123
     136
     117
     131
     118
     106
     135
     111
     122
     126
     125
     112
     121
      96
     120
     116
     108
     117
     122
     126
     119
     109
     116
     116
     110
     129
     106
     123
     121
     120
     111
     105
     104
     103
     122
     122
     117
     111
     121
     111
     127
     106
      98
     133
     103
     128
     125
     125
     114
     132
     125
     109
      87
     104
     124
     123
     120
     119
     118
     111
     108
     120
     139
     132
     115
     106
     135
     132
     113
     134
     131
     131
     125
     134
     115
     115
     100
     112
     122
     110
     109
     148
     115
     128
     120
     123
     108
     132
     117
      96
     122
     112
     102
     115
     100
     118
     121
     119
     125
     119
     148
     120
     138
     143
     148
     145
     123
     122
     111
     123
     119
     109
     103
     120
     106
      95
     112
     101
     128
     112
     118
     114
     110
      95
     107
      88
     104
     124
      99
      92
      95
      89
      84
     113
     106
     103
     100
      76
      97
     107
      97
      94
      84
     113
     109
     103
     108
      97
     120
      78
      96
      94
     105
      99
      98
     107
      95
     112
     105
      98
      89
     100
     105
      94
     100
      96
      95
      77
      83
      88
      98
      89
     109
      94
      85
      82
      94
      98
     108
      81
     101
     101
      96
     102
      94
     117
      87
     107
      97
      94
     119
      95
      90
      90
      97
      87
      93
      94
     106
     102
     115
     115
     120
     103
      99
     103
      99
     101
     100
      84
      97
      98
      87
      94
      86
      99
     100
     106
      92
      78
      91
      90
      78
      85
      97
     110
     100
      99
     110
      95
     101
      98
     104
      83
      96
     114
      89
      81
      89
     101
      93
     109
      88
     102
      82
      82
      93
      92
      90
     117
      96
      99
      88
      89
      80
      84
      94
      90
      83
      91
      91
      86
      77
     102
      85
      76
      91
      76
      94
     103
      92
      81
      90
      75
      73
      95
      77
      80
      77
      83
      84
      87
      82
      72
      75
      96
      98
      61
      78
      76
      63
      86
      80
      80
      62
      79
      77
      62
      66
      68
      74
      71
      77
      54
      69
      59
      69
      68
      71
      51
      88
      55
      64
      67
      58
      60
      68
      67
      59
      65
      73
      72
      51
      71
      62
      77
      61
      65
      65
      67
      62
      68
      63
      59
      65
      53
      57
      54
      70
      52
      67
      59
      60
      50
      66
      84
      64
      64
      94
      86
      70
      80
      79
      81
      51
      56
      57
      60
      57
      51
      54
      49
      66
      46
      57
      59
      49
      42
      55
      59
      54
      44
      61
      53
      48
      64
      41
      45
      43
      50
      45
      58
      59
      43
      59
      55
      43
      65
      47
      36
      35
      53
      50
      48
      55
      62
      44
      61
      48
      55
      36
      37
      51
      46
      53
      49
      53
      53
      62
      66
      72
      68
      56
      57
      48
      48
      50
      44
      39
      70
      53
      49
      58
      50
      54
      50
      42
      43
      37
      50
      46
      47
      42
      43
      32
      38
      50
      37
      43
      33
      32
      25
      40
      39
      45
      40
      38
      42
      36
      35
      35
      41
      35
      33
      40
      34
      39
      36
      40
      29
      45
      31
      50
      32
      46
      34
      40
      31
      39
      40
      34
      46
      41
      41
      40
      30
      47
      38
      37
      36
      45
      43
      41
      32
      35
      28
      29
      40
      45
      34
      33
      30
      28
      38
      31
      27
      30
      29
      24
      36
      47
      28
      38
      32
      30
      40
      36
      37
      30
      29
      30
      32
      35
      36
      36
      25
      36
      46
      33
      25
      38
      31
      38
      29
      28
      37
      35
      27
      31
      30
      29
      38
      32
      28
      36
      25
      35
      30
      33
      27
      22
      38
      25
      31
      26
      40
      38
      30
      41
      46
      44
      60
      98
     124
     156
     208
     249
     285
     260
     266
     234
     183
     120
      85
      65
      47
      30
      31
      27
      19
      23
      24
      22
      20
      25
      31
      33
      28
      32
      28
      20
      28
      26
      20
      26
      27
      26
      26
      22
      25
      27
      28
      18
      21
      20
      22
      20
      31
      23
      27
      31
      23
      36
      29
      28
      23
      19
      29
      35
      28
      15
      29
      32
      23
      18
      31
      27
      34
      33
      21
      25
      23
      26
      19
      29
      26
      22
      29
      30
      33
      33
      37
      38
      37
      24
      41
      19
      15
      19
      27
      25
      13
      24
      18
      19
      17
      29
      15
      23
      30
      27
      45
      33
      56
      99
     138
     221
     323
     395
     475
     580
     591
     620
     504
     411
     309
     192
     124
      75
      50
      43
      27
      20
      21
      22
      15
      26
      17
      18
      20
      20
      27
      16
      16
      16
      21
      19
      17
      15
      21
      15
      15
      14
      15
      17
      22
      19
      23
      19
      11
      13
      20
      21
      24
      14
      15
      23
      23
      25
      17
      21
      13
      20
      15
      16
      12
      22
      13
      16
      18
      20
      20
      16
      17
      13
      12
      18
      11
      13
      16
      25
      20
      11
      20
      18
      16
      16
      17
      16
      25
      11
      25
      20
      20
      12
      11
      13
      14
       8
      16
      15
      13
      11
      24
      19
      20
      21
      18
      16
      21
      14
      17
      19
      15
      24
      20
      20
      21
      12
      17
      25
      19
      10
      13
      11
      15
      19
      15
      18
      20
      19
      21
      20
      33
      14
      22
      15
      17
      11
      15
      20
      20
      14
      20
      15
      20
      14
      24
      25
      20
      13
      15
      21
      23
      28
      14
      13
      17
      16
      16
      22
      13
      19
      10
      11
      19
      11
      18
      13
      13
      11
      12
      17
      12
      12
       7
      20
      12
      20
      19
      11
      15
      20
      12
      12
      15
      14
      12
      16
      20
      12
      17
      11
      12
      13
      20
      16
      18
      15
      26
      33
      31
      36
      37
      33
      35
      43
      31
      35
      55
      80
     112
     213
     321
     555
     756
    1133
    1431
    1558
    1705
    1657
    1472
    1196
     916
     585
     365
     217
     119
      53
      39
      21
      15
      13
       5
      11
      10
      10
       4
       6
      10
      11
      10
      10
       8
      12
       7
      11
      11
       6
      17
       6
       5
       7
      11
      13
      11
      10
       6
       8
       6
      12
      10
       6
       5
       7
       9
       9
      15
       7
      10
       8
      12
      13
       6
       7
      10
      14
      12
      13
      10
       7
      13
       9
      14
      11
       8
      12
      18
      15
      10
       7
      11
       4
      10
       7
      11
      11
       6
       9
       0
       6
      12
       9
       9
       5
       5
       8
       6
       9
       8
      10
      15
      10
       7
       8
       8
      12
      14
      12
      16
      21
      36
      54
      71
     119
     146
     189
     178
     201
     250
     203
     181
     112
      67
      66
      57
      39
      17
      19
      24
      25
      11
      11
      21
      12
      12
       7
      12
       8
      14
      11
       6
       8
       5
       6
       7
      10
       8
       7
       6
       8
       8
       5
       8
       8
       9
       6
       9
       6
       2
       7
      10
       7
      11
       8
       4
      11
       7
       9
       5
       3
       6
       6
       1
      10
       8
      10
       9
       8
       9
       5
       4
       8
       6
      11
       6
       7
      11
       7
       5
      12
       9
       7
       7
       3
       6
       9
       8
       9
      13
      12
       6
      10
       8
       6
       8
       6
       3
       7
      10
      10
       7
       3
       7
      10
       8
       7
       6
       7
       9
       5
      10
       9
      12
       8
      12
       9
       3
      11
       3
       5
       9
       9
       4
       4
       8
       4
      12
      11
       7
       4
       9
       9
       4
      10
       3
       9
      10
      10
       8
       6
       9
       8
      10
       5
       7
       7
       6
       4
       7
       9
       1
       7
       4
       8
       9
       6
       8
       8
       9
       9
       7
       2
       7
       6
       5
      12
       7
       3
       8
       6
      12
       9
       8
       6
       4
       7
       5
       4
       4
       3
       6
      12
       5
       9
       6
      10
       9
       3
       4
       8
      10
       3
       6
       4
       9
       8
       9
       7
      10
       9
       4
       7
       6
       5
       4
       8
      10
       3
       7
      12
       7
       6
       9
       6
       4
       8
      16
      13
       8
       5
       8
       4
       4
       5
       9
       8
      11
       4
       5
       8
      11
       5
       8
       7
       7
       8
       7
       3
       2
       5
      12
       9
       4
       3
       8
       7
       3
       9
       4
       6
       3
       6
      10
       8
       7
       6
       2
       7
       7
       7
       5
       9
       7
       3
       7
       5
       5
       1
       5
       5
       7
       6
       7
      10
       8
       7
       7
       6
       6
      13
       5
       5
       7
       6
       3
       6
       7
       5
       7
       6
       6
       6
       6
       3
       7
       5
       5
       4
       3
       3
       2
       6
       3
       2
       8
       4
      10
      11
       5
       6
       8
       3
       3
       5
       5
       6
       8
       6
       4
       5
       3
       2
       6
       7
       4
       5
       4
       5
       7
       3
       5
       6
       8
       9
       2
       5
       6
       5
       5
       5
       5
       5
       8
       5
       9
       4
       1
       4
       6
       6
       3
       4
       7
      12
       4
       5
       6
       7
       6
       3
       5
       7
       6
       3
       5
       7
       4
       5
       6
       3
       5
      11
       3
       8
       2
       6
       5
       1
       9
       3
       2
       5
       9
       4
       7
       6
       6
       3
       6
       8
       8
       7
       3
       7
       9
      10
       8
       6
       4
       1
       4
       9
       7
       4
       6
       5
       6
       7
       7
       4
       6
       4
      10
       6
       6
       5
       2
       4
       9
       7
       2
       4
       5
       8
       4
       4
       4
       5
       5
       4
       4
       9
       7
       5
       3
       6
       5
       4
       5
       4
       7
       8
       6
       8
       8
       6
       6
       7
       5
       8
       7
       4
       2
       6
       7
       9
       5
       5
       4
       6
       8
       3
       7
       2
       6
       2
       7
       7
       4
       8
       6
       9
       6
       7
       7
       5
       4
       6
       5
       6
       1
       6
       3
       2
       6
       5
       1
       3
       4
       6
       7
       4
       6
       8
       2
       7
       6
       6
       5
       5
       4
       8
       6
       7
      12
      14
       7
      10
       7
       9
       7
       5
       9
       6
       6
       3
       4
       4
       6
       4
       6
       6
       6
       5
       3
       3
       4
       4
       2
       4
       3
       3
       3
       8
       6
       3
       2
       9
       8
       2
       4
       8
       9
       2
       2
       6
       2
       2
       2
       1
       3
       6
       5
       7
       1
       4
       5
       2
       5
       5
       5
       3
       7
       0
       6
       4
       5
       7
       3
       2
       3
       5
       2
       6
       7
       2
       6
       4
       3
       4
       5
       5
       4
       6
       2
       2
       4
       3
       6
       2
       3
       4
       4
       1
       5
       2
       2
       2
       6
       2
       0
       5
       5
      10
       4
       1
       5
       3
       2
       3
       3
       8
       6
       5
       7
       3
       6
       6
       4
       6
       2
       2
       4
       6
       5
       3
       1
       5
       5
       4
       4
       5
       4
       3
       1
       4
       2
       5
       3
       2
       3
       4
       4
       8
       7
       7
       2
       2
       4
       5
       3
       3
       3
       3
       6
       5
       3
       2
       4
       7
       7
       3
       3
       1
       5
       4
       2
       2
       6
       4
       3
       1
       2
       4
       2
       4
       6
       7
       1
       3
       6
       3
       4
       4
       2
       7
       7
       5
       5
       5
       3
       8
       3
       5
       4
       2
       2
       4
       2
       3
       7
       4
       2
       2
       2
       5
       7
       4
       3
       4
       7
       3
       5
       5
       3
       4
       5
       3
       6
       2
       2
       2
       2
       8
       2
       9
       5
       5
       3
       3
       3
       2
       3
       3
       7
       1
       4
       4
       3
       2
       5
       4
       3
       8
       4
       4
       2
       5
       3
       3
       8
       3
       1
       2
       2
       2
       5
       3
       6
       2
       1
       5
       2
       8
       3
       2
       2
       1
       2
       2
       4
       5
       6
       4
       5
       3
       5
       2
       4
       6
       6
       5
       2
       7
       7
       8
       7
      12
      13
       8
       4
      12
       7
       6
       6
       8
       1
       2
       5
       1
       6
       3
       3
       5
       2
       1
       3
       2
       4
       1
       3
       1
       4
       4
       2
       4
       2
       2
       4
       4
       3
       4
       2
       6
       6
       7
       4
       4
       3
       7
       5
       3
       3
       6
       7
       8
       3
       6
       1
       4
       1
       6
       2
       3
       6
       4
       6
       8
       5
       2
       3
       5
       4
       5
       4
       3
       4
       3
       4
      11
       5
       5
       4
       5
       4
       0
       6
       5
       5
       4
       3
       5
       4
       6
       4
       4
       4
       4
       2
       5
       3
       3
       4
       9
       6
      18
       8
      20
      24
      32
      21
      28
      18
      22
      23
      12
      14
       3
       6
       4
       5
       4
       4
       2
       2
       2
       4
       2
       2
       2
       3
       1
       1
       4
       2
       3
       3
       6
       4
       2
       1
       1
       7
       6
       4
       1
       1
       4
       1
       2
       1
       1
       4
       1
       3
       4
       5
       5
       4
       3
       5
       4
       6
       6
       7
       6
       3
       5
       4
       3
       4
       2
       2
       4
       5
       2
       3
       4
       6
       1
       7
       4
       1
       4
       0
       0
       1
       3
       3
       4
       1
       2
       2
       3
       3
       5
       3
       3
       3
       6
       0
       4
       4
       6
       2
       2
       2
       4
       2
       1
       1
       6
       3
       4
       3
       6
       5
       2
       4
       2
       5
       4
       3
       3
       3
       5
       3
       0
       3
       1
       3
       0
       2
       5
       1
       4
       0
       6
       2
       4
       5
       6
       1
       3
       5
       6
       3
       5
       2
       3
       1
       4
       6
       3
       1
       3
       3
       0
       3
       3
       4
       4
       2
       2
       4
       3
       4
       4
       5
       3
       1
       4
       3
       2
       3
       3
       3
       4
       4
       7
       5
       2
       4
       1
       3
       3
       2
       3
       2
       2
       1
       5
       0
       2
       2
       6
       4
       3
       0
       2
       3
       1
       2
       0
       1
       5
       3
       7
       5
       5
       5
       7
      12
      10
      12
       9
      11
      12
      11
      10
       5
       9
       2
       5
       4
       3
       0
       2
       2
       1
       1
       5
       4
       4
       2
       4
       0
       5
       3
       4
       4
       5
       1
       3
       2
       2
       0
       3
       7
       0
       0
       6
       2
       5
       4
       1
       2
       2
       4
       4
       4
       2
       2
       0
       2
       2
       4
       3
       1
       3
       2
       3
       2
       3
       3
       1
       4
       2
       2
       9
       1
       2
       4
       1
       4
       0
       5
       6
       7
       1
       2
       1
       3
       3
       2
       1
       4
       2
       2
       5
       1
       4
       2
       3
       2
       2
       3
       4
       3
       2
       2
       2
       1
       3
       5
       1
       3
       3
       2
       2
       1
       3
       1
       5
       2
       1
       6
       2
       3
       4
       2
       1
       1
       2
       3
       4
       1
       1
       5
       0
       4
       3
       3
       3
       3
       0
       1
       5
       5
       0
       0
       5
       3
       6
       3
       7
       2
       4
       4
       2
       4
       0
       2
       1
       2
       3
       5
       1
       0
       0
       2
       4
       1
      10
       5
       3
       5
       3
       2
       3
       3
       0
       3
       5
       3
       3
       3
       6
       3
       2
       4
       3
       8
       0
       2
       1
       5
       2
       5
       5
       4
       4
       4
       3
       4
       2
       3
       3
       0
       4
       2
       1
       4
       4
       3
       3
       4
       2
       2
       4
       6
       7
       5
       4
       1
       2
       0
       6
       0
       1
       4
       1
       1
       1
       2
       3
       1
       4
       4
       2
       6
       1
       2
       3
       5
       2
       4
       5
       0
       3
       1
       3
       2
       0
       2
       1
       1
       3
       2
       2
       4
       1
       1
       4
       2
       2
       3
       3
       5
       5
       5
       6
       5
       5
       8
       1
       2
       4
       5
       8
       0
       4
       4
       3
       3
       2
       1
       3
       3
       3
       0
       2
       0
       6
       3
       3
       1
       3
       0
       1
       2
       2
       0
       4
       0
       3
       2
       4
       5
       1
       2
       1
       3
       3
       4
       1
       3
       1
       3
       2
       1
       1
       1
       1
       3
       3
       1
       6
       0
       4
       3
       2
       3
       4
       3
       4
       2
       3
       0
       1
       2
       3
       2
       3
       3
       1
       2
       4
       3
       2
       3
       4
       3
       2
       1
       2
       2
       0
       2
       2
       2
       0
       1
       5
       2
       5
       2
       2
       0
       3
       1
       2
       3
       3
       3
       1
       0
       1
       0
       3
       1
       7
       0
       2
       4
       2
       0
       4
       1
       2
       4
       2
       4
       1
       1
       2
       2
       3
       1
       1
       3
       3
       2
       3
       2
       1
       4
       4
       4
       1
       3
       1
       0
       2
       3
       3
       2
       4
       5
       2
       1
       4
       3
       1
       2
       4
       1
       2
       5
       5
       2
       5
       1
       5
      10
       4
       7
       3
       6
       2
       1
       1
       2
       5
       3
       3
       4
       3
       2
       5
       3
       4
       3
       1
       2
       2
       2
       0
       0
       4
       1
       1
       4
       2
       1
       4
       3
       3
       2
       0
       2
       2
       1
       1
       1
       2
       1
       2
       3
       2
       1
       2
       2
       5
       5
       0
       1
       3
       0
       1
       4
       3
       3
       3
       3
       2
       2
       3
       3
       3
       0
       3
       4
       5
       2
       6
       3
       2
       1
       3
       0
       1
       2
       1
       1
       3
       2
       3
       3
       1
       1
       4
       3
       6
       3
       3
       1
       1
       2
       6
       2
       5
       5
       2
       5
       4
       3
       5
       5
       9
       5
       5
       1
       2
       3
       2
       2
       3
       2
       2
       1
       3
       1
       5
       1
       3
       3
       1
       4
       1
       2
       2
       1
       0
       2
       0
       1
       1
       2
       1
       2
       2
       3
       4
       4
       1
       1
       0
       6
       1
       2
       3
       1
       4
       3
       0
       3
       2
       0
       4
       3
       1
       2
       0
       4
       3
       1
       3
       0
       4
       0
       1
       2
       2
       2
       1
       3
       3
       2
       0
       0
       2
       6
       0
       1
       2
       2
       2
       0
       3
       2
       4
       2
       1
       4
       4
       1
       1
       0
       1
       1
       0
       1
       2
       3
       2
       4
       0
       2
       6
       3
       1
       2
       1
       1
       3
       2
       0
       3
       2
       3
       1
       0
       4
       1
       4
       2
       1
       0
       3
       3
       2
       3
       5
       1
       1
       1
       1
       1
       4
       2
       2
       3
       2
       1
       2
       5
       1
       1
       2
       1
       2
       0
       3
       5
       2
       0
       2
       3
       2
       2
       2
       5
       2
       2
       1
       4
       1
       3
       1
       2
       2
       6
       2
       4
       1
       2
       1
       5
       1
       4
       5
       1
       5
       2
       6
       2
       5
       2
       5
       8
       5
       2
       1
       2
       2
       4
       3
       3
       7
       4
       0
       3
       1
       2
       3
       3
       4
       3
       3
       1
       1
       0
       1
       2
       1
       0
       3
       2
       1
       1
       0
       3
       4
       1
       1
       3
       0
       3
       3
       1
       2
       0
       3
       2
       2
       2
       1
       1
       2
       1
       2
       1
       2
       3
       5
       3
       2
       4
       5
       0
       2
       0
       0
       0
       2
       0
       6
       2
       3
       6
       3
       0
       3
       2
       3
       5
       4
       3
       5
       3
       2
       2
       5
       2
       2
       3
       0
       6
       0
       3
       0
       0
       3
       3
       1
       1
       1
       3
       4
       1
       3
       2
       6
       2
       1
       1
       1
       0
       3
       1
       3
       2
       1
       0
       6
       2
       6
       2
       1
       1
       1
       1
       1
       2
       1
       3
       2
       2
       1
       3
       1
       2
       2
       4
       2
       4
       3
       2
       0
       2
       3
       3
       2
       1
       5
       1
       1
       2
       2
       1
       1
       0
       2
       3
       4
       4
       1
       2
       5
       2
       0
       4
       2
       2
       0
       2
       4
       2
       1
       1
       2
       1
       4
       1
       3
       8
       0
       3
       2
       2
       3
       1
       0
       4
       2
       3
       1
       2
       2
       1
       0
       1
       1
       3
       1
       0
       2
       4
       4
       1
       4
       2
       1
       2
       1
       2
       1
       0
       0
       1
       2
       0
       1
       2
       0
       0
       2
       2
       1
       0
       2
       0
       3
       3
       1
       0
       2
       3
       2
       3
       1
       1
       1
       1
       0
       7
       0
       6
       1
       3
       2
       2
       5
       1
       1
       2
       2
       4
       2
       1
       1
       1
       3
       2
       6
       3
       2
       2
       3
       2
       2
       1
       4
       1
       2
       4
       1
       5
       6
       7
       7
       7
       5
       6
       5
       8
       5
       6
       2
       2
       3
       2
       1
       2
       1
       0
       4
       2
       2
       3
       4
       1
       1
       2
       1
       0
       2
       0
       1
       4
       0
       1
       1
       0
       2
       1
       6
       0
       3
       0
       4
       2
       3
       2
       3
       4
       3
       0
       3
       3
       2
       2
       3
       4
       0
       3
       2
       4
       0
       4
       2
       2
       1
       2
       2
       2
       2
       2
       1
       1
       3
       3
       2
       1
       0
       1
       1
       1
       2
       3
       1
       0
       3
       2
       1
       2
       3
       1
       4
       3
       3
       4
       1
       3
       4
       5
       2
       2
       3
       3
       1
       6
       1
       1
       0
       1
       2
       0
       3
       0
       1
       1
       0
       1
       1
       2
       4
       0
       1
       2
       3
       3
       0
       1
       0
       1
       0
       2
       2
       6
       2
       1
       2
       6
       2
       2
       0
       3
       1
       1
       1
       1
       1
       2
       2
       1
       4
       1
       2
       1
       4
       2
       2
       0
       4
       2
       4
       2
       4
       2
       2
       1
       1
       3
       3
       1
       1
       3
       1
       4
       1
       2
       1
       2
       1
       2
       1
       2
       2
       1
       0
       3
       0
       4
       1
       0
       0
       3
       0
       3
       1
       1
       2
       2
       1
       2
       0
       1
       2
       3
       2
       0
       1
       0
       3
       2
       2
       0
       2
       2
       5
       2
       5
       4
       1
       0
       1
       0
       1
       1
       1
       4
       3
       4
       3
       2
       4
       6
       4
       3
       4
       3
       2
       3
       3
       1
       1
       0
       1
       4
       1
       0
       4
       1
       2
       0
       3
       5
       1
       2
       3
       1
       4
       1
       0
       0
       2
       3
       0
       1
       2
       3
       1
       0
       1
       4
       1
       3
       4
       2
       1
       3
       2
       0
       1
       0
       0
       1
       0
       5
       4
       0
       0
       0
       2
       3
       4
       2
       3
       3
       3
       2
       3
       1
       3
       4
       2
       2
       2
       1
       1
       1
       1
       1
       1
       2
       3
       1
       3
       1
       7
       2
       2
       0
       2
       2
       3
       1
       3
       2
       4
       1
       0
       0
       1
       0
       3
       4
       4
       1
       1
       2
       3
       2
       0
       2
       1
       1
       1
       1
       1
       1
       1
       1
       2
       1
       3
       1
       1
       5
       0
       0
       3
       5
       2
       2
       3
       1
       1
       3
       5
       2
       1
       3
       3
       0
       1
       3
       0
       1
       0
       2
       2
       2
       2
       1
       4
       4
       0
       1
       1
       2
       1
       0
       1
       1
       0
       1
       3
       2
       0
       0
       0
       2
       2
       2
       3
       4
       2
       4
       4
       3
       5
       0
       1
       1
       1
       1
       3
       1
       1
       2
       1
       2
       4
       1
       0
       0
       0
       0
       0
       2
       3
       0
       1
       1
       1
       1
       1
       4
       2
       4
       1
       1
       0
       1
       2
       4
       1
       0
       0
       2
       1
       2
       1
       1
       1
       0
       3
       3
       0
       3
       2
       2
       2
       5
       2
       0
       0
       0
       2
       1
       0
       4
       1
       1
       0
       2
       3
       2
       1
       2
       1
       0
       1
       0
       0
       3
       0
       0
       1
       3
       2
       0
       1
       5
       2
       1
       3
       2
       0
       2
       1
       4
       1
       2
       3
       0
       3
       3
       5
       2
       1
       1
       0
       5
       1
       0
       1
       1
       2
       1
       4
       1
       2
       1
       0
       2
       0
       1
       1
       2
       2
       1
       1
       3
       2
       1
       2
       2
       0
       1
       0
       3
       3
       0
       1
       3
       1
       1
       1
       1
       2
       1
       1
       1
       2
       5
       1
       4
       3
       2
       1
       2
       2
       1
       1
       2
       1
       2
       0
       2
       2
       1
       3
       0
       2
       2
       4
       1
       1
       4
       0
       2
       3
       2
       1
       1
       1
       1
       0
       0
       0
       1
       3
       0
       3
       0
       1
       3
       0
       1
       0
       0
       2
       1
       2
       2
       2
       1
       1
       2
       5
       3
       2
       0
       1
       1
       2
       3
       3
       0
       1
       0
       3
       1
       0
       1
       1
       0
       2
       1
       3
       1
       3
       3
       5
       3
       1
       3
       0
       2
       2
       3
       4
       3
       0
       0
       1
       2
       0
       2
       5
       3
       3
       1
       3
       3
       0
       1
       1
       2
       3
       4
       1
       5
       1
       5
       3
       0
       1
       1
       0
       2
       0
       2
       0
       2
       0
       1
       0
       1
       2
       1
       1
       2
       2
       1
       0
       3
       3
       1
       1
       1
       1
       3
       2
       0
       1
       2
       2
       0
       3
       1
       2
       3
       5
       1
       4
       0
       1
       0
       1
       2
       0
       2
       2
       0
       1
       2
       4
       2
       1
       2
       4
       3
       3
       3
       0
       2
       2
       1
       2
       1
       1
       2
       3
       1
       1
       3
       2
       0
       1
       2
       2
       0
       1
       1
       1
       1
       4
       3
       2
       2
       0
       2
       2
       2
       3
       1
       2
       3
       1
       1
       1
       1
       0
       1
       0
       1
       3
       2
       4
       1
       0
       3
       2
       0
       1
       1
       0
       4
       2
       4
       2
       0
       3
       0
       3
       1
       0
       3
       2
       0
       0
       0
       1
       0
       0
       0
       2
       6
       1
       2
       0
       0
       2
       1
       2
       2
       1
       2
       4
       1
       3
       4
       2
       0
       1
       3
       3
       1
       0
       2
       1
       3
       2
       3
       4
       4
       9
       8
       6
      10
      10
       5
       2
       2
       3
       8
       6
       4
       2
       1
       3
       4
       3
       3
       2
       2
       4
       3
       5
       3
       1
       0
       0
       2
       2
       1
       1
       2
       4
       0
       1
       2
       0
       0
       0
       4
       3
       0
       0
       3
       0
       0
       1
       3
       0
       0
       0
       1
       1
       0
       0
       1
       1
       0
       4
       3
       1
       0
       2
       0
       1
       4
       2
       0
       5
       2
       2
       1
       0
       0
       3
       1
       3
       2
       3
       3
       1
       0
       0
       0
       2
       1
       0
       3
       1
       3
       1
       1
       4
       0
       3
       2
       0
       5
       1
       3
       4
       3
       2
       3
       3
       3
       2
       2
       4
       2
       1
       0
       1
       0
       1
       7
       0
       4
       1
       3
       3
       3
       1
       1
       1
       2
       4
       3
       1
       4
       1
       2
       1
       0
       0
       1
       2
       3
       2
       4
       2
       3
       3
       2
       3
       3
       1
       1
       1
       0
       3
       3
       3
       0
       1
       0
       1
       2
       0
       4
       4
       3
       3
       1
       2
       0
       3
       1
       0
       2
       1
       2
       1
       1
       2
       2
       2
       5
       1
       0
       4
       4
       2
       1
       1
       0
       1
       2
       1
       3
       0
       1
       2
       4
       1
       3
       4
       1
       0
       2
       1
       2
       2
       2
       0
       2
       1
       1
       3
       1
       2
       2
       0
       0
       1
       3
       3
       4
       1
       2
       0
       1
       2
       1
       1
       1
       0
       0
       2
       3
       3
       1
       2
       1
       0
       1
       2
       2
       2
       1
       0
       1
       1
       6
       3
       2
       0
       2
       0
       3
       0
       1
       1
       2
       1
       0
       2
       4
       3
       3
       0
       1
       0
       0
       2
       3
       3
       1
       0
       2
       2
       3
       4
       0
       2
       3
       2
       1
       2
       1
       2
       2
       1
       1
       1
       2
       1
       1
       2
       1
       0
       1
       1
       2
       4
       0
       3
       4
       3
       0
       3
       3
       0
       1
       3
       4
       1
       3
       1
       2
       3
       2
       1
       0
       3
       4
       2
       3
       0
       1
       1
       3
       1
       2
       1
       1
       0
       2
       1
       2
       3
       0
       1
       1
       2
       2
       2
       1
       1
       1
       0
       2
       6
       1
       3
       2
       3
       1
       2
       1
       1
       0
       2
       1
       2
       2
       5
       0
       2
       4
       1
       2
       3
       2
       3
       1
       0
       2
       2
       0
       0
       1
       2
       2
       2
       2
       3
       0
       0
       0
       3
       2
       3
       5
       1
       2
       1
       1
       1
       3
       4
       3
       4
       2
       1
       2
       3
       2
       2
       2
       1
       2
       2
       2
       1
       4
       2
       1
       1
       0
       5
       2
       3
       3
       1
       6
       0
       1
       1
       2
       2
       3
       3
       0
       1
       2
       0
       2
       0
       3
       3
       2
       0
       3
       4
       2
       1
       1
       5
       1
       2
       0
       6
       2
       1
       1
       2
       1
       1
       2
       1
       2
       4
       1
       1
       2
       2
       1
       2
       5
       4
       3
       6
       2
       3
       4
       7
       3
       3
       2
       2
       1
       2
       1
       2
       1
       2
       2
       0
       3
       2
       3
       3
       3
       2
       4
       3
       1
       0
       2
       0
       2
       1
       3
       0
       2
       4
       4
       4
       3
       3
       0
       1
       4
       0
       0
       0
       2
       3
       3
       1
       1
       1
       1
       1
       0
       0
       2
       1
       1
       1
       3
       0
       2
       2
       2
       3
       4
       3
       3
       1
       1
       1
       0
       0
       0
       0
       1
       0
       0
       1
       1
       2
       1
       0
       0
       0
       0
       0
       1
       2
       1
       3
       3
       1
       0
       2
       3
       2
       1
       2
       0
       2
       3
       2
       1
       2
       1
       1
       0
       1
       2
       0
       1
       2
       0
       5
       1
       0
       0
       3
       2
       4
       1
       1
       2
       0
       1
       1
       0
       1
       0
       2
       0
       0
       0
       2
       1
       1
       0
       3
       0
       0
       0
       2
       0
       1
       1
       2
       0
       1
       1
       3
       3
       3
       1
       0
       1
       2
       1
       1
       2
       0
       1
       4
       2
       0
       4
       1
       1
       2
       1
       0
       4
       0
       3
       2
       3
       0
       0
       1
       1
       1
       1
       1
       2
       2
       2
       0
       1
       1
       2
       2
       2
       1
       0
       0
       2
       2
       0
       2
       3
       0
       2
       1
       0
       0
       1
       2
       2
       0
       0
       2
       3
       1
       1
       0
       2
       2
       0
       0
       2
       1
       3
       3
       1
       1
       1
       0
       1
       2
       2
       0
       1
       0
       1
       1
       0
       2
       3
       0
       1
       1
       0
       0
       0
       1
       2
       1
       3
       1
       1
       0
       1
       2
       0
       0
       1
       3
       1
       4
       3
       3
       0
       4
       1
       1
       0
       2
       1
       0
       0
       0
       2
       4
       1
       4
       0
       1
       0
       0
       1
       0
       2
       0
       1
       0
       1
       2
       0
       0
       0
       0
       0
       3
       2
       0
       1
       2
       2
       2
       2
       1
       3
       0
       1
       3
       1
       0
       1
       1
       0
       3
       0
       0
       1
       0
       2
       1
       4
       0
       0
       0
       3
       1
       1
       2
       0
       0
       2
       1
       2
       2
       1
       2
       1
       1
       1
       0
       1
       0
       0
       1
       0
       0
       1
       0
       2
       0
       3
       1
       1
       0
       1
       1
       2
       3
       1
       0
       0
       0
       1
       4
       0
       0
       2
       2
       0
       0
       1
       1
       1
       1
       3
       1
       2
       1
       2
       1
       2
       0
       2
       0
       0
       2
       1
       0
       0
       0
       0
       0
       1
       1
       2
       1
       0
       1
       1
       1
       1
       0
       2
       1
       0
       3
       0
       0
       0
       1
       1
       1
       0
       0
       0
       1
       2
       0
       0
       0
       2
       0
       0
       3
       0
       0
       0
       1
       0
       2
       3
       1
       0
       2
       1
       1
       1
       1
       3
       1
       2
       1
       0
       0
       0
       0
       2
       2
       2
       1
       1
       0
       1
       2
       0
       1
       0
       0
       0
       0
       1
       2
       0
       1
       2
       0
       2
       1
       0
       3
       4
       0
       2
       1
       1
       0
       1
       0
       1
       0
       0
       1
       1
       0
       1
       0
       1
       1
       1
       0
       0
       0
       0
       0
       2
       0
       0
       0
       1
       0
       2
       1
       1
       0
       0
       1
       1
       0
       1
       2
       0
       2
       0
       1
       0
       0
       0
       2
       0
       1
       0
       0
       0
       0
       3
       1
       1
       1
       2
       1
       0
       0
       0
       0
       0
       1
       0
       0
       0
       0
       1
       4
       1
       1
       0
       0
       3
       2
       0
       0
       1
       0
       1
       2
       2
       0
       2
       1
       0
       1
       0
       0
       0
       0
       0
       0
       2
       1
       0
       0
       0
       1
       0
       0
       0
       1
       1
       0
       0
       1
       0
       0
       1
       0
       0
       2
       0
       1
       2
       0
       3
       0
       1
       1
       1
       0
       1
       2
       1
       0
       0
       0
       4
       1
       3
       0
       1
       1
       0
       1
       0
       0
       0
       1
       1
       1
       0
       0
       0
       1
       0
       0
       0
       1
       0
       0
       0
       2
       0
       1
       0
       0
       2
       1
       0
       1
       0
       0
       0
       2
       1
       0
       0
       2
       1
       2
       1
       1
       2
       1
       1
       0
       0
       0
       3
       0
       0
       3
       1
       0
       0
       1
       1
       0
       1
       2
       2
       2
       1
       0
       1
       2
       3
       3
       2
       1
       1
       0
       2
       1
       4
       0
       1
       0
       0
       1
       1
       1
       2
       0
       0
       0
       0
       0
       0
       2
       1
       0
       1
       0
       1
       1
       0
       0
       0
       2
       1
       0
       0
       2
       1
       0
       0
       2
       0
       1
       0
       0
       0
       0
       0
       3
       1
       0
       2
       1
       1
       1
       0
       0
       0
       1
       0
       0
       1
       0
       0
       1
       1
       0
       1
       0
       0
       1
       3
       3
       0
       0
       0
       1
       0
       0
       1
       0
       1
       0
       0
       0
       0
       0
       1
       0
       1
       0
       0
       1
       0
       2
       0
       0
       0
       0
       1
       0
       1
       1
       0
       2
       0
       0
       0
       2
       1
       0
       0
       0
       1
       0
       0
       1
       2
       0
       0
       0
       1
       0
       0
       0
       1
       0
       0
       1
       0
       1
       0
       0
       1
       1
       0
       2
       1
       1
       0
       0
       0
       1
       2
       0
       0
       1
       0
       0
       0
       2
       0
       1
       0
       0
       1
       2
       1
       0
       2
       2
       0
       0
       0
       1
       2
       1
       2
       0
       0
       1
       0
       1
       1
       0
       1
       1
       0
       1
       1
       1
       1
       0
       0
       0
       2
       1
       0
       0
       1
       2
       1
       5
       2
       4
       2
       7
       5
       9
      17
      23
      34
      33
      41
      43
      55
      49
      51
      43
      43
      29
      21
      15
      10
      11
       2
       0
       1
       2
       1
       0
       0
       0
       3
       0
       0
       0
       1
       0
       0
       0
       1
       0
       0
       0
       0
       0
       0
       0
       0
       0
       2
       0
       1
       0
       0
       0
       0
       0
       1
       0
       0
       0
       2
       0
       0
       0
       0
       0
       0
       0
       0
       0
       0
       0
       0
       1
       1
       0
       0
       2
       0
       0
       1
       0
       0
       0
       0
       0
       1
       0
       0
       0
       0
       0
       1
       0
       0
       0
       0
       0
       2
       0
       0
       0
       0
       0
       0
       0
       0
       0
       1
       0
       0
       0
       0
       0
       0
       0
       1
       0
       1
       0
       0
       1
       0
       2
       1
       0
       0
       0
       0
       0
       1
       0
       0
       1
       0
       0
       0
       0
       0
       0
       0
       0
       0
       0
       0
       0
       0
       0
       0
       1
       1
       3
       0
       0
       0
       0
       0
       0
       0
       0
       0
       1
       0
       0
       0
       0
       0
       1
       0
       0
       1
       0
       1
       0
       0
       1
       1
       0
       0
       1
       0
       0
       0
       0
       0
       0
       1
       0
       1
       0
       0
       0
       1
       1
       0
       0
       1
       1
       0
       1
       0
       2
       1
       0
       1
       2
       2
       1
       0
       0
       0
       0
       1
       1
       1
       0
       0
       0
       1
       1
       0
       0
       1
       0
       0
       1
       0
       1
       0
       0
       0
       2
       0
       0
       0
       1
       0
       0
       0
       0
       0
       0
       0
       0
       0
       0
       0
       0
       0
       0
       1
       0
       3
       0
       0
       0
       0
       0
       0
       0
       0
       1
       0
       0
       0
       0
       3
       1
       0
       0
       1
       0
       0
       0
       0
       0
       0
       0
       0
       0
       0
       1
       0
       0
       1
       0
       0
       0
       1
       0
       0
       1
       0
       0
       0
       0
       0
       0
       0
       0
       0
       0
       1
       0
       0
       0
       0
       0
       0
       0
       3
       0
       1
       1
       2
       2
       0
       0
       0
       0
       0
       1
       0
       1
       0
       0
       0
       0
       0
       0
       0
       0
       1
       0
       0
       0
       0
       0
       0
       0
       0
       0
       1
       2
       0
       0
       0
       0
       2
       0
       1
       0
       1
       0
       0
       0
       0
       0
       1
       1
       1
       1
       1
       0
       1
       0
       0
       0
       0
       0
       0
       0
       0
       1
       0
       0
       0
       1
       1
       1
       0
       0
       1
       1
       0
       0
       0
       0
       0
       1
       0
       0
       0
       2
       0
       0
       0
       0
       0
       0
       0
       2
       0
       0
       0
       0
       1
       0
       1
       0
       2
       0
       0
       1
       0
       0
       0
       0
       0
       0
       0
       1
       2
       1
       0
       0
       0
       0
       0
       1
       0
       0
       1
       0
       0
       0
       0
       1
       1
       1
       0
       0
       0
       1
       0
       0
       0
       0
       0
       0
       0
       0
       1
       0
       0
       0
       0
       0
       0
       0
       0
       0
       0
       0
       0
       0
       0
       0
       0
       1
       0
       0
       1
       0
       0
       0
       1
       0
       2
       0
       0
       0
       0
       0
       0
       0
       0
       0
       0
       0
       1
       3
       0
       0
       1
       0
       0
       0
       1
       0
       0
       0
       1
       0
       1
       0
       2
       1
       0
       0
       0
       0
       2
       0
       1
       2
       0
       1
       1
       0
       1
       0
       0
       1
       0
       1
       2
       0
       1
       1
       1
       0
       0
       1
       0
       0
       2
       0
       0
       0
       1
       1
       0
       1
       0
       0
       1
       0
       0
       0
       0
       0
       0
       0
       0
       0
       0
       1
       0
       0
       0
       0
       2
       1
       1
       0
       1
       1
       0
       0
       0
       0
       0
       1
       0
       0
       0
       0
       0
       0
       0
       0
       0
       1
       0
       0
       0
       0
       0
       0
       0
       0
       0
       0
       0
       0
       0
       1
       0
       0
       0
       0
       0
       0
       0
       0
       0
       1
       0
       1
       0
       0
       0
       1
       0
       0
       0
       0
       0
       0
       0
       0
       0
       0
       0
       1
       0
       0
       0
       0
       0
       0
       0
       0
       0
       0
       0
       1
       0
       0
       0
       0
       0
       1
       1
       0
       0
       1
       0
       0
       1
       0
       1
       1
       0
       0
       0
       0
       0
       1
       0
       0
       1
       0
       0
       1
       0
       0
       0
       0
       1
       0
       1
       0
       0
       0
       0
       2
       0
       0
       2
       1
       0
       1
       0
       0
       0
       0
       0
       1
       0
       0
       0
       1
       0
       0
       0
       0
       0
       0
       1
       0
       0
       1
       0
       0
       0
       1
       0
       0
       0
       0
       1
       0
       0
       0
       0
       0
       0
       1
       0
       0
       0
       1
       0
       0
       0
       0
       1
       0
       1
       0
       1
       0
       0
       0
       0
       0
       0
       0
       0
       0
       0
       0
       0
       0
       0
       0
       0
       0
       0
       1
       0
       2
       0
       0
       1
       0
       0
       0
       0
       0
       0
       0
       0
       0
       0
       0
       0
       0
       1
       0
       0
       1
       1
       0
       0
       0
       1
       0
       0
       0
       0
       0
       0
       0
       0
       0
       0
       0
       0
       0
       1
       0
       1
       0
       0
       1
       1
       0
       0
       0
       1
       1
       2
       0
       0
       0
       0
       0
       0
       0
       0
       1
       0
       0
       1
       0
       0
       0
       1
       0
       0
       0
       1
       0
       0
       0
       0
       0
       0
       0
       0
       0
       0
       0
       0
       0
       0
       0
       0
       0
       1
       0
       0
       0
       0
       0
       0
       0
       0
       0
       0
       0
       0
       0
       0
       0
       0
       0
       0
       0
       0
       0
       1
       0
       0
       0
       1
       0
       0
       1
       0
       0
       0
       0
       0
       0
       0
       1
       0
       1
       0
       0
       0
       1
       0
       0
       0
       1
       0
       0
       0
       0
       0
       0
       0
       1
       0
       1
       0
       1
       0
       0
       0
       0
       0
       0
       0
       1
       0
       0
       1
       1
       1
       0
       0
       0
       1
       0
       0
       0
       1
       2
       0
       1
       2
       0
       0
       1
       1
       0
       0
       0
       1
       0
       1
       0
       1
       0
       0
       0
       0
       0
       0
       0
       0
       0
       1
       0
       1
       0
       0
       0
       0
       1
       0
       1
       0
       0
       0
       0
       0
       0
       0
       0
       0
       0
       0
       0
       1
       0
       0
       0
       1
       0
       0
       0
       0
       0
       1
       0
       0
       0
       0
       0
       0
       0
       0
       1
       0
       1
       0
       0
       0
       0
       0
       0
       0
       0
       0
       0
       0
       1
       1
       0
       0
       1
       0
       0
       0
       0
       0
       0
       0
       0
       0
       0
       0
       0
       0
       0
       0
       0
       0
       0
       0
       0
       0
       0
       0
       0
       0
       1
       1
       0
       0
       0
       0
       0
       0
       1
       1
       0
       1
       0
       0
       0
       0
       0
       2
       0
       0
       0
       0
       1
       0
       0
       1
       0
       0
       0
       1
       0
       1
       1
       0
       0
       1
       3
       0
       1
       1
       0
       0
       0
       0
       0
       0
       0
       0
       0
       1
       0
       1
       0
       0
       0
       1
       0
       0
       0
       0
       0
       0
       0
       1
       0
       0
       0
       0
       0
       0
       0
       0
       1
       1
       0
       0
       0
       0
       0
       0
       0
       0
       0
       0
       0
       0
       0
       0
       0
       0
       0
       0
       0
       0
       0
       1
       0
       0
       1
       0
       0
       0
       1
       0
       0
       0
       1
       0
       0
       0
       0
       1
       0
       0
       0
       0
       0
       0
       0
       0
       1
       0
       1
       1
       1
       0
       1
       0
       1
       0
       0
       0
       0
       2
       0
       0
       0
       0
       1
       0
       0
       2
       0
       0
       1
       0
       1
       0
       0
       0
       0
       0
       1
       0
       0
       1
       0
       0
       0
       0
       1
       0
       0
       1
       2
       2
       7
       2
       4
       2
       5
       2
       3
       2
       3
       4
       0
       1
       0
       0
       0
       1
       2
       0
       1
       0
       0
       0
       1
       1
       0
       0
       0
       0
       1
       0
       0
       0
       0
       0
       1
       0
       0
       0
       0
       0
       1
       0
       0
       1
       0
       0
       0
       1
       0
       0
       0
       0
       1
       0
       0
       0
       0
       0
       0
       0
       0
       0
       0
       1
       0
       0
       0
       0
       0
       0
       0
       0
       0
       0
       1
       0
       0
       0
       0
       0
       0
       0
       1
       0
       1
       0
       1
       0
       1
       0
       0
       0
       0
       0
       0
       0
       0
       0
       0
       0
       0
       0
       0
       0
       0
       0
       0
       0
       0
       0
       0
       0
       0
       0
       1
       1
       0
       0
       0
       0
       0
       0
       0
       1
       0
       1
       0
       0
       0
       0
       0
       0
       0
       0
       0
       0
       0
       0
       0
       0
       0
       0
       1
       0
       1
       0
       0
       0
       0
       0
       0
       0
       0
       0
       0
       0
       0
       0
       1
       0
       0
       0
       0
       0
       0
       0
       1
       1
       1
       0
       0
       0
       0
       0
       0
       0
       0
       0
       0
       0
       0
       0
       0
       0
       1
       0
       0
       1
       0
       0
       0
       0
       0
       1
       0
       0
       0
       1
       0
       1
       0
       0
       1
       0
       0
       0
       1
       0
       0
       0
       0
       0
       1
       1
       0
       0
       1
       0
       0
       0
       0
       0
       0
       0
       0
       0
       1
       0
       0
       0
       0
       0
       0
       0
       0
       0
       1
       0
       0
       0
       0
       0
       0
       0
       0
       0
       1
       0
       0
       0
       0
       0
       0
       0
       1
       0
       0
       0
       0
       0
       0
       0
       0
       0
       0
       0
       0
       0
       0
       1
       1
       0
       0
       0
       1
       0
       0
       0
       1
       1
       1
       0
       1
       1
       0
       0
       0
       0
       0
       1
       0
       0
       0
       0
       0
       0
       0
       0
       0
       0
       0
       0
       0
       0
       0
       0
       1
       0
       1
       0
       0
       0
       0
       0
       0
       1
       1
       0
       0
       0
       0
       1
       0
       0
       1
       0
       0
       1
       1
       0
       1
       0
       0
       2
       0
       0
       0
       0
       0
       0
       0
       0
       0
       0
       0
       0
       0
       0
       0
       1
       0
       0
       0
       0
       0
       0
       1
       1
       0
       0
       0
       0
       0
       0
       0
       0
       0
       0
       0
       0
       0
       0
       0
       0
       0
       0
       0
       0
       0
       0
       0
       1
       0
       0
       1
       0
       0
       0
       0
       0
       0
       0
       0
       0
       0
       0
       0
       0
       0
       1
       0
       0
       0
       0
       0
       1
       0
       0
       0
       0
       0
       0
       0
       0
       0
       0
       0
       0
       0
       1
       2
       0
       0
       1
       1
       0
       0
       0
       0
       0
       1
       0
       1
       1
       0
       1
       1
       0
       0
       0
       0
       0
       1
       0
       0
       0
       0
       0
       0
       0
       0
       0
       0
       0
       0
       0
       0
       0
       2
       0
       0
       0
       0
       0
       0
       0
       0
       1
       0
       0
       0
       0
       0
       0
       1
       0
       0
       0
       0
       0
       1
       0
       1
       0
       0
       0
       0
       0
       1
       1
       0
       0
       0
       0
       0
       1
       0
       0
       0
       1
       0
       0
       0
       0
       0
       0
       0
       0
       0
       0
       0
       0
       0
       0
       0
       0
       0
       0
       0
       0
       2
       0
       1
       0
       0
       0
       0
       0
       0
       2
       0
       0
       0
       1
       0
       0
       0
       0
       0
       0
       0
       1
       0
       0
       0
       0
       0
       1
       1
       0
       0
       0
       0
       1
       1
       0
       0
       0
       1
       1
       0
       0
       0
       0
       0
       1
       0
       0
       0
       0
       0
       1
       0
       0
       0
       1
       0
       0
       0
       0
       0
       0
       0
       0
       0
       0
       0
       0
       0
       0
       0
       0
       0
       0
       0
       0
       1
       0
       0
       0
       0
       0
       0
       0
       0
       1
       0
       0
       0
       0
       0
       0
       0
       0
       0
       0
       0
       0
       0
       0
       0
       0
       0
       0
       0
       0
       1
       0
       0
       0
       0
       0
       0
       0
       0
       0
       0
       0
       0
       0
       1
       0
       0
       1
       0
       0
       0
       0
       0
       0
       0
       0
       0
       0
       0
       0
       0
       0
       0
       0
       0
       0
       0
       0
       1
       0
       0
       0
       0
       0
       0
       0
       0
       1
       0
       0
       0
       0
       0
       0
       1
       0
       0
       1
       1
       0
       0
       0
       0
       0
       0
       0
       0
       0
       0
       0
       1
       1
       0
       1
       0
       0
       0
       0
       0
       0
       0
       0
       0
       0
       0
       0
       0
       0
       0
       1
       0
       0
       1
       0
       2
       0
       0
       0
       0
       0
       0
       0
       0
       1
       0
       1
       0
       0
       0
       0
       0
       0
       0
       0
       0
       0
       0
       0
       0
       0
       0
       0
       0
       1
       0
       0
       0
       0
       0
       0
       0
       1
       0
       0
       0
       0
       0
       0
       0
       0
       0
       0
       0
       0
       0
       0
       0
       0
       1
       0
       0
       0
       0
       0
       0
       0
       0
       0
       0
       0
       0
       0
       0
       0
       0
       1
       0
       1
       0
       0
       0
       0
       0
       0
       0
       0
       0
       1
       0
       0
       0
       0
       0
       0
       0
       0
       0
       0
       1
       0
       0
       0
       0
       0
       0
       0
       0
       0
       0
       0
       0
       0
       0
       0
       0
       0
       0
       0
       0
       0
       0
       0
       0
       0
       0
       0
       1
       1
       0
       0
       1
       0
       0
       0
       0
       0
       1
       0
       0
       1
       0
       1
       0
       0
       0
       0
       0
       0
       0
       0
       0
       1
       0
       0
       0
       1
       0
       0
       1
       1
       0
       0
       0
       0
       0
       1
       0
       0
       0
       0
       0
       1
       0
       0
       1
       0
       0
       0
       0
       0
       0
       1
       0
       0
       1
       1
       0
       0
       0
       0
       0
       0
       0
       0
       0
       0
       0
       0
       0
       0
       0
       0
       0
       0
       0
       0
       0
       0
       0
       0
       0
       0
       0
       0
       0
       1
       0
       0
       0
       0
       0
       1
       0
       0
       1
       0
       1
       0
       0
       0
       0
       0
       0
       0
       0
       0
       0
       0
       0
       0
       1
       0
       1
       0
       0
       0
       1
       0
       0
       0
       0
       0
       0
       0
       0
       0
       0
       0
       0
       0
       0
       1
       0
       0
       0
       0
       0
       0
       0
       0
       0
       0
       0
       0
       0
       0
       0
       0
       0
       0
       0
       1
       1
       1
       0
       0
       0
       0
       1
       0
       0
       0
       0
       0
       0
       0
       0
       0
       0
       0
       0
       1
       0
       0
       0
       0
       0
       0
       0
       0
       0
       0
       0
       0
       1
       1
       0
       0
       0
       1
       0
       0
       0
       0
       0
       0
       0
       1
       0
       0
       0
       0
       0
       1
       0
       0
       0
       0
       0
       0
       0
       0
       0
       0
       0
       1
       0
       0
       0
       1
       0
       0
       1
       1
       0
       0
       0
       0
       0
       1
       1
       0
       0
       0
       0
       0
       0
       0
       0
       0
       0
       0
       0
       0
       0
       0
       0
       0
       0
       0
       0
       1
       0
       0
       0
       0
       1
       0
       0
       0
       0
       0
       0
       0
       1
       0
       0
       1
       0
       0
       0
       0
       2
       1
       0
       0
       0
       0
       0
       0
       0
       0
       0
       0
       0
       0
       0
       1
       1
       0
       1
       0
       0
       0
       0
       0
       0
       1
       0
       0
       0
       0
       1
       0
       0
       0
       0
       1
       1
       0
       0
       0
       0
       0
       0
       0
       0
       0
       0
       0
       0
       0
       0
       1
       0
       0
       0
       1
       0
       0
       0
       0
       0
       1
       0
       0
       0
       0
       0
       0
       0
       0
       0
       0
       0
       0
       0
       0
       0
       0
       0
       0
       1
       0
       0
       0
       0
       0
       0
       0
       0
       0
       0
       0
       0
       0
       0
       0
       1
       0
       0
       0
       2
       0
       0
       1
       0
       0
       0
       0
       0
       0
       1
       0
       0
       0
       0
       1
       0
       0
       0
       0
       0
       0
       0
       0
       0
       0
       0
       0
       0
       0
       0
       0
       0
       0
       0
       1
       0
       0
       0
       0
       0
       0
       0
       1
       0
       0
       0
       0
       0
       0
       0
       0
       0
       0
       0
       0
       0
       0
       1
       0
       0
       2
$ROI:
11
224 244
765 907
1350 1411
1828 1908
2525 2667
2716 2799
3716 3817
4331 4427
4564 4622
5085 5259
5690 5768
$PRESETS:
Live Time
600
0
$ENER_FIT:
0.053689 0.255148
$MCA_CAL:
3
5.368913E-002 2.551478E-001 -1.853380E-009 keV
$SHAPE_CAL:
3
6.992400E+000 7.812671E-004 -3.508660E-008
