$SPEC_ID:
No sample description was entered.
$SPEC_REM:
DET# 1
DETDESC# GMX20P4 HPGe
AP# Maestro Version 7.01
$DATE_MEA:
11/27/2018 15:24:57
$MEAS_TIM:
600 602
$DATA:
0 8191
       0
       0
       0
       0
       0
       0
       0
       0
       0
       0
       0
       0
       0
       0
       0
       0
       0
       0
       0
       0
       0
       0
       0
       0
       0
       0
       0
       0
       0
       0
       0
       0
       0
       0
       0
       0
       0
       0
       0
       0
       0
       0
       0
       0
       0
       0
       0
       0
       5
      20
      40
      82
      89
     105
      92
      97
      78
      85
      91
      98
     104
      75
     101
     111
      96
      97
     107
     113
     115
     113
     124
     146
     132
     146
     158
     173
     222
     229
     249
     248
     297
     305
     286
     284
     279
     227
     166
     153
     147
     151
     133
     125
     153
     155
     178
     188
     179
     208
     200
     262
     262
     242
     286
     309
     372
     395
     496
     578
     678
     781
     901
     979
    1134
    1369
    1738
    2246
    3080
    3955
    4656
    5492
    5736
    5533
    5030
    4098
    3202
    2264
    1490
     989
     691
     546
     529
     548
     609
     817
    1022
    1153
    1369
    1315
    1253
    1101
     946
     697
     550
     398
     239
     192
     153
      97
     104
      88
      78
      80
      87
      83
      71
      67
      62
      79
      72
      89
      65
      80
      80
      92
      89
      79
      88
      79
      84
      91
      78
      97
      88
      86
      80
     103
      92
      84
      82
     125
     105
     104
     115
      97
     111
     112
     107
     114
     111
     105
     101
     107
     126
     129
     105
     102
      99
     111
     113
     103
     124
     125
     160
     152
     195
     225
     248
     254
     243
     262
     234
     195
     197
     178
     161
     146
     112
     120
     131
     138
     107
     146
     130
     120
     131
     136
     126
     161
     120
     144
     142
     155
     168
     152
     170
     159
     158
     179
     175
     169
     193
     184
     187
     192
     194
     206
     206
     216
     231
     214
     223
     248
     212
     207
     212
     230
     242
     197
     256
     240
     237
     231
     244
     239
     236
     268
     259
     222
     246
     245
     243
     253
     235
     246
     227
     255
     250
     255
     221
     241
     227
     227
     252
     264
     236
     228
     226
     248
     215
     230
     234
     229
     235
     227
     210
     233
     212
     224
     202
     233
     217
     212
     229
     202
     231
     215
     240
     276
     311
     399
     477
     685
     908
    1157
    1536
    1847
    2048
    2120
    2100
    1901
    1515
    1185
     834
     624
     386
     260
     198
     131
     151
     150
     122
     156
     128
     116
     126
     160
     157
     108
     122
     119
     140
     146
     165
     127
     141
     126
     132
     143
     111
     129
     139
     129
     132
     133
     128
     129
     144
     113
     125
     152
     116
     115
     129
     131
     167
     165
     123
     150
     135
     140
     133
     128
     134
     149
     146
     120
     139
     135
     156
     148
     128
     118
     144
     120
     139
     141
     129
     146
     111
     124
     117
     119
     122
     125
     126
     133
     119
     117
     125
     115
     135
     127
     114
     127
     128
     119
     129
     115
     129
     123
     131
     139
     148
     132
     121
     138
     110
     121
     128
     130
     135
     138
     129
     141
     132
     123
     137
     121
     128
     104
     143
     113
     130
     129
     140
     113
     116
     114
     129
     132
     126
     122
     146
     128
     143
     121
     130
     123
     128
     125
     144
     106
     110
     143
      99
     126
     104
     134
     121
     128
     110
     141
     131
     106
     109
     113
     113
      92
     108
     106
     125
     100
     121
     120
     115
     115
     104
     122
     130
     122
      85
     132
      95
     126
     132
     116
     114
     109
     103
     114
     118
     138
     125
     122
     107
     110
     104
      99
     128
     113
     105
     124
     113
     112
     128
     117
      97
     105
     103
     122
     118
     125
      98
     103
     117
     138
     121
     117
     136
     115
     114
     130
     128
     115
     116
     111
     122
     115
     113
     108
     115
     107
     125
     102
     132
     115
     127
     111
     106
     102
     106
     124
     141
     111
      99
     109
     134
      97
     128
     134
     123
     134
     107
     114
     114
     115
     101
     100
     128
     130
     121
     107
     100
     117
     122
     106
     110
     121
     101
     112
     101
     108
     123
      96
     111
     105
     119
      95
     100
     104
     133
     110
     112
     105
     109
     120
     120
     107
     103
     108
     120
     113
     128
     114
     105
     123
     116
     120
     120
     128
     118
     145
     129
     111
     123
     134
     110
     131
     116
     112
     110
     109
     118
     119
      97
     144
     114
     108
      93
     105
     112
     112
     126
     127
     102
     107
     101
     107
     121
     144
     137
     128
     113
     119
     113
     118
     135
      94
      97
     108
      95
     113
      79
     117
      93
     101
     101
      97
      97
     110
      94
     102
     101
      89
      97
     107
     106
      83
      93
      89
      98
      83
     106
      85
      79
      83
     100
      97
     101
     103
      99
      95
     107
     100
      96
     110
      96
      80
      96
     105
     122
     113
      90
      93
      92
      91
      84
     105
      99
     104
      87
     114
      86
      96
     105
      87
      88
      88
      93
     103
      95
     111
      97
      82
      92
      97
      90
      94
     103
      79
      95
      77
      92
      73
     104
     103
      85
     104
      88
      91
      83
      94
      93
      92
      95
      89
     102
      98
     104
      96
     105
      97
      97
      96
      91
      74
      90
      82
      92
      96
      82
      94
      90
      89
     114
      91
     104
      77
      98
      85
      94
     107
      89
      92
      82
      88
      78
      98
      93
      69
      92
      93
      98
      84
      69
      94
      89
      80
      86
      78
      72
      81
      86
     100
     107
     100
      91
      81
      83
      78
      88
      92
     101
      87
      79
      96
      92
      82
      89
      77
      91
      87
      75
      87
      91
      80
      66
      78
      75
      68
      84
      87
      91
      84
      85
     106
      68
      79
      72
      85
      80
      81
      94
      78
      76
      78
      76
      74
      68
      77
      74
      67
      91
      63
      88
      61
      59
      64
      63
      72
      71
      63
      67
      47
      59
      54
      66
      64
      66
      68
      70
      65
      54
      80
      53
      57
      71
      62
      66
      56
      62
      59
      67
      54
      43
      54
      59
      61
      65
      63
      52
      52
      58
      59
      67
      62
      55
      56
      60
      69
      69
      62
      64
      59
      65
      69
      68
      86
      58
      55
      62
      60
      64
      48
      51
      60
      56
      54
      49
      52
      53
      56
      50
      55
      43
      43
      50
      60
      63
      47
      51
      47
      46
      50
      43
      46
      44
      53
      59
      54
      47
      47
      57
      37
      39
      55
      43
      50
      51
      51
      59
      41
      45
      45
      38
      53
      43
      48
      36
      45
      49
      55
      41
      57
      52
      63
      55
      62
      52
      44
      49
      51
      46
      45
      59
      44
      44
      54
      45
      41
      31
      46
      43
      55
      44
      44
      44
      39
      45
      36
      52
      33
      35
      48
      33
      33
      36
      43
      46
      40
      31
      43
      36
      33
      36
      34
      40
      45
      45
      32
      41
      43
      25
      40
      43
      46
      32
      45
      34
      33
      31
      41
      31
      33
      32
      47
      30
      38
      43
      34
      37
      38
      41
      31
      36
      34
      34
      33
      34
      34
      28
      37
      40
      36
      40
      30
      40
      31
      26
      39
      32
      31
      27
      34
      47
      19
      36
      30
      35
      35
      27
      37
      31
      19
      25
      29
      34
      33
      31
      36
      25
      35
      30
      30
      43
      32
      25
      41
      30
      27
      22
      24
      35
      33
      25
      27
      25
      28
      26
      34
      27
      35
      39
      33
      32
      37
      30
      30
      30
      29
      23
      34
      31
      33
      38
      49
      60
      71
      81
     120
     159
     188
     232
     262
     246
     224
     203
     156
     115
     100
      51
      39
      34
      36
      32
      28
      23
      30
      22
      32
      32
      33
      21
      22
      22
      31
      25
      30
      28
      15
      21
      24
      26
      26
      26
      27
      25
      22
      27
      27
      24
      24
      30
      33
      33
      24
      20
      31
      22
      19
      32
      20
      26
      14
      28
      24
      18
      25
      26
      31
      25
      32
      29
      23
      27
      29
      23
      36
      25
      26
      12
      28
      29
      37
      26
      37
      36
      35
      31
      28
      33
      41
      26
      22
      21
      22
      29
      23
      29
      16
      21
      27
      21
      17
      21
      26
      37
      27
      50
      64
      99
     155
     212
     314
     361
     473
     566
     536
     508
     511
     392
     300
     209
     139
      94
      62
      41
      27
      20
       9
      17
      20
      11
      16
      17
      18
      20
      17
      12
      27
      15
      15
      18
      15
      19
      14
      13
      11
      23
      11
      18
      17
      15
      13
      20
      19
      10
      20
      16
      15
      15
      10
      14
       9
      14
      17
      11
      18
      16
      20
      18
      18
      22
      13
      19
      19
      18
       8
      16
      13
      15
      14
      14
      17
      17
      13
      18
      18
      20
      19
      19
      21
      16
      22
      11
      11
      14
      21
      15
      18
      16
      11
      13
      17
      12
      15
      27
      17
      20
      13
      18
      21
       5
      17
      15
      13
      18
      16
      16
      16
       8
      13
      14
      10
      19
      14
      10
      13
      16
      14
      11
      14
      12
      12
      20
      21
      14
      17
      17
      24
      16
      19
      13
      12
      21
      19
      18
      10
      12
      13
      16
      12
      12
      22
      25
      27
      27
      14
      18
      21
      12
      17
      16
      15
       9
      13
       8
       9
      13
       6
      18
      15
      12
      16
       8
       7
      18
       9
       8
      20
       8
      10
      13
       9
      20
      17
      14
      10
      12
      13
      10
      10
      18
      17
      12
      15
      16
      17
      18
       9
      13
      23
      20
      18
      23
      15
      23
      27
      24
      44
      46
      46
      42
      37
      43
      51
      92
     134
     243
     358
     563
     730
    1026
    1268
    1453
    1484
    1496
    1320
    1074
     857
     571
     430
     230
     134
      65
      40
      17
      12
      13
      10
       9
       7
      11
      10
      15
       9
       5
      10
       5
      10
       6
       9
       8
       4
      17
      12
      15
       9
       9
       7
       5
      10
       4
       2
       5
      11
       9
       6
       9
       8
       6
      13
       4
       4
       9
      14
       8
      12
      10
       6
       7
      12
       9
       5
      10
       5
      11
      11
       6
      10
      12
       9
       9
      10
       9
      12
       8
      11
      17
      11
       7
      10
       7
       8
      12
       3
      11
       7
      13
       7
       6
       9
       8
       8
      11
       7
       7
       2
       7
       7
       9
       8
      17
       7
      11
      15
      24
      37
      57
      73
     104
     150
     165
     193
     211
     202
     198
     153
     119
     114
      71
      32
      37
      24
      20
      11
       8
       5
       9
       7
       8
       8
       9
      11
       7
       7
       7
       7
      11
      12
       9
       9
       6
       7
      15
       7
      13
      10
       7
       3
       4
       8
       8
       6
       9
       8
       7
       5
       6
       8
      14
       9
       3
      10
       3
      11
      12
      11
       7
       3
       9
       7
       8
      10
       7
       8
       7
      10
      14
       8
      12
      11
       3
       7
       9
      12
      13
       8
       5
       8
      11
       7
       4
       9
      11
       3
       4
       8
       4
      12
      12
       8
       9
       1
       5
       2
       7
      11
       6
       6
       7
       5
       9
      10
       6
      11
       5
       8
       8
       5
       8
      12
       3
       6
      11
       7
       8
       7
       5
      14
       8
      11
       4
       9
       8
       0
      12
       6
       5
       5
       7
       9
       6
       4
       7
       7
       7
       9
       6
       5
       8
      10
      10
       6
      11
      10
       8
      10
       7
      10
      12
       6
       6
       7
       9
      10
       3
       9
       6
       6
       7
      16
      10
       5
       4
       9
       5
       8
       8
      13
       8
       4
       6
       6
       5
       5
       7
       9
       5
       6
       6
       6
       4
       3
       8
       5
       7
       7
       5
       2
      10
       4
      10
       6
       3
       7
       7
       6
       7
       4
       7
       6
       4
       4
       6
       6
       7
       4
       8
       2
       8
      10
       8
      12
       6
       4
      13
      10
       4
       6
       9
       8
       4
       2
       7
       7
      11
       4
       6
       5
       3
       4
       7
      10
       5
       4
       8
       7
       8
       6
       4
       4
       5
       4
       2
       9
      11
       4
       5
       3
       5
       2
       8
       5
      13
       3
       9
       5
       4
       4
       3
      10
       5
       6
       7
       8
       4
      12
       5
       7
       5
       3
       9
      10
       6
       2
       6
       4
       2
       7
       8
       9
       9
       6
       5
       4
       4
       2
       4
      10
       9
       6
       5
       4
       8
       5
       2
       4
       7
       9
       4
       3
       6
       5
       5
      10
       8
      10
       7
       6
       4
       4
       9
       8
       8
       3
       6
       8
       9
      10
       9
       3
       7
       6
       4
       2
       5
       4
       5
       4
       7
       5
       9
       1
       8
       5
       7
       6
      12
       5
       6
       4
       8
       7
       6
       5
       9
       7
       3
       6
       5
      10
       1
       6
       8
       4
       4
       5
       5
      10
       7
       1
       6
      11
       3
       7
       2
       1
       9
       3
       5
       6
      10
       2
       4
       5
       4
       7
       9
       7
       2
       4
       7
       8
       4
       4
       3
       4
       6
       7
       5
       1
       5
       9
       3
       7
       4
       6
       5
       4
       3
       3
       5
       5
       3
      11
       3
       4
       3
       6
       5
       3
       7
       3
       9
       3
       7
       6
       4
       2
       8
       4
       4
       9
       4
      11
       4
       4
       5
       4
       3
       4
       6
       5
       3
       5
       2
       3
      10
       9
       4
       5
       3
       6
       5
       5
       5
       8
       8
       9
       9
       8
       6
       3
       5
       6
       4
       3
       2
       3
       4
       7
       9
       3
       7
       5
       7
       2
       7
       7
       6
       1
       5
       5
       6
       4
       3
       4
       5
       2
       5
       6
       4
       2
       5
       2
       4
       4
      11
       8
       6
       5
       4
       0
       3
       7
       9
       3
      16
       8
      17
      13
      15
      13
      12
      11
       6
       8
       1
      13
       7
       5
       8
       2
       1
       4
       4
       3
       7
       3
       4
       4
       6
       7
       4
       3
       2
       2
       2
       2
       1
       6
       7
       3
      10
       3
       2
       4
       6
       7
       2
       4
       7
       3
       3
       3
       7
       5
       4
       3
       2
       6
       8
       7
       4
       7
       3
       3
       1
       5
       7
       9
       6
       3
       4
       2
       4
       5
       7
       6
       1
       3
       6
       6
       4
       6
       5
       1
       5
       5
       2
       3
       5
       8
       3
       7
       8
       8
       2
       3
       8
       5
       5
       4
       2
       9
       4
       5
       7
       5
       2
       7
       3
      11
       4
       4
       4
       5
       5
       4
       5
       1
       5
       3
       4
       2
       4
       6
       4
       3
       1
       8
       4
       3
       5
       5
       7
       6
      11
       3
       1
       4
       1
       4
       2
       4
       4
       1
       4
       6
       3
       5
       5
       8
       6
       4
       3
       4
       6
       3
       5
       4
       7
       5
       3
       5
       2
       2
       6
       1
       4
       4
       4
       6
       3
       4
       4
       3
       3
       4
       5
       8
       3
       5
       4
       4
       5
       6
       5
       7
       8
       4
       3
       2
       5
       4
       3
       4
       6
       7
       8
       1
       5
       2
       2
       1
       5
       4
       2
       4
       5
       5
       5
       4
       1
       4
       4
       4
       4
       7
       5
       4
       1
       7
       5
       6
       5
       4
       3
       8
       4
       3
       7
       5
       4
       2
       2
       3
       6
       8
       5
       4
       1
       6
       5
       6
       5
       4
       6
       2
       1
       2
       3
       3
       5
       1
       5
       3
       6
       5
       6
       3
       3
       3
       6
       3
       2
       5
       6
       4
       7
       1
       4
       3
       1
       7
       6
       3
       3
       5
       4
       6
       3
       5
       8
       6
       4
       2
       8
       8
       7
       6
       7
      13
      18
       8
      12
      14
       9
       7
      11
       2
       8
       5
       3
       4
       3
       3
       6
       2
       4
       2
       3
       6
       4
       1
       1
       2
       2
       1
       4
       2
       2
       4
       4
       4
       5
       6
       1
       5
       5
       0
       7
       2
       3
       3
       4
       3
       3
       6
       6
       3
       9
       6
       6
       6
       6
       3
       2
       3
       5
       2
       0
       7
       2
       2
       5
       3
       2
       6
       3
       1
       3
       7
       9
       4
       5
       4
       5
       2
       6
       7
       6
       2
       3
       5
       4
       1
       4
       7
       6
       4
       6
       2
       4
       2
       3
       4
       8
       6
       6
       8
      10
      13
      19
      20
      24
      29
      23
      26
      30
      18
      10
      10
      11
      11
       5
       7
       3
       3
       2
       1
       3
       5
       5
       2
       0
       5
       3
       3
       1
       2
       3
       0
       6
       3
       2
       4
       2
       1
       5
       4
       4
       7
       4
       1
       4
       1
       3
       6
       4
       4
       7
       2
       4
       1
       4
       5
       1
       1
       4
       4
       1
       2
       5
       3
       5
       2
       2
       1
       1
       8
       1
       2
       5
       4
       3
       2
       4
       5
       2
       6
       1
       2
       4
       1
       2
       3
       6
       5
       1
       6
       2
       5
       4
       7
       1
       3
       5
       4
       4
       6
       5
       4
       2
       5
       6
       5
       9
       1
       5
       3
       7
       2
       5
       6
       1
       3
       1
       3
       2
       2
       5
       4
       2
       2
       7
       8
       3
       1
       2
       3
       4
       5
       5
       1
       1
       2
       3
       4
       1
       4
       6
       2
       7
       3
       4
       2
       3
       4
       2
       3
       2
       3
       8
       2
       3
       3
       4
       4
       3
       2
       2
       3
       2
       3
       3
       4
       1
       0
       4
       0
       1
       4
       6
       4
       5
       3
       1
       4
       3
       2
       1
       2
       2
       2
       0
       2
       1
       5
       5
       1
       3
       2
       5
       4
       1
       2
       3
       5
       3
       3
       1
       1
       4
       8
       7
       4
       6
       8
       8
       8
      11
      13
      10
      12
      15
       9
      13
       4
       3
       3
       3
       5
       2
       2
       3
       8
       3
       5
       4
       4
       4
       4
       2
       3
       3
       1
       0
       3
       2
       4
       4
       3
       2
       4
       1
       0
       2
       4
       2
       5
       0
       3
       1
       2
       6
       4
       4
       0
       2
       2
       3
       1
       4
       0
       1
       2
       3
       5
       6
       1
       4
       2
       3
       5
       4
       5
       6
       2
       5
       2
       1
       2
       2
       2
       3
       3
       1
       2
       3
       3
       4
       6
       2
       2
       4
       2
       2
       0
       1
       2
       4
       3
       2
       2
       0
       4
       3
       0
       4
       2
       5
       3
       0
       3
       1
       3
       2
       3
       5
       1
       2
       7
       4
       4
       2
       4
       5
       3
       5
       1
       3
       3
       2
       4
       3
       3
       3
       3
       3
       5
       2
       1
       0
       3
       5
       3
       2
       4
       3
       4
       4
       3
       3
       3
       3
       5
       4
       2
       3
       0
       3
       2
       1
       1
       3
       1
       3
       6
       3
       6
       5
       2
       4
       7
       3
       4
       2
       3
       3
       5
       4
       3
       2
       1
       3
       2
       2
       3
       0
       3
       2
       2
       5
       4
       4
       0
       4
       2
       1
       0
       7
       3
       2
       4
       2
       1
       0
       3
       4
       3
       3
       2
       2
       2
       6
       7
       3
       0
       2
       0
       2
       2
       3
       4
       4
       2
       2
       0
       1
       2
       2
       1
       7
       1
       1
       2
       2
       1
       2
       1
       2
       1
       1
       5
       0
       4
       3
       3
       4
       2
       2
       0
       4
       1
       2
       2
       2
       4
       4
       7
       3
       2
       0
       4
       7
       3
       5
       3
       6
       4
       7
       3
       4
       6
       4
       5
       3
       3
       1
       4
       0
       0
       1
       3
       4
       4
       3
       2
       3
       1
       5
       4
       1
       1
       3
       4
       5
       3
       1
       8
       3
       3
       0
       2
       1
       3
       5
       1
       2
       4
       0
       0
       2
       2
       5
       2
       4
       1
       2
       1
       3
       5
       1
       2
       3
       2
       3
       0
       4
       7
       2
       2
       0
       5
       2
       1
       0
       2
       2
       3
       2
       7
       3
       4
       2
       2
       4
       5
       2
       3
       3
       1
       5
       1
       1
       3
       0
       2
       3
       4
       2
       3
       2
       1
       0
       1
       1
       1
       1
       1
       6
       2
       5
       2
       3
       1
       1
       2
       3
       6
       4
       0
       3
       3
       1
       4
       2
       2
       1
       2
       2
       2
       3
       2
       5
       2
       2
       6
       2
       2
       5
       4
       1
       2
       4
       2
       1
       3
       3
       0
       3
       5
       2
       4
       3
       4
       3
       2
       3
       2
       5
       7
       5
       2
       5
       4
       4
       8
       4
       2
       3
       4
       2
       2
       5
       2
       2
       2
       1
       5
       2
       3
       4
       3
       4
       3
       3
       0
       4
       3
       3
       2
       3
       1
       1
       3
       5
       2
       2
       5
       2
       4
       5
       6
       1
       2
       2
       3
       2
       3
       3
       1
       3
       2
       3
       2
       2
       4
       4
       2
       4
       2
       0
       3
       2
       3
       3
       1
       1
       1
       9
       3
       2
       2
       0
       5
       3
       2
       0
       4
       4
       0
       4
       4
       1
       3
       1
       3
       3
       3
       6
       3
       3
       3
       1
       0
       2
       3
       2
       0
       3
       6
       4
       2
       1
       0
       4
       2
       2
       5
       4
       2
       1
       6
       2
       3
       4
       3
       1
       1
       3
       3
       4
       4
       0
       3
       5
       3
       1
       1
       1
       0
       2
       2
       0
       3
       2
       3
       1
       4
       1
       4
       1
       0
       2
       3
       1
       6
       0
       4
       2
       2
       3
       3
       4
       4
       1
       2
       4
       1
       4
       3
       3
       3
       4
       2
       3
       1
       2
       1
       0
       3
       2
       3
       3
       1
       1
       3
       0
       5
       4
       1
       1
       1
       1
       2
       2
       3
       2
       2
       1
       1
       5
       3
       1
       0
       3
       4
       3
       1
       3
       2
       3
       1
       6
       1
       1
       4
       1
       4
       2
       2
       1
       2
       3
       0
       2
       1
       4
       2
       6
       3
       3
       1
       3
       3
       2
       4
       1
       2
       0
       4
       1
       2
       4
       1
       3
       2
       3
       3
       3
       7
       1
       1
       3
       2
       1
       1
       3
       0
       2
       1
       5
       1
       1
       3
       5
       0
       4
       4
       0
       9
       5
       4
       3
       1
       2
       4
       2
       1
       0
       4
       4
       1
       2
       2
       4
       2
       1
       2
       0
       3
       2
       3
       5
       1
       3
       3
       1
       4
       3
       3
       2
       0
       0
       3
       1
       1
       1
       1
       2
       0
       3
       2
       5
       3
       3
       1
       1
       3
       4
       1
       1
       1
       0
       3
       2
       4
       0
       2
       2
       5
       2
       4
       2
       2
       1
       3
       2
       1
       1
       1
       3
       1
       1
       6
       3
       5
       5
       5
       5
       2
       0
       3
       1
       2
       1
       2
       1
       2
       4
       0
       2
       4
       1
       2
       2
       3
       1
       4
       3
       1
       3
       4
       0
       4
       1
       4
       5
       4
       5
       6
       5
       2
       2
       2
       3
       3
       2
       0
       3
       2
       2
       2
       4
       2
       2
       0
       0
       3
       0
       2
       5
       3
       1
       2
       1
       3
       4
       2
       4
       3
       1
       2
       1
       3
       3
       0
       1
       2
       2
       2
       0
       0
       1
       0
       1
       1
       1
       3
       4
       1
       2
       2
       3
       2
       3
       2
       1
       2
       1
       5
       3
       3
       3
       1
       0
       0
       1
       2
       3
       4
       0
       2
       2
       1
       1
       2
       2
       0
       2
       3
       4
       1
       2
       0
       0
       2
       3
       3
       2
       5
       3
       3
       3
       4
       1
       1
       1
       1
       0
       2
       2
       2
       4
       0
       5
       1
       0
       1
       3
       2
       3
       0
       4
       2
       6
       7
       0
       1
       4
       3
       3
       2
       4
       3
       4
       0
       6
       1
       3
       4
       8
       0
       3
       4
       1
       2
       0
       0
       2
       3
       2
       3
       0
       1
       2
       2
       0
       3
       3
       3
       1
       3
       0
       2
       4
       2
       2
       1
       2
       4
       5
       1
       0
       1
       4
       4
       2
       3
       5
       1
       0
       2
       3
       1
       2
       3
       2
       1
       3
       1
       0
       1
       3
       2
       2
       0
       2
       3
       3
       3
       4
       6
       6
       6
       7
      14
      13
       9
       8
       4
       3
       5
       1
       3
       2
       2
       3
       3
       1
       2
       2
       1
       3
       1
       0
       0
       0
       3
       2
       0
       3
       1
       1
       3
       2
       5
       4
       2
       0
       2
       1
       1
       1
       2
       2
       0
       1
       3
       3
       5
       2
       2
       2
       1
       1
       4
       2
       1
       1
       2
       2
       2
       2
       2
       0
       0
       2
       3
       1
       2
       0
       0
       0
       1
       1
       2
       2
       1
       2
       2
       0
       2
       4
       4
       2
       1
       4
       1
       1
       4
       4
       4
       4
       3
       5
       4
       1
       6
       2
       4
       1
       2
       0
       1
       5
       4
       1
       1
       5
       3
       0
       2
       0
       2
       2
       1
       2
       0
       0
       0
       1
       0
       3
       5
       1
       2
       1
       1
       2
       2
       5
       1
       0
       1
       1
       0
       3
       1
       5
       1
       1
       4
       2
       0
       1
       0
       0
       3
       2
       2
       2
       3
       0
       3
       2
       4
       1
       4
       2
       4
       3
       3
       5
       3
       1
       0
       2
       1
       2
       0
       2
       2
       5
       2
       2
       1
       1
       2
       3
       1
       2
       1
       1
       1
       2
       1
       1
       2
       2
       2
       0
       5
       3
       2
       1
       4
       3
       0
       3
       5
       3
       0
       2
       1
       2
       2
       4
       1
       4
       3
       1
       1
       2
       3
       3
       3
       3
       1
       2
       2
       2
       2
       1
       3
       1
       4
       4
       1
       4
       3
       2
       6
       4
       5
       8
       3
       4
       1
       1
       0
       3
       1
       3
       4
       0
       0
       0
       3
       1
       1
       2
       1
       0
       2
       1
       1
       0
       3
       3
       1
       3
       2
       3
       3
       4
       1
       1
       1
       1
       2
       3
       1
       2
       5
       1
       3
       0
       2
       1
       0
       3
       2
       1
       1
       3
       6
       2
       0
       0
       0
       1
       3
       0
       2
       1
       2
       1
       1
       1
       1
       0
       3
       0
       3
       1
       0
       3
       1
       2
       2
       2
       1
       2
       3
       1
       2
       0
       1
       1
       2
       0
       0
       2
       0
       2
       0
       5
       2
       0
       3
       1
       0
       1
       0
       5
       1
       5
       1
       0
       1
       0
       0
       2
       0
       2
       2
       2
       0
       1
       2
       0
       2
       1
       0
       2
       3
       2
       1
       6
       0
       4
       1
       2
       2
       2
       1
       2
       0
       2
       0
       1
       1
       0
       2
       3
       2
       1
       1
       1
       0
       4
       0
       1
       1
       0
       2
       2
       3
       1
       2
       1
       1
       3
       2
       1
       3
       0
       0
       1
       0
       0
       2
       3
       0
       4
       1
       5
       1
       3
       1
       4
       2
       2
       1
       1
       1
       3
       0
       0
       1
       1
       3
       4
       0
       1
       4
       0
       0
       2
       1
       1
       3
       2
       1
       0
       1
       2
       4
       1
       3
       0
       3
       4
       1
       2
       4
       3
       4
       1
       1
       4
       1
       2
       2
       2
       0
       3
       2
       1
       2
       3
       1
       0
       2
       1
       1
       2
       1
       1
       0
       1
       0
       3
       2
       1
       0
       4
       1
       2
       3
       1
       1
       2
       1
       6
       3
       2
       1
       2
       3
       2
       1
       1
       2
       1
       3
       1
       1
       2
       1
       2
       3
       0
       1
       0
       3
       1
       3
       0
       1
       0
       0
       0
       1
       3
       1
       2
       3
       1
       0
       0
       3
       4
       0
       2
       2
       2
       3
       1
       2
       0
       3
       1
       5
       0
       2
       3
       2
       1
       1
       1
       1
       0
       2
       0
       1
       3
       1
       3
       1
       3
       1
       1
       1
       1
       2
       0
       3
       3
       0
       1
       3
       1
       3
       0
       0
       2
       3
       1
       1
       1
       0
       1
       2
       5
       2
       1
       3
       1
       0
       0
       0
       1
       1
       0
       0
       2
       2
       3
       2
       5
       0
       1
       4
       2
       3
       1
       3
       2
       2
       0
       0
       3
       0
       5
       3
       4
       4
       4
       4
       1
       3
       2
       1
       1
       1
       2
       2
       3
       0
       2
       3
       0
       4
       2
       1
       0
       3
       2
       2
       2
       1
       3
       2
       2
       2
       2
       1
       1
       0
       3
       3
       1
       1
       3
       4
       6
       1
       2
       1
       3
       1
       3
       0
       1
       3
       2
       1
       1
       1
       1
       2
       0
       0
       1
       2
       2
       2
       4
       2
       0
       0
       2
       0
       1
       0
       2
       1
       3
       1
       0
       2
       1
       1
       3
       4
       0
       0
       5
       1
       1
       2
       1
       3
       0
       1
       2
       2
       2
       2
       2
       4
       0
       1
       1
       0
       5
       3
       2
       2
       1
       1
       0
       1
       1
       0
       1
       0
       1
       1
       1
       2
       1
       1
       1
       2
       2
       3
       3
       1
       2
       1
       3
       0
       3
       0
       2
       5
       2
       0
       0
       1
       1
       1
       0
       1
       3
       3
       0
       1
       1
       1
       2
       3
       1
       3
       3
       2
       2
       1
       3
       2
       0
       3
       2
       5
       3
       1
       1
       3
       2
       0
       3
       0
       6
       3
       0
       0
       2
       2
       3
       2
       0
       2
       0
       0
       1
       1
       2
       2
       1
       2
       2
       0
       1
       0
       3
       1
       1
       1
       0
       0
       1
       3
       4
       3
       0
       1
       2
       4
       1
       1
       2
       0
       4
       4
       4
       2
       1
       2
       4
       1
       4
       8
       6
       8
      10
       9
       4
       5
       1
       6
       6
       5
       1
       1
       2
       1
       3
       3
       2
       1
       3
       1
       1
       1
       1
       0
       3
       0
       2
       0
       0
       1
       0
       2
       1
       1
       1
       4
       1
       1
       0
       1
       1
       1
       1
       2
       1
       2
       0
       0
       0
       1
       3
       4
       1
       5
       1
       0
       0
       2
       1
       2
       2
       1
       6
       6
       0
       2
       1
       0
       0
       3
       1
       2
       5
       1
       2
       0
       1
       2
       3
       2
       3
       0
       4
       0
       2
       1
       1
       5
       2
       3
       2
       0
       0
       3
       0
       1
       3
       2
       1
       1
       3
       2
       1
       2
       2
       2
       4
       3
       1
       2
       1
       3
       2
       2
       2
       2
       1
       3
       4
       1
       0
       2
       0
       0
       3
       0
       1
       2
       0
       3
       0
       1
       0
       0
       1
       2
       3
       1
       3
       0
       3
       2
       1
       4
       2
       2
       1
       4
       1
       0
       1
       0
       1
       0
       1
       1
       2
       1
       0
       2
       2
       2
       2
       3
       4
       1
       0
       3
       2
       0
       1
       0
       2
       2
       2
       2
       5
       3
       1
       3
       2
       0
       3
       3
       1
       2
       1
       2
       2
       1
       2
       5
       1
       1
       1
       3
       0
       3
       1
       1
       4
       2
       4
       0
       4
       0
       2
       1
       3
       2
       1
       3
       3
       3
       3
       1
       3
       1
       0
       2
       2
       2
       2
       2
       2
       1
       0
       1
       1
       1
       0
       1
       1
       2
       1
       1
       1
       3
       2
       6
       1
       3
       1
       4
       1
       1
       1
       3
       2
       1
       1
       1
       4
       1
       2
       1
       5
       2
       2
       0
       3
       1
       2
       1
       1
       1
       2
       1
       3
       2
       0
       4
       0
       2
       2
       0
       2
       2
       2
       1
       1
       6
       1
       4
       5
       2
       2
       1
       2
       5
       4
       2
       2
       4
       1
       3
       2
       1
       1
       3
       3
       3
       1
       0
       4
       1
       0
       0
       2
       2
       0
       2
       0
       1
       1
       0
       1
       2
       2
       2
       1
       1
       2
       1
       4
       2
       2
       1
       2
       2
       0
       0
       1
       2
       2
       1
       2
       4
       0
       1
       4
       5
       3
       3
       1
       3
       2
       2
       2
       1
       0
       0
       4
       2
       3
       0
       2
       3
       2
       4
       3
       1
       3
       1
       3
       3
       1
       0
       3
       2
       4
       4
       1
       3
       1
       3
       6
       1
       4
       1
       2
       1
       2
       2
       3
       1
       2
       4
       3
       1
       3
       2
       1
       4
       0
       3
       3
       0
       1
       4
       2
       1
       0
       1
       2
       3
       3
       1
       1
       2
       5
       0
       4
       2
       1
       2
       2
       1
       2
       2
       0
       2
       1
       3
       1
       2
       1
       2
       4
       1
       2
       4
       1
       0
       0
       2
       1
       1
       2
       0
       3
       3
       1
       2
       2
       2
       5
       1
       0
       1
       0
       5
       1
       3
       1
       3
       3
       1
       2
       6
       2
       2
       4
       2
       5
       6
       3
       2
       3
       5
       2
       1
       3
       2
       2
       2
       2
       1
       0
       1
       5
       1
       3
       1
       1
       0
       2
       1
       2
       0
       1
       1
       1
       5
       3
       0
       0
       1
       2
       2
       1
       1
       0
       0
       4
       1
       1
       3
       1
       4
       3
       4
       4
       1
       1
       0
       1
       1
       1
       3
       2
       1
       0
       4
       2
       1
       1
       1
       3
       0
       1
       1
       2
       1
       2
       1
       1
       0
       0
       1
       0
       3
       1
       3
       2
       1
       0
       0
       3
       1
       0
       0
       0
       2
       1
       0
       1
       0
       0
       1
       1
       1
       0
       1
       0
       1
       1
       3
       0
       1
       1
       3
       1
       0
       1
       0
       1
       3
       1
       1
       4
       0
       2
       2
       2
       0
       1
       2
       2
       1
       0
       3
       0
       0
       0
       1
       0
       1
       1
       0
       0
       1
       4
       1
       3
       1
       2
       1
       6
       2
       1
       3
       2
       3
       1
       1
       2
       1
       4
       1
       1
       0
       2
       0
       0
       2
       1
       1
       4
       0
       2
       2
       2
       3
       0
       1
       1
       0
       2
       1
       3
       0
       3
       1
       0
       1
       0
       0
       1
       1
       2
       0
       0
       2
       2
       1
       1
       1
       0
       3
       3
       0
       3
       2
       0
       2
       1
       1
       2
       1
       0
       2
       0
       1
       1
       1
       1
       1
       1
       1
       2
       0
       3
       1
       2
       0
       1
       0
       0
       1
       3
       0
       1
       1
       1
       2
       2
       0
       0
       1
       1
       0
       0
       0
       2
       0
       0
       2
       1
       1
       2
       1
       1
       0
       0
       1
       2
       2
       1
       1
       0
       0
       0
       0
       1
       2
       1
       2
       1
       1
       0
       0
       1
       1
       1
       1
       1
       0
       0
       0
       0
       1
       1
       2
       1
       1
       0
       2
       1
       2
       0
       3
       0
       1
       0
       1
       1
       1
       0
       1
       0
       1
       1
       1
       2
       0
       0
       2
       0
       2
       0
       0
       0
       0
       1
       1
       1
       2
       1
       1
       0
       0
       2
       1
       2
       2
       0
       2
       0
       0
       0
       1
       1
       2
       2
       1
       2
       0
       0
       0
       1
       0
       0
       1
       2
       0
       0
       1
       1
       1
       1
       0
       1
       0
       1
       2
       0
       0
       0
       2
       1
       0
       0
       0
       0
       1
       1
       1
       1
       1
       2
       1
       1
       1
       1
       1
       0
       5
       0
       0
       1
       1
       0
       0
       0
       0
       0
       0
       0
       1
       3
       0
       1
       0
       0
       0
       0
       2
       0
       1
       1
       1
       3
       1
       0
       3
       0
       1
       0
       0
       0
       1
       1
       1
       2
       2
       0
       1
       1
       2
       2
       1
       3
       0
       0
       2
       0
       1
       0
       0
       1
       0
       1
       0
       1
       0
       0
       0
       0
       2
       2
       0
       0
       1
       1
       1
       0
       0
       1
       1
       2
       0
       0
       0
       1
       0
       1
       0
       1
       0
       1
       0
       0
       1
       0
       1
       0
       0
       1
       0
       1
       0
       0
       0
       0
       1
       0
       0
       0
       0
       1
       1
       4
       3
       0
       1
       0
       0
       2
       1
       1
       0
       1
       0
       0
       2
       1
       0
       1
       2
       0
       1
       0
       1
       0
       0
       0
       0
       2
       0
       0
       0
       2
       0
       0
       2
       0
       0
       2
       0
       1
       0
       0
       2
       0
       0
       0
       1
       0
       0
       0
       1
       0
       0
       0
       0
       1
       0
       0
       1
       1
       3
       2
       0
       0
       0
       1
       2
       0
       0
       3
       2
       2
       1
       1
       1
       5
       1
       0
       0
       0
       1
       2
       1
       0
       2
       0
       0
       1
       0
       0
       0
       1
       2
       2
       0
       0
       0
       0
       0
       0
       1
       1
       0
       0
       0
       1
       1
       1
       0
       0
       0
       0
       1
       0
       2
       0
       0
       1
       0
       0
       1
       1
       1
       1
       0
       1
       0
       3
       2
       0
       0
       1
       1
       0
       0
       1
       1
       0
       0
       0
       1
       0
       0
       1
       0
       1
       0
       1
       0
       1
       1
       0
       0
       0
       1
       3
       1
       1
       1
       1
       1
       2
       1
       3
       0
       0
       0
       1
       1
       0
       1
       0
       0
       0
       2
       0
       0
       3
       1
       1
       1
       1
       1
       0
       0
       3
       2
       0
       2
       0
       0
       2
       2
       1
       1
       1
       0
       0
       0
       1
       0
       0
       0
       1
       0
       1
       2
       2
       0
       1
       1
       0
       1
       0
       0
       0
       0
       1
       0
       1
       1
       1
       2
       0
       0
       0
       0
       1
       0
       1
       0
       1
       1
       0
       0
       0
       0
       0
       0
       0
       1
       0
       0
       1
       1
       1
       1
       1
       0
       2
       0
       0
       2
       1
       2
       0
       0
       0
       0
       0
       0
       1
       0
       1
       2
       0
       1
       2
       0
       1
       3
       0
       0
       3
       2
       0
       0
       0
       0
       1
       0
       2
       0
       0
       0
       0
       3
       0
       1
       0
       2
       0
       2
       0
       1
       2
       0
       0
       0
       0
       1
       2
       1
       1
       1
       2
       1
       0
       0
       0
       0
       3
       0
       0
       1
       1
       0
       0
       1
       1
       0
       0
       2
       0
       0
       0
       1
       1
       1
       0
       0
       0
       0
       1
       3
       2
       1
       0
       2
       0
       1
       1
       1
       0
       0
       0
       0
       0
       1
       0
       1
       1
       0
       0
       1
       1
       0
       0
       1
       1
       0
       1
       1
       0
       0
       1
       0
       2
       1
       0
       1
       0
       1
       1
       0
       2
       1
       1
       0
       4
       0
       3
       0
       0
       2
       1
       3
      15
       4
      11
      18
      23
      31
      29
      39
      37
      41
      57
      38
      39
      37
      31
      22
      18
      16
       7
       7
       1
       0
       1
       1
       0
       1
       0
       0
       0
       0
       0
       0
       0
       0
       0
       0
       0
       0
       0
       0
       0
       0
       0
       0
       2
       0
       0
       0
       0
       0
       0
       0
       0
       0
       0
       0
       0
       0
       0
       1
       0
       0
       0
       0
       1
       1
       1
       0
       1
       0
       1
       0
       0
       0
       0
       0
       0
       1
       0
       0
       0
       2
       1
       1
       0
       0
       0
       0
       1
       1
       0
       0
       0
       0
       0
       0
       0
       0
       0
       1
       0
       0
       0
       0
       1
       2
       0
       1
       0
       0
       0
       0
       0
       0
       0
       0
       2
       1
       0
       0
       0
       1
       0
       1
       0
       0
       0
       0
       0
       0
       0
       0
       1
       0
       1
       0
       0
       0
       0
       0
       1
       0
       0
       1
       2
       1
       1
       1
       0
       0
       1
       1
       0
       0
       0
       0
       2
       0
       2
       1
       0
       0
       0
       0
       1
       0
       1
       1
       0
       0
       0
       0
       0
       0
       0
       1
       0
       0
       0
       1
       0
       0
       1
       0
       1
       2
       1
       0
       0
       0
       0
       0
       0
       0
       0
       1
       0
       2
       0
       0
       1
       1
       1
       0
       1
       0
       1
       0
       0
       1
       1
       0
       1
       0
       0
       1
       0
       0
       0
       0
       0
       0
       0
       0
       1
       0
       0
       0
       0
       0
       0
       0
       0
       0
       0
       0
       1
       1
       1
       0
       0
       0
       0
       0
       0
       0
       0
       1
       0
       0
       2
       0
       0
       1
       0
       0
       0
       1
       0
       1
       0
       0
       0
       0
       0
       0
       0
       0
       0
       1
       0
       0
       0
       1
       0
       1
       0
       0
       2
       1
       1
       0
       0
       1
       1
       0
       0
       0
       1
       1
       1
       1
       0
       1
       0
       1
       2
       0
       1
       0
       0
       1
       0
       0
       0
       0
       0
       1
       0
       0
       0
       0
       1
       0
       0
       1
       0
       2
       0
       0
       1
       2
       1
       0
       0
       0
       1
       0
       1
       0
       0
       0
       0
       0
       1
       0
       3
       2
       1
       1
       1
       2
       0
       1
       0
       0
       0
       1
       0
       0
       0
       1
       0
       0
       0
       0
       0
       0
       0
       1
       0
       0
       0
       0
       0
       0
       0
       0
       0
       0
       0
       0
       0
       2
       0
       0
       0
       1
       0
       0
       0
       0
       0
       0
       0
       0
       1
       0
       0
       0
       0
       1
       1
       0
       0
       0
       0
       0
       1
       0
       0
       0
       0
       0
       1
       0
       0
       0
       0
       1
       0
       0
       0
       0
       1
       1
       0
       0
       0
       0
       0
       0
       0
       0
       0
       0
       0
       0
       0
       0
       0
       0
       1
       1
       0
       1
       1
       0
       1
       0
       0
       0
       0
       0
       0
       0
       0
       2
       0
       0
       0
       0
       1
       0
       1
       0
       0
       1
       1
       0
       2
       0
       0
       0
       0
       0
       0
       0
       0
       0
       1
       0
       0
       0
       1
       0
       1
       1
       0
       0
       0
       1
       0
       0
       1
       0
       0
       1
       0
       0
       1
       0
       1
       2
       1
       0
       1
       0
       0
       0
       0
       0
       0
       4
       1
       0
       1
       0
       3
       0
       0
       0
       0
       0
       1
       0
       1
       0
       1
       1
       0
       1
       0
       3
       1
       1
       0
       1
       0
       1
       1
       0
       1
       0
       0
       1
       1
       0
       1
       1
       0
       1
       0
       1
       0
       1
       0
       0
       1
       0
       1
       0
       0
       0
       1
       0
       2
       0
       0
       0
       0
       0
       0
       0
       1
       0
       0
       1
       0
       0
       0
       0
       0
       0
       0
       0
       0
       0
       2
       0
       0
       1
       1
       1
       0
       0
       1
       1
       1
       0
       1
       1
       0
       0
       2
       0
       0
       0
       0
       0
       0
       0
       2
       1
       0
       1
       1
       0
       0
       0
       0
       0
       0
       0
       0
       0
       0
       0
       1
       1
       0
       0
       0
       1
       0
       0
       0
       1
       0
       0
       2
       1
       0
       2
       0
       0
       0
       1
       0
       0
       2
       0
       0
       0
       0
       0
       1
       0
       0
       0
       0
       0
       0
       0
       1
       1
       0
       0
       0
       0
       0
       0
       1
       0
       0
       2
       0
       0
       0
       1
       0
       1
       0
       0
       1
       1
       1
       0
       0
       0
       0
       0
       0
       1
       1
       1
       0
       0
       0
       0
       1
       1
       0
       2
       0
       0
       1
       0
       0
       0
       2
       0
       0
       0
       0
       0
       3
       1
       0
       0
       0
       1
       0
       1
       0
       0
       0
       0
       0
       0
       0
       1
       0
       0
       0
       0
       0
       0
       0
       0
       0
       1
       0
       0
       0
       1
       0
       1
       0
       0
       1
       0
       0
       0
       0
       0
       0
       0
       0
       0
       0
       0
       0
       0
       0
       0
       0
       0
       0
       0
       0
       0
       0
       0
       0
       0
       0
       1
       0
       1
       0
       0
       0
       0
       0
       0
       0
       2
       1
       0
       0
       0
       0
       1
       1
       1
       0
       2
       0
       2
       1
       1
       1
       0
       0
       0
       0
       0
       0
       0
       0
       1
       0
       0
       0
       0
       0
       2
       0
       1
       1
       0
       1
       1
       0
       1
       0
       0
       0
       1
       2
       0
       0
       0
       0
       0
       0
       0
       0
       0
       0
       0
       2
       0
       0
       0
       0
       0
       0
       1
       0
       0
       0
       0
       0
       0
       0
       0
       0
       0
       0
       0
       0
       0
       0
       0
       0
       1
       0
       0
       1
       0
       0
       0
       0
       0
       1
       0
       1
       0
       0
       1
       0
       1
       0
       0
       0
       0
       0
       0
       0
       0
       0
       0
       0
       0
       0
       0
       0
       1
       0
       1
       0
       1
       1
       0
       0
       0
       0
       0
       1
       0
       0
       0
       1
       0
       0
       1
       0
       0
       0
       0
       0
       0
       0
       1
       1
       0
       2
       0
       0
       0
       0
       0
       0
       0
       0
       0
       0
       0
       0
       0
       0
       0
       0
       0
       0
       0
       0
       1
       1
       0
       0
       0
       1
       0
       0
       1
       0
       0
       0
       0
       0
       0
       0
       0
       0
       0
       0
       1
       0
       0
       0
       0
       0
       2
       0
       0
       0
       0
       0
       0
       1
       1
       0
       0
       0
       0
       0
       0
       0
       0
       0
       0
       0
       0
       0
       1
       0
       0
       0
       0
       0
       0
       0
       0
       0
       1
       0
       0
       0
       0
       0
       1
       0
       0
       0
       0
       1
       0
       0
       0
       0
       0
       0
       0
       0
       0
       0
       0
       0
       0
       0
       0
       0
       1
       0
       0
       0
       0
       0
       0
       1
       0
       0
       0
       1
       0
       0
       0
       0
       0
       0
       1
       0
       0
       0
       1
       0
       0
       0
       0
       0
       0
       0
       0
       0
       0
       1
       1
       0
       2
       2
       1
       1
       0
       0
       0
       3
       0
       0
       0
       0
       0
       0
       0
       0
       0
       0
       0
       0
       0
       0
       0
       0
       0
       0
       0
       0
       0
       0
       0
       0
       0
       0
       0
       0
       0
       0
       0
       1
       0
       0
       0
       0
       0
       1
       0
       0
       0
       0
       0
       0
       0
       1
       0
       0
       0
       0
       0
       0
       0
       1
       0
       0
       1
       0
       0
       0
       0
       0
       0
       0
       0
       0
       0
       1
       1
       1
       1
       0
       0
       0
       0
       0
       0
       0
       0
       0
       0
       0
       0
       1
       0
       0
       0
       0
       0
       0
       0
       0
       0
       0
       0
       0
       0
       1
       0
       0
       0
       0
       0
       0
       1
       0
       0
       1
       0
       0
       0
       0
       0
       0
       0
       1
       0
       0
       1
       0
       0
       0
       1
       1
       2
       2
       3
       3
       1
       1
       4
       3
       4
       4
       6
       2
       1
       3
       0
       2
       1
       3
       2
       0
       0
       0
       1
       0
       0
       0
       0
       2
       0
       0
       0
       0
       0
       0
       0
       0
       0
       0
       1
       0
       0
       0
       0
       0
       0
       0
       0
       1
       0
       0
       2
       0
       0
       0
       0
       1
       0
       0
       0
       1
       1
       0
       0
       1
       0
       0
       0
       0
       0
       0
       0
       0
       0
       0
       0
       0
       0
       0
       0
       0
       0
       0
       0
       0
       0
       0
       0
       0
       0
       1
       0
       0
       0
       1
       0
       0
       0
       0
       0
       0
       0
       0
       0
       0
       0
       0
       0
       0
       0
       0
       0
       1
       1
       0
       0
       0
       0
       0
       0
       0
       1
       0
       0
       0
       0
       0
       0
       0
       0
       0
       0
       0
       0
       0
       0
       1
       0
       0
       0
       0
       1
       0
       0
       1
       0
       0
       0
       0
       0
       0
       0
       0
       0
       0
       0
       0
       0
       0
       0
       0
       0
       0
       0
       0
       0
       0
       0
       0
       0
       0
       0
       0
       0
       0
       0
       0
       1
       0
       0
       0
       0
       0
       0
       0
       0
       0
       0
       1
       0
       1
       0
       0
       0
       0
       0
       0
       0
       0
       0
       0
       0
       0
       0
       0
       0
       0
       1
       0
       0
       0
       0
       1
       0
       0
       0
       1
       1
       0
       0
       0
       0
       0
       0
       0
       0
       0
       0
       0
       0
       0
       0
       0
       0
       0
       0
       0
       0
       0
       0
       0
       0
       0
       0
       0
       0
       0
       0
       1
       0
       0
       0
       0
       1
       1
       0
       0
       2
       0
       0
       1
       0
       1
       0
       0
       0
       0
       0
       0
       0
       0
       0
       0
       0
       0
       0
       0
       1
       0
       0
       0
       0
       0
       0
       0
       1
       0
       0
       0
       0
       0
       1
       1
       0
       1
       0
       1
       0
       0
       1
       0
       0
       0
       0
       0
       1
       0
       1
       0
       0
       0
       0
       1
       1
       0
       0
       0
       0
       0
       0
       0
       0
       0
       0
       0
       1
       0
       0
       2
       1
       1
       0
       2
       0
       3
       2
       0
       1
       0
       0
       0
       0
       0
       0
       0
       1
       0
       0
       0
       1
       1
       0
       0
       0
       0
       0
       0
       0
       0
       0
       0
       0
       1
       0
       0
       0
       0
       0
       0
       0
       0
       0
       0
       0
       0
       0
       0
       0
       1
       0
       0
       2
       0
       1
       0
       0
       0
       0
       1
       0
       1
       0
       0
       0
       0
       0
       0
       0
       0
       0
       0
       0
       0
       0
       0
       0
       0
       0
       0
       0
       0
       0
       0
       0
       0
       0
       0
       0
       0
       0
       0
       0
       0
       0
       0
       1
       0
       0
       0
       0
       0
       0
       1
       0
       0
       0
       0
       0
       0
       0
       0
       0
       0
       0
       0
       0
       1
       0
       0
       0
       0
       0
       0
       0
       0
       0
       0
       0
       1
       0
       0
       0
       0
       0
       0
       0
       0
       0
       0
       0
       0
       0
       0
       0
       0
       0
       1
       0
       0
       2
       1
       0
       0
       0
       0
       1
       0
       0
       0
       0
       0
       0
       0
       0
       0
       1
       1
       0
       1
       1
       1
       0
       0
       0
       0
       0
       0
       0
       1
       0
       0
       0
       0
       0
       0
       0
       0
       0
       0
       0
       0
       0
       0
       0
       1
       0
       0
       1
       0
       0
       0
       0
       1
       0
       0
       0
       2
       1
       0
       0
       0
       0
       1
       0
       1
       0
       2
       0
       0
       0
       0
       0
       1
       0
       0
       0
       1
       0
       0
       0
       0
       0
       0
       1
       1
       0
       0
       0
       0
       0
       0
       0
       0
       0
       0
       0
       0
       0
       0
       0
       0
       0
       0
       0
       0
       0
       0
       0
       0
       0
       0
       0
       0
       0
       0
       0
       0
       1
       0
       0
       0
       0
       0
       0
       1
       0
       0
       0
       0
       0
       0
       0
       0
       0
       0
       0
       0
       0
       1
       0
       0
       0
       0
       1
       0
       0
       1
       0
       2
       0
       0
       0
       0
       0
       0
       0
       0
       0
       0
       0
       0
       0
       0
       1
       0
       0
       0
       0
       0
       0
       0
       0
       0
       1
       0
       0
       0
       0
       0
       0
       2
       0
       0
       0
       0
       0
       0
       1
       0
       2
       0
       0
       0
       1
       1
       0
       0
       0
       0
       0
       0
       0
       0
       0
       0
       0
       0
       0
       1
       0
       0
       0
       0
       0
       1
       0
       0
       0
       0
       0
       0
       1
       0
       0
       0
       0
       1
       0
       0
       0
       0
       1
       0
       0
       0
       0
       0
       1
       0
       0
       0
       0
       0
       0
       0
       0
       0
       1
       0
       0
       0
       0
       1
       0
       1
       0
       0
       0
       0
       0
       0
       0
       0
       0
       0
       1
       1
       0
       0
       0
       1
       1
       0
       0
       2
       0
       1
       0
       3
       1
       0
       0
       0
       0
       0
       1
       0
       0
       0
       0
       0
       0
       0
       0
       0
       0
       0
       0
       0
       0
       0
       0
       0
       0
       0
       0
       0
       0
       0
       0
       0
       1
       0
       0
       2
       0
       1
       0
       0
       0
       0
       0
       0
       0
       0
       0
       0
       0
       0
       0
       0
       0
       0
       0
       0
       0
       2
       0
       0
       0
       0
       0
       0
       0
       1
       0
       0
       0
       0
       0
       0
       0
       0
       0
       0
       0
       0
       0
       0
       0
       2
       0
       0
       1
       0
       0
       0
       0
       0
       2
       0
       0
       1
       0
       0
       0
       1
       0
       0
       0
       0
       0
       0
       0
       0
       0
       0
       0
       1
       0
       0
       0
       0
       0
       0
       0
       0
       1
       0
       0
       1
       0
       0
       0
       1
       0
       1
       0
       0
       0
       0
       0
       0
       0
       0
       1
       0
       0
       0
       1
       0
       0
       0
       0
       0
       0
       0
       1
       0
       0
       0
       0
       1
       1
       0
       0
       0
       0
       0
       0
       2
       0
       0
       0
       0
       0
       0
       0
       1
       0
       0
       0
       1
       0
       0
       0
       0
       0
       1
       0
       0
       0
       1
       0
       1
       0
       0
       0
       0
       0
       0
       0
       0
       0
       0
       0
       0
       0
       0
       0
       0
       0
       0
       0
       0
       0
       0
       0
       1
       0
       1
       0
       0
       0
       0
       0
       0
       0
       0
       0
       0
       0
       0
       0
       0
       0
       0
       0
       0
       0
       1
       0
       0
       0
       0
       0
       0
       0
       0
       0
       0
       0
       1
       0
       0
       0
       0
       0
       0
       0
       0
       0
       0
       0
       0
       0
       0
       0
       0
       0
       0
       0
       0
       0
       0
       0
       0
       1
       0
       1
       0
       0
       0
       0
       0
       0
       0
       0
       0
       0
       0
       1
       0
       0
       0
       0
       1
       0
       0
       0
       0
       0
       0
       0
       0
       0
       0
       0
       0
       0
       0
       1
       0
       0
       0
       0
       0
       0
       0
       0
       0
       0
       1
       0
       0
       0
       0
       0
       1
       0
       0
       0
       0
       0
       0
       1
       0
       0
       0
       0
       0
       1
       0
       0
       0
       0
       0
       0
       0
       0
       0
       0
       0
       0
       1
       0
       0
       0
       0
       1
       0
       0
       0
       0
       0
       0
       0
       0
       0
       0
       0
       0
       0
       0
       0
       1
       0
       0
       0
       0
       0
       0
       0
       0
       0
       0
       1
       0
       0
       0
       0
       0
       0
       0
       0
       0
       0
       0
       0
       0
       0
       0
       0
       0
       0
       0
       0
       0
       0
       0
       0
       0
       0
       0
       0
       0
       0
       0
       0
       0
       0
       0
       0
       0
       0
       0
       0
       0
       0
       0
       0
       0
       0
       0
       0
       0
       0
       0
       0
       0
       0
       0
       0
       0
       0
       0
       0
       0
       0
       0
       0
       0
       0
       0
       0
       0
       0
       0
       0
       0
       0
       0
       0
       0
       0
       0
       0
       0
       0
       0
       0
       1
       1
       0
       1
       0
       0
       0
       0
       1
       0
       0
       0
       0
       0
       0
       1
       0
       0
       0
       1
       0
       0
       0
       0
       0
       0
       0
       0
       0
       0
       0
       0
       0
       1
       0
       0
       0
       0
       0
       0
       0
       1
       1
       1
       0
       0
       0
       0
       0
       0
       0
       0
       0
       1
       0
       0
       0
       0
       0
       1
       0
       0
       0
$ROI:
11
224 244
765 907
1350 1411
1828 1908
2525 2667
2716 2799
3716 3817
4331 4427
4564 4622
5085 5259
5690 5768
$PRESETS:
Live Time
600
0
$ENER_FIT:
0.053689 0.255148
$MCA_CAL:
3
5.368913E-002 2.551478E-001 -1.853380E-009 keV
$SHAPE_CAL:
3
6.992400E+000 7.812671E-004 -3.508660E-008
