$SPEC_ID:
No sample description was entered.
$SPEC_REM:
DET# 1
DETDESC# GMX20P4 HPGe
AP# Maestro Version 7.01
$DATE_MEA:
11/27/2018 15:14:12
$MEAS_TIM:
600 602
$DATA:
0 8191
       0
       0
       0
       0
       0
       0
       0
       0
       0
       0
       0
       0
       0
       0
       0
       0
       0
       0
       0
       0
       0
       0
       0
       0
       0
       0
       0
       0
       0
       0
       0
       0
       0
       0
       0
       0
       0
       0
       0
       0
       0
       0
       0
       0
       0
       0
       0
       0
      24
     172
     345
     560
     554
     578
     599
     550
     506
     566
     568
     595
     575
     576
     574
     542
     562
     583
     594
     545
     586
     572
     555
     674
     658
     583
     634
     662
     710
     715
     765
     714
     767
     736
     734
     684
     668
     598
     562
     504
     476
     495
     440
     454
     461
     459
     523
     474
     505
     503
     481
     450
     462
     438
     510
     501
     514
     582
     646
     731
     805
     905
     978
    1045
    1160
    1417
    1546
    1902
    2528
    3304
    4176
    4674
    4850
    4747
    4266
    3629
    2747
    1989
    1363
     962
     735
     551
     586
     657
     815
    1000
    1155
    1354
    1521
    1516
    1461
    1333
    1106
     817
     681
     502
     400
     299
     246
     199
     195
     229
     173
     167
     203
     209
     186
     222
     182
     177
     200
     181
     196
     202
     198
     186
     194
     177
     173
     209
     194
     201
     191
     207
     215
     189
     196
     202
     193
     203
     214
     199
     217
     238
     225
     231
     225
     196
     230
     182
     211
     215
     220
     233
     214
     213
     233
     233
     221
     212
     233
     235
     254
     225
     262
     266
     317
     416
     420
     425
     467
     417
     425
     385
     305
     310
     266
     244
     222
     222
     230
     258
     227
     262
     248
     226
     230
     260
     226
     208
     217
     244
     256
     251
     276
     229
     262
     259
     264
     263
     296
     272
     262
     318
     300
     318
     312
     325
     348
     335
     378
     332
     320
     338
     355
     347
     343
     383
     362
     372
     367
     418
     397
     422
     417
     407
     356
     409
     386
     376
     365
     426
     389
     401
     402
     359
     373
     398
     400
     392
     366
     372
     383
     373
     335
     357
     351
     300
     342
     340
     305
     337
     331
     329
     356
     315
     298
     307
     307
     301
     277
     300
     312
     319
     363
     337
     328
     360
     366
     412
     499
     601
     740
    1056
    1447
    2029
    2665
    3267
    3877
    4159
    4073
    3624
    2933
    2145
    1556
    1050
     590
     373
     246
     227
     197
     162
     168
     189
     175
     189
     191
     163
     192
     170
     169
     212
     195
     172
     205
     196
     166
     167
     171
     156
     183
     168
     185
     172
     168
     188
     199
     172
     162
     201
     167
     173
     163
     202
     188
     178
     155
     197
     186
     186
     180
     190
     192
     183
     175
     181
     172
     197
     190
     192
     188
     194
     143
     188
     196
     179
     167
     190
     168
     180
     176
     189
     154
     176
     157
     169
     178
     173
     149
     179
     161
     152
     185
     174
     174
     159
     183
     160
     163
     152
     185
     181
     160
     173
     176
     155
     173
     179
     209
     152
     188
     174
     153
     162
     175
     176
     181
     182
     135
     175
     171
     181
     171
     172
     188
     162
     174
     170
     176
     168
     195
     174
     176
     184
     192
     162
     163
     176
     182
     153
     169
     172
     172
     171
     176
     172
     195
     144
     159
     176
     193
     184
     153
     172
     178
     140
     153
     178
     177
     165
     172
     177
     155
     185
     168
     151
     161
     158
     179
     170
     169
     180
     167
     173
     167
     158
     180
     179
     201
     179
     169
     170
     168
     153
     179
     139
     151
     144
     169
     168
     151
     176
     149
     150
     151
     190
     163
     155
     147
     153
     155
     171
     164
     163
     153
     179
     153
     141
     166
     173
     170
     159
     166
     159
     167
     157
     180
     164
     160
     160
     153
     151
     160
     154
     181
     165
     181
     162
     182
     162
     152
     188
     151
     152
     160
     152
     141
     164
     174
     149
     159
     171
     155
     167
     175
     160
     160
     166
     185
     176
     168
     176
     183
     154
     168
     151
     156
     164
     164
     164
     155
     171
     195
     183
     151
     162
     174
     151
     143
     183
     167
     206
     169
     149
     174
     173
     168
     164
     170
     196
     186
     210
     192
     160
     162
     177
     160
     175
     167
     180
     170
     202
     167
     169
     171
     182
     161
     197
     183
     180
     187
     165
     162
     191
     179
     175
     181
     171
     165
     155
     187
     174
     168
     156
     170
     153
     198
     206
     193
     204
     223
     220
     256
     285
     221
     209
     198
     203
     151
     178
     181
     173
     175
     155
     181
     178
     169
     175
     155
     180
     177
     172
     145
     172
     183
     172
     172
     162
     180
     173
     175
     150
     176
     164
     171
     179
     160
     169
     168
     185
     157
     165
     154
     197
     149
     134
     155
     162
     151
     165
     156
     122
     173
     161
     159
     174
     165
     158
     186
     154
     140
     151
     148
     141
     171
     140
     147
     186
     159
     151
     148
     175
     161
     166
     163
     132
     156
     162
     174
     157
     166
     147
     158
     133
     169
     163
     179
     179
     175
     157
     161
     170
     155
     159
     170
     185
     143
     160
     166
     160
     160
     157
     150
     163
     176
     151
     152
     151
     146
     162
     139
     164
     167
     171
     169
     150
     144
     144
     138
     147
     147
     149
     141
     170
     150
     154
     155
     162
     173
     139
     144
     151
     154
     165
     146
     146
     159
     162
     152
     129
     128
     124
     133
     168
     138
     150
     158
     142
     144
     146
     151
     138
     127
     142
     161
     140
     144
     172
     134
     162
     147
     144
     139
     135
     158
     137
     134
     122
     137
     143
     137
     146
     136
     129
     126
     130
     122
     118
     119
     121
     134
     122
     113
     131
     125
     133
      95
     136
     125
     109
      96
      93
     134
     120
     112
     120
     108
     104
     105
     119
     101
     110
      98
     102
     113
     110
     103
     118
     103
      82
     105
      96
     105
     104
      91
     125
     106
      87
      99
      87
      95
     100
      83
      88
     104
      91
     101
      95
     108
     105
      92
      88
      89
      83
      71
      98
      90
      83
      96
      86
      97
     108
      89
      99
     131
     107
     142
     120
     121
     125
     111
      98
      99
      89
      91
      89
      75
      72
      76
      94
     107
      72
      79
      75
      81
      87
      80
      69
      91
      56
      91
      85
      73
      65
      68
      70
      75
      70
      77
      74
      82
      69
      71
      48
      61
      79
      52
      65
      67
      70
      62
      70
      83
      70
      78
      67
      66
      78
      57
      76
      64
      73
      66
      81
      72
      81
      69
      82
      94
      82
      85
      78
      72
      74
      73
      75
      67
      64
      72
      62
      44
      59
      72
      73
      71
      59
      68
      58
      52
      43
      55
      64
      62
      54
      50
      48
      56
      57
      48
      44
      57
      54
      54
      52
      55
      68
      42
      61
      48
      44
      55
      32
      51
      50
      40
      56
      54
      50
      59
      50
      56
      45
      53
      52
      44
      40
      58
      44
      41
      47
      63
      62
      44
      37
      58
      48
      60
      60
      43
      35
      68
      42
      46
      60
      48
      43
      52
      39
      46
      42
      39
      47
      50
      42
      38
      34
      39
      49
      54
      49
      39
      46
      40
      36
      41
      50
      46
      39
      41
      39
      45
      42
      34
      36
      50
      39
      43
      53
      45
      40
      45
      37
      39
      30
      48
      53
      44
      43
      47
      37
      33
      48
      40
      33
      48
      51
      43
      49
      35
      40
      35
      55
      39
      45
      28
      49
      51
      59
      61
     115
     144
     239
     312
     395
     460
     557
     526
     493
     387
     347
     230
     168
     119
      85
      53
      41
      35
      37
      45
      41
      48
      24
      37
      37
      26
      37
      44
      31
      30
      35
      43
      28
      46
      34
      40
      36
      34
      34
      32
      36
      43
      46
      31
      36
      33
      33
      40
      27
      27
      41
      31
      41
      24
      40
      27
      31
      27
      41
      31
      35
      31
      42
      27
      23
      26
      36
      33
      34
      23
      33
      26
      30
      38
      35
      29
      39
      36
      52
      51
      52
      46
      43
      43
      38
      41
      28
      42
      34
      35
      51
      27
      28
      39
      49
      41
      30
      24
      32
      45
      56
      58
      84
     155
     221
     368
     545
     764
     941
    1174
    1136
    1085
    1023
     825
     572
     396
     271
     142
     100
      45
      34
      25
      27
      27
      32
      26
      25
      22
      27
      28
      31
      32
      28
      30
      29
      32
      29
      18
      26
      26
      23
      19
      28
      33
      20
      34
      27
      21
      22
      20
      36
      28
      28
      29
      22
      21
      27
      20
      17
      30
      27
      22
      21
      29
      33
      19
      24
      27
      19
      27
      25
      19
      24
      17
      19
      35
      30
      24
      26
      38
      19
      27
      30
      25
      22
      32
      28
      18
      22
      17
      31
      29
      32
      24
      20
      18
      29
      31
      31
      22
      23
      21
      25
      36
      26
      29
      33
      32
      28
      33
      22
      28
      27
      31
      24
      23
      20
      35
      31
      22
      20
      26
      29
      20
      20
      28
      41
      28
      26
      31
      31
      26
      25
      28
      20
      26
      24
      29
      29
      20
      15
      28
      21
      24
      27
      24
      23
      29
      31
      25
      31
      32
      18
      20
      21
      23
      22
      16
      17
      28
      28
      23
      20
      16
      23
      23
      22
      21
      27
      26
      25
      21
      24
      21
      24
      21
      25
      22
      22
      24
      31
      20
      20
      24
      34
      29
      23
      23
      24
      20
      31
      25
      25
      20
      32
      34
      30
      25
      39
      44
      45
      58
      57
      46
      60
      42
      42
      46
      69
     110
     223
     332
     543
     966
    1472
    1955
    2604
    3118
    3278
    3304
    3056
    2480
    1787
    1260
     765
     414
     251
     118
      61
      28
      19
      18
      10
      11
      18
       8
       9
      13
      11
      11
      12
       9
      10
       8
      10
      11
      11
      16
       9
      13
       7
      12
      12
       8
       9
      14
      10
       9
      15
      15
      14
       6
      10
      12
      11
      15
      11
       5
       9
      12
       9
      15
      10
      14
      15
      10
      10
      15
      16
       6
       9
      10
      12
       8
      10
       7
      15
       8
      11
      10
       8
       9
      11
       6
      14
       6
       7
      19
      13
      14
      11
      18
       7
      15
      10
       7
       9
       8
      12
       7
      10
      10
       6
       6
       9
       9
      20
      16
      22
      31
      57
      67
     146
     205
     276
     343
     443
     430
     413
     383
     318
     265
     202
     105
      76
      51
      27
      24
       9
      19
      18
      17
      14
      16
       7
      16
      10
      12
      11
       9
      15
      14
       7
      10
      14
      17
      12
      14
      13
      12
       8
       8
      12
       7
       5
      12
       9
       5
       5
       5
       6
       3
      11
       7
       6
       9
       7
       4
      10
      10
       6
       6
      13
       9
       5
       5
      10
       7
       4
       9
      13
       8
       9
       7
      10
       6
       9
      11
       8
      13
      10
       8
       7
       4
       9
       9
      11
      10
       6
       4
       8
      10
       7
       9
       4
       4
       9
       8
      10
       4
       3
       6
       7
       9
       3
      11
       6
       9
       6
       6
       7
      13
       8
       6
       8
       7
       4
      12
       9
       6
       8
       8
      10
      11
      11
      12
       9
       8
       7
      10
      11
       2
       9
       4
      10
       9
       4
       7
       5
       9
      10
       6
       6
       9
       7
       9
       6
      11
       4
       8
       6
       4
      10
       4
       7
       3
       7
       7
       9
       7
       4
       8
      11
       5
       8
       7
       6
       9
      10
       8
       6
      10
      11
      10
       3
       9
       4
       7
       8
       5
       5
      11
       6
       4
       7
      14
       7
       9
       2
       7
       5
       8
       5
       9
      10
      10
       8
      12
      11
       0
       9
       5
       3
       3
      10
       3
       7
      10
       8
       7
      10
      11
      10
       6
      13
      14
      13
      13
       9
      14
      14
       9
      12
       2
       9
       6
       5
       5
       5
       4
      11
       9
       9
       4
       5
       5
       2
       7
       7
       4
      12
       9
       7
       7
       8
       6
       5
       6
       5
       6
       9
       9
       5
       6
       4
       7
       4
       6
       9
       6
       4
       8
       9
       4
       4
       7
       3
       3
       4
       0
       4
       5
      11
       7
       5
       2
       6
       6
       4
      13
      11
       3
       4
       3
       8
       7
       7
       7
       6
       2
       7
       8
       4
       5
       8
       7
       5
       5
       7
       6
       4
       6
       5
       2
       7
       4
       7
       2
       4
       7
       9
       2
       5
       4
       6
       6
       7
       8
       8
      12
       7
       8
       9
       8
       4
       4
      10
       8
       4
       5
       5
       3
       4
       3
       5
       2
       2
       5
       4
       8
       4
       9
       6
       4
       4
       5
       6
       2
       5
       4
       2
       7
       3
       4
       5
       7
       5
       3
       7
       2
       5
       8
       1
       2
       5
       3
      12
       7
       4
       6
       9
       7
       2
       7
       6
       4
       7
       6
       3
       5
       8
       4
       2
       3
       8
       5
      10
       7
       2
       3
       3
       4
       7
       5
      10
       2
       7
       5
       3
       6
       8
       5
       2
       9
       8
       5
       2
       7
       4
       2
      11
       1
       8
      10
       2
       6
       2
       6
       4
      12
       5
       4
       6
       4
       2
      10
       5
       4
       5
      10
       4
       7
       6
       3
       6
       5
       7
       5
       7
       9
       5
       4
       7
       2
       7
       7
       7
       5
       8
       3
       2
       7
       4
       6
       2
       5
       4
       6
       5
       2
       2
       6
       5
       5
       5
       4
       3
       2
       2
       5
       6
       5
       5
       7
       6
       4
       2
       5
       6
       5
       6
       5
       7
       5
       6
       5
       2
       4
       3
       3
       6
       2
       6
       5
       1
       7
       2
       4
       8
       2
       4
       8
      10
      10
       7
       6
      12
      10
       9
      11
       9
       9
       8
       6
       8
      14
       4
       3
       1
       8
       3
       3
       3
       8
       4
       6
       6
       5
       6
       2
       0
       3
       3
       3
       5
       5
       5
       6
       4
       4
       9
       5
       2
       6
       4
       5
       5
       2
       0
       2
       4
       7
       5
       5
       5
       5
       1
       4
       3
       7
       5
       4
       4
       6
       0
       1
       7
       2
       7
       3
       5
       4
       4
       5
       2
       5
       6
       5
       6
       6
       4
       3
       1
       2
       3
       6
       7
       5
       1
       4
       5
       6
       6
       5
       5
       5
       3
       4
       1
       5
       5
       3
       6
       5
       5
       6
       3
       4
       5
       3
       5
       4
       3
       5
       8
       4
       5
       6
       1
       5
       7
       2
       6
       2
       9
       6
       3
       5
       4
       5
       2
       5
       5
       6
       4
       7
       9
       6
       3
       4
       5
       4
       3
       3
       6
       5
       5
       3
       5
       6
       3
       7
       5
       2
       4
       4
      10
       5
       4
       4
       2
       3
       7
       6
       5
       4
       2
       8
       2
       2
       8
       5
       5
       1
       5
       7
       2
       6
       5
       2
       3
       3
       3
       0
       4
       5
       2
       4
       9
       3
       5
       7
       1
       3
       2
       4
       3
       6
       6
       6
       2
       2
       4
       0
       5
       4
       4
       7
       3
       2
       6
       2
       2
       6
       4
       5
       3
       6
       6
       6
       4
       4
       3
       7
       2
       3
       7
       2
       3
       4
       4
       4
       2
       3
       1
       4
       3
       6
       2
       1
       5
       3
       5
       5
       4
       4
       4
       1
       3
       3
       3
       2
       8
       5
       2
       5
       3
       3
       2
       4
       4
       2
       5
       4
       3
       1
       4
       3
       2
       5
       3
       1
       3
       2
       3
       5
       4
       4
       1
       4
       3
       3
       7
       3
       7
       6
      16
      10
      14
      12
      10
       7
       7
       9
       5
       6
       3
       3
       4
       5
       3
       3
       3
       1
       7
       5
       4
       5
       3
       2
       3
       4
       3
       3
       3
       5
       5
       5
       5
       3
       5
       7
       3
       3
       8
       7
       3
       2
       4
       8
       3
       3
       4
       1
       2
       7
       3
       2
       7
       4
       2
       4
       7
       6
       3
       5
       1
       3
       4
       4
       3
       1
       3
       5
       1
       8
       6
       7
       5
       3
      14
       4
       5
       3
       5
       1
       3
       5
       6
       5
       3
       5
       3
       1
       2
       2
       1
       2
       5
       5
       6
       3
       5
       3
       2
      17
      13
      15
      24
      23
      25
      20
      24
      13
      16
      10
      13
      12
       5
       4
       4
       6
       4
       4
       2
       4
       3
       2
       1
       5
       3
       1
       1
       6
       4
       3
       7
       5
       4
       1
       2
       4
       3
       3
       1
       5
       2
       4
       4
       2
       6
       2
       1
       3
       4
       3
       6
       5
       4
       4
       3
       1
       6
       3
       3
       3
       1
       0
       4
       0
       4
       1
       6
       5
       4
       2
       3
       4
       2
       1
       2
       1
       3
       5
       4
       4
       2
       5
       3
       3
       0
       5
       4
       4
       2
       1
       3
       3
       5
       1
       2
       5
       4
       3
       5
       6
       5
       3
       8
       3
       4
       4
       2
       1
       4
       3
       3
       4
       5
       4
       6
       5
       8
       2
       3
       1
       2
       2
       3
       3
       2
       4
       3
       3
       5
       5
       4
       3
       2
       2
       2
       0
       4
       3
       4
       2
       2
       3
       7
       3
       2
       1
       3
       2
       3
       2
       2
       6
       6
       3
       1
       5
       2
       3
       1
       3
       7
       4
       2
       3
       6
       2
       1
       1
       2
       1
       2
       7
       0
       4
       0
       2
       6
       0
       4
       4
       6
       2
       2
       0
       4
       2
       3
       4
       2
       1
       5
       4
       0
       0
       3
       1
       2
       5
       6
       4
       6
       5
       2
       4
       5
      12
       5
      18
      17
      13
      18
      17
      10
      14
       8
       9
       5
       8
       7
       2
       6
       4
       2
       5
       2
       2
       1
       4
       5
       5
       3
       1
       4
       5
       1
       3
       2
       5
       3
       3
       1
       3
       0
       2
       1
       1
       3
       3
       4
       3
       0
       2
       2
       1
       2
       4
       3
       1
       3
       4
       2
       2
       4
       4
       1
       0
       3
       5
       1
       4
       3
       2
       3
       4
       6
       1
       4
       4
       1
       1
       2
       5
       4
       1
       2
       5
       3
       3
       2
       3
       4
       2
       2
       2
       1
       4
       1
       1
       3
       0
       2
       5
       3
       4
       1
       0
       4
       2
       1
       1
       1
       1
       2
       2
       1
       1
       7
       4
       4
       2
       3
       4
       0
       3
       4
       3
       3
       2
       3
       2
       5
       4
       0
       3
       2
       4
       5
       2
       1
       1
       5
       2
       2
       3
       1
       1
       4
       3
       0
       1
       0
       4
       4
       2
       1
       5
       2
       1
       2
       4
       4
       3
       2
       0
       1
       4
       0
       3
       3
       4
       5
       5
       3
       5
       5
       4
       6
       1
       1
       1
       3
       5
       2
       6
       4
       4
       1
       4
       2
       4
       3
       1
       3
       4
       1
       4
       0
       3
       4
       3
       1
       1
       6
       4
       2
       2
       4
       0
       2
       5
       3
       3
       2
       3
       2
       5
       3
       0
       3
       4
       8
       2
       0
       3
       2
       1
       4
       2
       5
       1
       1
       3
       1
       1
       1
       6
       4
       2
       3
       0
       2
       2
       6
       2
       3
       2
       3
       2
       4
       2
       3
       2
       5
       3
       2
       2
       2
       5
       4
       3
       6
       4
       3
       5
       4
       3
       2
       4
       5
       3
       3
       4
       5
       1
       3
       3
       2
       4
       3
       2
       1
       2
       4
       3
       5
       3
       4
       1
       2
       6
       3
       3
       5
       1
       0
       5
       0
       3
       4
       2
       5
       4
       2
       2
       4
       1
       1
       3
       3
       0
       2
       2
       1
       4
       3
       1
       0
       6
       4
       2
       1
       0
       6
       0
       1
       4
       2
       1
       4
       4
       1
       3
       2
       3
       3
       2
       0
       3
       2
       1
       2
       3
       1
       2
       1
       4
       2
       2
       0
       1
       2
       2
       4
       1
       1
       4
       2
       3
       2
       1
       1
       3
       5
       4
       2
       0
       3
       4
       2
       3
       2
       3
       1
       2
       2
       2
       3
       3
       2
       8
       3
       2
       3
       2
       3
       4
       3
       1
       4
       2
       3
       0
       2
       4
       2
       6
       4
       5
       3
       1
       2
       3
       2
       3
       1
       4
       2
       3
       1
       4
       1
       1
       4
       4
       5
       0
       4
       4
       4
       6
       4
       3
       3
       5
       8
       1
       3
       4
       4
       3
       6
       4
       2
       5
       4
       1
       2
       3
       1
       4
       4
       1
       7
       2
       3
       5
       3
       4
       2
       0
       4
       2
       1
       4
       0
       1
       2
       3
       3
       5
       2
       2
       3
       1
       0
       1
       6
       2
       3
       1
       1
       1
       3
       2
       4
       0
       2
       1
       4
       2
       4
       4
       4
       1
       3
       2
       8
       3
       2
       4
       5
       3
       4
       2
       6
       3
       3
       1
       1
       3
       3
       4
       2
       0
       3
       2
       3
       2
       7
       3
       2
       3
       3
       4
       3
       1
       3
       1
       4
       1
       2
       2
       3
       1
       1
       1
       0
       6
       2
       5
       5
       2
       1
       5
       2
       1
       4
       3
       1
       1
       1
       0
       1
       4
       2
       2
       5
       3
       1
       2
       1
       1
       2
       1
       0
       5
       1
       4
       0
       3
       4
       0
       1
       5
       3
       3
       2
       2
       0
       2
       3
       4
       2
       3
       4
       3
       3
       4
       2
       1
       5
       0
       4
       1
       1
       6
       1
       2
       1
       2
       1
       1
       2
       3
       2
       1
       3
       4
       2
       4
       1
       1
       3
       2
       1
       3
       3
       4
       5
       1
       1
       1
       4
       6
       2
       2
       1
       2
       2
       3
       1
       1
       1
       0
       2
       2
       2
       3
       4
       1
       5
       2
       2
       1
       3
       4
       1
       1
       5
       2
       2
       0
       2
       2
       1
       2
       0
       0
       2
       3
       4
       3
       1
       2
       2
       1
       5
       0
       4
       4
       1
       1
       1
       4
       2
       4
       1
       3
       2
       2
       4
       3
       5
       0
       2
       0
       2
       2
       1
       5
       1
       3
       4
       3
       2
       3
       5
       4
       1
       1
       2
       0
       4
       3
       1
       4
       4
       4
       6
       0
       4
       4
       5
       5
       1
       1
       2
       1
       2
       5
       1
       5
       6
       0
       2
       2
       2
       1
       0
       3
       5
       1
       2
       3
       1
       2
       4
       2
       2
       2
       2
       2
       3
       2
       2
       3
       1
       3
       0
       3
       2
       1
       3
       3
       1
       1
       2
       4
       2
       1
       5
       1
       1
       5
       1
       1
       2
       3
       0
       2
       0
       0
       2
       1
       1
       2
       1
       2
       0
       1
       1
       2
       1
       3
       3
       0
       4
       3
       1
       3
       1
       1
       2
       4
       4
       2
       2
       0
       1
       7
       3
       2
       2
       2
       3
       3
       1
       0
       2
       2
       0
       5
       1
       1
       4
       2
       2
       3
       2
       1
       2
       1
       3
       3
       3
       3
       2
       2
       2
       4
       1
       1
       4
       1
       2
       4
       1
       1
       1
       3
       0
       2
       1
       4
       3
       2
       2
       1
       1
       3
       3
       3
       4
       4
       3
       3
       0
       3
       0
       4
       2
       1
       4
       1
       2
       3
       4
       3
       5
       2
       2
       2
       1
       3
       4
       0
       1
       4
       2
       1
       2
       0
       3
       0
       2
       4
       2
       0
       1
       5
       5
       2
       3
       0
       2
       4
       2
       5
       1
       2
       0
       3
       1
       1
       5
       1
       1
       1
       3
       0
       2
       3
       0
       2
       2
       4
       2
       3
       2
       1
       1
       1
       0
       3
       3
       1
       1
       1
       0
       1
       3
       1
       5
       2
       2
       5
       1
       5
       0
       3
       4
       2
       4
       2
       2
       2
       3
       2
       2
       2
       0
       3
       2
       2
       2
       1
       6
       1
       0
       1
       2
       2
       2
       3
       1
       2
       3
       0
       1
       3
       0
       2
       1
       3
       1
       3
       0
       3
       3
       1
       2
       3
       2
       2
       0
       1
       4
       2
       1
       4
       4
       3
       3
       5
       8
       8
       5
       6
       4
       5
       7
       7
       4
      10
       3
       4
       5
       2
       1
       0
       1
       2
       0
       1
       1
       2
       0
       1
       2
       2
       4
       1
       1
       0
       2
       0
       7
       3
       1
       1
       3
       1
       0
       0
       3
       3
       1
       2
       3
       0
       0
       4
       3
       1
       1
       1
       0
       1
       2
       2
       4
       1
       1
       1
       1
       2
       2
       1
       1
       0
       0
       1
       0
       2
       0
       3
       2
       4
       3
       1
       0
       1
       0
       2
       3
       1
       2
       1
       0
       3
       3
       3
       2
       3
       6
       7
       1
       3
       3
       3
       2
       2
       3
       3
       1
       2
       1
       4
       2
       3
       1
       3
       0
       3
       2
       0
       1
       4
       1
       3
       0
       1
       1
       2
       0
       1
       0
       3
       3
       1
       3
       1
       2
       1
       1
       0
       3
       4
       4
       0
       2
       1
       2
       1
       3
       5
       4
       2
       4
       1
       0
       3
       3
       2
       3
       2
       0
       3
       1
       5
       5
       1
       3
       1
       0
       4
       1
       0
       4
       2
       3
       1
       0
       0
       1
       2
       0
       3
       3
       2
       0
       0
       1
       0
       4
       4
       2
       1
       4
       2
       0
       4
       2
       2
       3
       1
       0
       3
       0
       2
       1
       1
       1
       2
       0
       2
       1
       1
       1
       1
       2
       6
       4
       3
       3
       1
       4
       4
       1
       6
       5
       6
       2
       3
       4
       1
       2
       1
       0
       3
       3
       2
       3
       6
       6
       8
       8
       6
       4
       3
       3
       3
       3
       1
       1
       2
       3
       0
       2
       0
       0
       0
       2
       1
       3
       2
       3
       1
       1
       6
       0
       4
       0
       4
       0
       1
       2
       0
       3
       3
       3
       1
       1
       3
       1
       1
       1
       2
       1
       6
       1
       1
       2
       0
       5
       1
       1
       0
       1
       4
       4
       1
       1
       2
       1
       0
       4
       2
       4
       2
       4
       2
       0
       1
       2
       3
       5
       2
       0
       2
       4
       3
       2
       2
       1
       0
       3
       2
       3
       3
       2
       6
       0
       2
       2
       2
       2
       2
       2
       2
       0
       2
       2
       0
       2
       1
       3
       0
       1
       0
       1
       1
       1
       1
       1
       0
       1
       3
       1
       1
       2
       3
       5
       9
       2
       2
       5
       3
       2
       1
       3
       1
       2
       1
       2
       1
       2
       2
       1
       1
       1
       3
       2
       3
       0
       7
       2
       1
       2
       3
       1
       2
       1
       2
       1
       1
       1
       1
       1
       1
       2
       4
       0
       2
       0
       2
       1
       2
       2
       0
       2
       2
       1
       3
       3
       2
       1
       3
       0
       1
       2
       2
       0
       2
       2
       1
       2
       0
       1
       2
       2
       2
       1
       1
       2
       4
       0
       2
       0
       4
       4
       3
       0
       2
       1
       2
       5
       0
       4
       0
       2
       2
       1
       2
       2
       2
       2
       1
       4
       3
       2
       4
       1
       3
       3
       2
       5
       1
       1
       1
       4
       2
       3
       2
       0
       2
       2
       0
       1
       4
       0
       1
       1
       3
       2
       1
       1
       1
       0
       2
       1
       0
       7
       1
       0
       3
       2
       1
       1
       2
       2
       2
       1
       0
       0
       0
       1
       1
       2
       1
       2
       3
       3
       1
       1
       0
       1
       3
       0
       2
       2
       3
       3
       2
       2
       2
       2
       1
       1
       1
       1
       1
       0
       2
       1
       0
       1
       0
       3
       1
       1
       1
       1
       3
       0
       3
       1
       2
       3
       1
       0
       2
       6
       1
       1
       4
       3
       1
       2
       2
       0
       1
       4
       2
       0
       2
       2
       1
       0
       3
       1
       3
       1
       2
       1
       1
       1
       0
       2
       0
       2
       0
       2
       2
       2
       4
       3
       1
       0
       1
       3
       2
       0
       2
       1
       2
       0
       2
       1
       1
       1
       2
       2
       1
       4
       0
       3
       2
       3
       1
       0
       0
       2
       0
       3
       1
       0
       1
       1
       3
       0
       2
       3
       2
       3
       3
       2
       2
       1
       1
       1
       2
       1
       0
       1
       1
       0
       1
       1
       0
       1
       4
       2
       1
       3
       1
       2
       3
       2
       2
       3
       1
       2
       4
       4
       2
       1
       2
       0
       3
       0
       3
       6
       0
       1
       2
       1
       2
       1
       0
       1
       0
       1
       2
       3
       0
       0
       1
       1
       0
       0
       4
       1
       2
       2
       2
       1
       2
       1
       0
       1
       0
       2
       1
       1
       0
       1
       0
       1
       2
       4
       0
       2
       1
       3
       0
       1
       0
       0
       4
       1
       2
       5
       0
       0
       0
       3
       0
       2
       1
       1
       4
       0
       3
       3
       0
       1
       2
       4
       1
       1
       0
       2
       1
       2
       1
       4
       1
       1
       2
       0
       2
       1
       2
       3
       0
       4
       2
       2
       2
       1
       2
       2
       4
       5
       3
       2
       2
       1
       1
       0
       2
       2
       2
       2
       0
       0
       1
       3
       2
       2
       0
       0
       1
       1
       1
       1
       3
       1
       0
       3
       0
       2
       2
       0
       1
       1
       4
       2
       0
       3
       1
       2
       0
       3
       2
       2
       3
       1
       4
       2
       1
       1
       1
       1
       0
       2
       2
       1
       2
       3
       4
       1
       4
       3
       2
       6
       2
       0
       0
       3
       3
       0
       0
       0
       3
       0
       2
       3
       1
       3
       5
       5
       6
       1
       6
      14
      10
       7
       5
       3
      10
       7
       1
       5
       2
       5
       2
       2
       0
       3
       1
       1
       1
       2
       2
       1
       1
       1
       1
       1
       3
       2
       2
       0
       3
       1
       1
       0
       3
       2
       2
       0
       4
       2
       2
       0
       1
       1
       3
       1
       2
       1
       0
       3
       1
       2
       1
       1
       1
       3
       2
       4
       2
       3
       3
       0
       1
       1
       0
       0
       3
       1
       0
       4
       2
       3
       0
       2
       3
       0
       1
       2
       3
       3
       6
       4
       0
       4
       1
       1
       2
       0
       0
       4
       3
       3
       4
       2
       0
       0
       3
       3
       1
       1
       3
       3
       1
       1
       2
       1
       1
       1
       3
       1
       2
       3
       1
       2
       1
       0
       2
       1
       2
       3
       4
       2
       3
       3
       4
       2
       2
       1
       0
       1
       1
       3
       1
       1
       1
       1
       1
       3
       2
       2
       1
       4
       2
       2
       1
       0
       3
       3
       3
       0
       2
       0
       1
       0
       0
       3
       5
       1
       1
       0
       0
       2
       1
       1
       2
       2
       2
       3
       3
       3
       3
       2
       4
       3
       3
       1
       4
       2
       2
       0
       2
       0
       3
       3
       3
       0
       4
       1
       1
       0
       2
       2
       3
       1
       1
       1
       1
       3
       1
       0
       2
       3
       4
       1
       3
       2
       2
       0
       1
       2
       0
       1
       1
       1
       2
       1
       0
       3
       3
       1
       4
       2
       2
       3
       1
       2
       1
       3
       1
       2
       1
       2
       3
       1
       2
       2
       1
       1
       0
       1
       4
       2
       2
       2
       3
       3
       1
       1
       0
       1
       0
       2
       2
       3
       0
       1
       0
       1
       2
       2
       3
       3
       2
       2
       1
       1
       2
       0
       2
       2
       3
       0
       1
       2
       1
       4
       1
       4
       2
       4
       2
       1
       2
       2
       4
       0
       3
       0
       2
       2
       1
       1
       1
       2
       1
       1
       2
       3
       0
       1
       4
       3
       0
       1
       2
       1
       0
       3
       0
       2
       2
       4
       1
       1
       2
       3
       2
       1
       0
       4
       1
       2
       4
       1
       3
       0
       2
       0
       0
       2
       2
       1
       4
       1
       3
       3
       2
       2
       2
       3
       1
       3
       1
       2
       3
       0
       3
       3
       2
       0
       2
       4
       1
       6
       2
       0
       1
       1
       0
       1
       3
       1
       1
       3
       0
       1
       1
       1
       4
       1
       1
       0
       1
       1
       2
       1
       2
       3
       1
       1
       2
       1
       5
       3
       1
       6
       1
       1
       2
       1
       2
       2
       1
       2
       0
       1
       0
       0
       0
       1
       2
       1
       2
       1
       3
       2
       3
       6
       3
       2
       0
       3
       4
       3
       2
       2
       1
       2
       1
       2
       0
       0
       3
       2
       4
       2
       4
       1
       2
       3
       2
       1
       4
       3
       3
       4
       0
       3
       2
       1
       4
       1
       1
       3
       4
       2
       0
       3
       0
       1
       3
       2
       2
       2
       2
       4
       3
       3
       1
       2
       1
       3
       1
       1
       5
       3
       5
       2
       2
       4
       1
       3
       1
       0
       0
       0
       3
       2
       1
       1
       2
       0
       1
       1
       1
       0
       4
       3
       0
       2
       0
       0
       1
       0
       1
       3
       4
       0
       2
       2
       0
       1
       1
       1
       0
       0
       2
       0
       1
       3
       1
       0
       1
       2
       1
       2
       0
       0
       1
       0
       0
       5
       1
       0
       1
       2
       3
       1
       1
       0
       0
       4
       2
       3
       0
       3
       0
       1
       1
       1
       1
       4
       1
       0
       0
       0
       3
       1
       2
       0
       2
       0
       0
       1
       3
       1
       1
       0
       1
       2
       0
       0
       2
       3
       0
       4
       2
       1
       0
       0
       3
       3
       0
       0
       3
       0
       0
       0
       1
       2
       1
       4
       1
       1
       1
       1
       0
       0
       2
       0
       0
       1
       2
       2
       1
       0
       0
       2
       0
       1
       0
       0
       0
       0
       1
       0
       0
       1
       0
       0
       2
       2
       3
       1
       1
       3
       3
       1
       1
       0
       2
       1
       1
       1
       1
       3
       1
       1
       1
       4
       2
       1
       3
       2
       0
       1
       2
       2
       1
       0
       1
       0
       1
       1
       1
       0
       0
       0
       3
       1
       0
       0
       0
       1
       2
       1
       1
       3
       0
       1
       0
       2
       0
       0
       0
       1
       2
       0
       2
       1
       1
       1
       1
       3
       4
       1
       0
       3
       2
       0
       1
       1
       2
       2
       0
       0
       0
       2
       0
       2
       2
       0
       1
       1
       1
       1
       0
       2
       0
       1
       1
       2
       1
       2
       2
       1
       1
       3
       1
       0
       2
       0
       0
       1
       0
       1
       0
       0
       1
       2
       0
       0
       2
       0
       1
       0
       2
       0
       0
       1
       2
       1
       3
       2
       2
       1
       0
       2
       0
       0
       1
       1
       0
       1
       0
       0
       4
       1
       3
       1
       2
       2
       3
       1
       3
       1
       1
       1
       1
       1
       0
       0
       2
       1
       1
       1
       0
       3
       1
       0
       4
       0
       3
       1
       2
       0
       0
       1
       0
       2
       0
       1
       2
       0
       0
       0
       1
       0
       1
       0
       1
       2
       0
       0
       0
       1
       4
       0
       1
       1
       1
       2
       0
       0
       0
       1
       0
       1
       0
       2
       1
       1
       0
       0
       4
       0
       1
       1
       0
       2
       0
       1
       0
       1
       1
       1
       0
       1
       1
       1
       2
       1
       0
       1
       0
       1
       0
       2
       0
       2
       0
       1
       0
       2
       1
       3
       0
       1
       1
       0
       1
       2
       0
       1
       1
       0
       0
       0
       0
       1
       0
       1
       1
       1
       2
       1
       2
       2
       2
       0
       0
       0
       3
       1
       0
       1
       0
       0
       1
       2
       1
       2
       0
       1
       1
       1
       0
       2
       0
       0
       0
       1
       2
       0
       2
       3
       2
       0
       0
       1
       0
       1
       0
       1
       2
       0
       1
       2
       1
       0
       1
       1
       0
       1
       0
       1
       0
       1
       1
       1
       2
       0
       0
       1
       1
       1
       2
       0
       1
       1
       0
       1
       1
       1
       0
       0
       1
       0
       1
       0
       0
       0
       2
       0
       1
       0
       0
       0
       0
       1
       0
       1
       2
       0
       3
       2
       0
       1
       1
       1
       0
       0
       1
       2
       1
       1
       2
       0
       1
       0
       0
       1
       1
       1
       1
       0
       0
       0
       1
       2
       1
       0
       0
       0
       1
       0
       1
       1
       1
       1
       0
       0
       1
       1
       0
       0
       0
       0
       1
       0
       0
       1
       1
       2
       0
       0
       1
       3
       0
       2
       3
       0
       3
       2
       3
       1
       3
       0
       2
       1
       2
       0
       1
       0
       1
       0
       2
       0
       1
       1
       0
       0
       1
       1
       0
       2
       1
       1
       0
       1
       0
       3
       1
       1
       0
       3
       1
       0
       0
       0
       0
       0
       1
       1
       0
       2
       0
       1
       3
       0
       0
       0
       0
       1
       0
       0
       0
       0
       3
       0
       0
       0
       2
       1
       1
       0
       0
       0
       0
       0
       0
       0
       0
       1
       0
       0
       1
       0
       0
       0
       0
       0
       0
       0
       1
       1
       1
       0
       0
       0
       0
       1
       3
       1
       1
       1
       0
       1
       1
       1
       1
       0
       0
       1
       1
       1
       2
       1
       0
       3
       0
       0
       0
       1
       1
       1
       2
       0
       0
       2
       1
       3
       2
       2
       1
       1
       0
       0
       0
       0
       0
       0
       1
       0
       1
       2
       1
       0
       2
       2
       0
       2
       0
       1
       1
       0
       0
       0
       0
       1
       1
       0
       2
       2
       0
       2
       0
       0
       1
       0
       0
       0
       1
       1
       1
       0
       1
       1
       0
       0
       0
       0
       1
       0
       0
       0
       0
       1
       1
       0
       0
       0
       0
       0
       0
       0
       0
       0
       1
       0
       0
       0
       3
       2
       0
       0
       1
       0
       1
       0
       1
       0
       1
       0
       0
       1
       2
       0
       0
       1
       0
       1
       0
       0
       0
       0
       1
       1
       0
       0
       1
       1
       3
       0
       1
       0
       2
       0
       0
       0
       0
       0
       0
       2
       1
       0
       0
       0
       1
       0
       1
       1
       1
       1
       0
       0
       1
       0
       0
       2
       0
       0
       2
       0
       1
       3
       1
       0
       2
       0
       0
       1
       1
       1
       0
       0
       1
       0
       0
       2
       0
       1
       0
       0
       0
       1
       0
       1
       0
       2
       1
       0
       0
       2
       1
       0
       2
       0
       0
       0
       1
       0
       0
       0
       0
       1
       0
       0
       0
       0
       0
       1
       2
       2
       2
       0
       1
       1
       0
       0
       0
       1
       3
       2
       3
       1
       2
       3
       4
      13
      17
      13
      35
      33
      43
      47
      52
      59
      47
      38
      47
      38
      27
      18
      14
      12
       1
       1
       1
       0
       1
       0
       1
       0
       0
       1
       0
       2
       2
       2
       0
       0
       0
       0
       0
       0
       0
       0
       0
       0
       0
       0
       0
       0
       1
       0
       0
       0
       0
       0
       1
       0
       0
       0
       0
       0
       0
       1
       0
       0
       0
       0
       1
       1
       1
       0
       1
       0
       1
       1
       1
       0
       0
       0
       0
       0
       0
       0
       0
       1
       0
       0
       1
       0
       2
       1
       2
       0
       0
       1
       0
       0
       1
       0
       0
       1
       0
       0
       0
       0
       0
       1
       0
       1
       1
       0
       0
       0
       0
       0
       1
       1
       0
       0
       0
       0
       1
       1
       0
       0
       0
       1
       0
       0
       0
       0
       0
       0
       0
       1
       0
       0
       0
       0
       0
       1
       0
       0
       0
       0
       0
       0
       1
       0
       0
       0
       0
       2
       0
       1
       0
       0
       0
       2
       0
       0
       1
       0
       0
       0
       0
       0
       0
       0
       0
       2
       0
       1
       1
       1
       0
       2
       0
       1
       0
       0
       1
       2
       0
       0
       0
       0
       2
       0
       0
       0
       0
       1
       0
       0
       1
       0
       1
       0
       1
       0
       1
       3
       0
       2
       0
       2
       0
       0
       4
       1
       0
       1
       1
       0
       0
       1
       1
       0
       1
       0
       0
       1
       1
       1
       0
       1
       1
       0
       1
       1
       0
       0
       0
       0
       0
       0
       0
       2
       0
       0
       0
       0
       0
       1
       1
       0
       0
       0
       1
       0
       0
       0
       0
       0
       0
       2
       1
       0
       0
       1
       0
       0
       1
       1
       0
       0
       2
       0
       0
       2
       0
       0
       0
       1
       0
       0
       0
       0
       0
       0
       0
       0
       1
       0
       0
       0
       0
       0
       1
       0
       0
       0
       0
       1
       0
       0
       0
       0
       0
       0
       1
       0
       1
       0
       0
       0
       0
       0
       0
       0
       0
       2
       0
       0
       1
       0
       0
       0
       0
       0
       0
       0
       1
       0
       2
       1
       0
       0
       0
       1
       0
       0
       0
       1
       0
       0
       0
       2
       0
       1
       1
       0
       0
       0
       0
       0
       0
       0
       0
       0
       0
       0
       1
       0
       0
       0
       1
       0
       0
       0
       0
       2
       0
       0
       0
       0
       0
       0
       0
       0
       2
       0
       0
       0
       0
       0
       2
       1
       0
       0
       0
       0
       0
       0
       0
       0
       0
       0
       0
       1
       0
       0
       0
       0
       0
       0
       0
       0
       1
       0
       0
       0
       0
       0
       0
       0
       1
       0
       0
       0
       0
       0
       0
       1
       1
       0
       1
       0
       0
       1
       1
       1
       0
       1
       0
       1
       0
       1
       1
       0
       0
       0
       0
       0
       0
       2
       2
       1
       0
       0
       0
       0
       2
       0
       0
       1
       0
       0
       0
       1
       0
       0
       0
       0
       0
       0
       0
       0
       1
       0
       0
       0
       0
       0
       1
       0
       1
       0
       1
       1
       0
       1
       0
       1
       2
       0
       0
       1
       0
       2
       0
       0
       0
       0
       0
       0
       0
       0
       0
       2
       2
       1
       1
       1
       0
       1
       0
       0
       0
       0
       0
       0
       0
       1
       0
       1
       0
       0
       0
       0
       0
       1
       1
       1
       2
       1
       1
       1
       0
       0
       0
       0
       0
       3
       0
       1
       1
       3
       4
       1
       0
       1
       0
       0
       1
       0
       0
       0
       0
       0
       0
       0
       0
       0
       0
       0
       0
       0
       1
       1
       2
       0
       0
       1
       0
       1
       0
       1
       0
       0
       0
       1
       1
       0
       0
       0
       1
       0
       0
       2
       0
       0
       0
       0
       0
       0
       0
       0
       0
       0
       0
       0
       0
       0
       1
       1
       1
       0
       0
       0
       0
       1
       0
       1
       0
       0
       0
       0
       0
       2
       1
       0
       2
       0
       0
       0
       2
       0
       0
       0
       0
       0
       1
       1
       0
       0
       0
       0
       0
       0
       0
       0
       0
       0
       0
       0
       0
       0
       1
       2
       0
       0
       2
       0
       0
       0
       0
       0
       1
       0
       1
       1
       0
       0
       0
       2
       1
       1
       0
       0
       0
       0
       0
       1
       0
       1
       0
       1
       0
       1
       0
       0
       0
       1
       0
       1
       0
       0
       0
       0
       0
       1
       0
       0
       0
       0
       0
       1
       0
       0
       0
       1
       0
       0
       2
       0
       0
       1
       0
       1
       0
       1
       0
       0
       0
       0
       1
       0
       0
       1
       0
       0
       0
       0
       1
       1
       0
       1
       0
       0
       1
       1
       0
       1
       0
       0
       0
       0
       1
       0
       0
       0
       0
       0
       1
       0
       0
       0
       0
       1
       0
       0
       0
       0
       0
       0
       0
       0
       0
       0
       0
       1
       0
       0
       0
       0
       0
       0
       0
       0
       0
       0
       1
       1
       1
       1
       1
       0
       0
       0
       0
       0
       0
       0
       0
       0
       0
       0
       0
       0
       0
       1
       0
       0
       0
       0
       0
       0
       0
       0
       0
       0
       0
       0
       0
       0
       0
       0
       0
       0
       2
       0
       0
       0
       0
       0
       0
       0
       1
       1
       2
       0
       0
       0
       0
       1
       0
       0
       0
       0
       0
       1
       0
       0
       0
       0
       0
       0
       0
       0
       0
       0
       0
       0
       0
       0
       0
       0
       0
       1
       0
       0
       0
       0
       0
       0
       0
       1
       1
       0
       0
       0
       0
       0
       1
       0
       0
       0
       0
       0
       0
       0
       0
       0
       0
       1
       0
       0
       0
       0
       0
       0
       0
       0
       0
       0
       0
       0
       0
       0
       0
       1
       0
       0
       0
       1
       0
       0
       0
       1
       0
       0
       0
       1
       0
       0
       0
       0
       0
       0
       1
       1
       0
       0
       0
       0
       0
       1
       0
       0
       1
       0
       1
       0
       0
       0
       1
       1
       0
       0
       0
       0
       0
       0
       1
       0
       0
       0
       2
       1
       0
       1
       0
       0
       0
       0
       0
       0
       0
       1
       0
       1
       0
       0
       0
       0
       0
       0
       0
       0
       0
       0
       1
       0
       0
       0
       0
       0
       0
       0
       0
       0
       0
       0
       0
       0
       0
       0
       0
       0
       0
       0
       1
       0
       0
       0
       1
       0
       0
       0
       0
       1
       0
       0
       0
       0
       0
       0
       1
       0
       0
       1
       0
       0
       1
       0
       0
       0
       1
       0
       0
       1
       0
       0
       0
       0
       0
       0
       1
       0
       0
       0
       0
       0
       1
       0
       0
       0
       0
       0
       0
       0
       0
       0
       0
       0
       0
       0
       0
       1
       1
       0
       0
       0
       0
       0
       1
       0
       0
       0
       1
       1
       1
       0
       0
       2
       2
       0
       0
       2
       1
       0
       0
       1
       0
       1
       0
       0
       0
       0
       1
       1
       1
       0
       0
       0
       0
       0
       1
       2
       2
       0
       2
       2
       3
       2
       3
       2
       1
       2
       2
       0
       0
       0
       0
       0
       0
       1
       0
       0
       0
       0
       0
       0
       0
       0
       0
       0
       0
       0
       1
       0
       0
       1
       0
       0
       0
       0
       0
       0
       0
       0
       0
       0
       0
       0
       0
       1
       0
       0
       0
       0
       0
       0
       2
       0
       0
       0
       0
       0
       1
       1
       0
       0
       0
       0
       0
       0
       1
       0
       0
       1
       0
       0
       0
       0
       0
       0
       0
       0
       0
       1
       0
       0
       0
       0
       0
       0
       0
       0
       0
       0
       2
       0
       1
       0
       1
       0
       0
       0
       0
       0
       0
       0
       0
       1
       0
       1
       0
       0
       0
       0
       0
       0
       0
       1
       0
       0
       0
       1
       0
       2
       0
       0
       0
       0
       2
       0
       0
       0
       0
       1
       1
       0
       1
       2
       2
       3
       4
       6
       8
       3
      12
       8
       5
       6
       1
       1
       0
       1
       1
       0
       0
       0
       0
       0
       0
       1
       0
       0
       0
       0
       0
       1
       0
       0
       0
       0
       0
       0
       0
       0
       1
       0
       0
       0
       0
       0
       0
       0
       0
       0
       0
       0
       0
       0
       0
       0
       0
       0
       0
       0
       0
       1
       0
       1
       0
       1
       1
       0
       0
       0
       0
       0
       2
       0
       0
       0
       0
       0
       0
       1
       1
       0
       0
       0
       0
       0
       0
       1
       1
       0
       0
       1
       0
       0
       0
       0
       0
       0
       0
       0
       0
       0
       0
       0
       0
       0
       1
       0
       0
       1
       2
       0
       0
       0
       0
       0
       1
       0
       0
       0
       0
       0
       0
       0
       0
       0
       0
       0
       0
       0
       0
       0
       0
       0
       2
       1
       0
       1
       0
       0
       0
       0
       0
       0
       0
       0
       0
       0
       0
       0
       0
       0
       1
       1
       1
       0
       1
       0
       0
       0
       0
       1
       0
       0
       0
       0
       0
       0
       0
       0
       0
       0
       0
       0
       0
       0
       0
       0
       0
       2
       0
       0
       0
       1
       1
       0
       1
       1
       0
       0
       0
       0
       0
       0
       1
       1
       0
       1
       0
       0
       1
       1
       0
       2
       0
       0
       0
       0
       0
       1
       0
       0
       0
       0
       0
       0
       1
       0
       0
       0
       0
       0
       0
       0
       0
       0
       0
       0
       0
       0
       0
       0
       0
       0
       0
       1
       0
       0
       0
       0
       0
       0
       0
       2
       0
       0
       0
       0
       0
       0
       0
       0
       0
       0
       0
       0
       0
       0
       1
       0
       1
       1
       0
       0
       0
       0
       0
       0
       0
       0
       0
       0
       0
       0
       0
       0
       0
       0
       0
       0
       0
       0
       0
       1
       0
       0
       0
       0
       0
       0
       0
       0
       0
       0
       0
       0
       1
       1
       0
       0
       0
       1
       1
       0
       0
       0
       0
       0
       0
       0
       0
       1
       0
       1
       0
       0
       0
       0
       0
       0
       0
       0
       0
       0
       0
       0
       0
       0
       1
       0
       2
       1
       0
       1
       0
       0
       1
       1
       2
       0
       1
       2
       0
       0
       0
       1
       1
       1
       0
       0
       1
       0
       0
       0
       0
       0
       0
       0
       0
       0
       0
       0
       0
       0
       0
       0
       1
       0
       0
       0
       0
       0
       0
       0
       1
       0
       0
       0
       0
       0
       0
       0
       0
       0
       0
       0
       1
       0
       0
       0
       0
       0
       0
       1
       0
       0
       0
       0
       0
       0
       0
       0
       0
       0
       0
       1
       0
       0
       0
       1
       0
       0
       0
       0
       0
       0
       0
       0
       1
       0
       0
       0
       0
       0
       0
       0
       1
       0
       0
       0
       1
       0
       0
       0
       3
       0
       0
       0
       0
       0
       0
       0
       0
       1
       0
       0
       0
       0
       0
       0
       0
       0
       0
       1
       0
       0
       0
       0
       0
       1
       0
       0
       1
       0
       0
       0
       0
       0
       0
       0
       0
       0
       0
       0
       0
       0
       0
       0
       0
       0
       0
       0
       1
       0
       0
       0
       0
       0
       0
       0
       0
       0
       0
       0
       0
       0
       0
       0
       0
       0
       0
       0
       1
       0
       0
       0
       0
       0
       0
       0
       0
       0
       0
       1
       0
       0
       0
       0
       0
       0
       1
       1
       1
       0
       0
       0
       0
       0
       0
       0
       2
       0
       0
       1
       1
       1
       0
       0
       1
       0
       0
       0
       0
       1
       0
       0
       0
       0
       0
       0
       1
       0
       0
       0
       2
       0
       0
       0
       1
       1
       0
       0
       0
       0
       0
       0
       1
       0
       0
       0
       0
       1
       1
       0
       1
       0
       1
       0
       0
       0
       0
       1
       0
       1
       0
       2
       1
       0
       0
       0
       0
       0
       0
       1
       0
       0
       0
       2
       1
       0
       0
       0
       1
       1
       0
       0
       0
       0
       0
       0
       0
       1
       0
       2
       0
       0
       0
       0
       1
       0
       1
       0
       0
       1
       1
       0
       0
       0
       0
       0
       0
       0
       1
       0
       0
       0
       0
       0
       2
       0
       0
       0
       0
       0
       0
       0
       0
       1
       0
       0
       0
       0
       0
       0
       0
       1
       0
       0
       0
       0
       0
       0
       0
       0
       0
       0
       0
       0
       0
       0
       0
       0
       0
       0
       0
       0
       0
       0
       0
       1
       0
       0
       0
       0
       1
       0
       1
       0
       0
       0
       0
       1
       0
       0
       0
       0
       0
       0
       0
       1
       0
       1
       0
       0
       1
       0
       1
       0
       0
       0
       0
       1
       0
       0
       0
       0
       0
       0
       0
       0
       0
       0
       0
       0
       0
       1
       0
       0
       1
       0
       0
       0
       0
       0
       0
       0
       0
       0
       0
       0
       0
       0
       0
       0
       0
       0
       0
       1
       0
       0
       0
       1
       0
       0
       0
       0
       0
       0
       0
       0
       0
       0
       0
       0
       0
       0
       0
       0
       0
       0
       0
       1
       1
       1
       0
       1
       0
       0
       0
       0
       0
       1
       0
       0
       0
       0
       0
       1
       0
       0
       1
       1
       1
       0
       0
       0
       0
       1
       0
       1
       0
       0
       0
       0
       1
       0
       2
       0
       0
       0
       0
       1
       0
       0
       0
       0
       0
       0
       0
       0
       0
       0
       0
       0
       0
       1
       0
       0
       0
       0
       0
       1
       0
       0
       0
       0
       0
       1
       0
       0
       2
       0
       0
       0
       0
       0
       0
       0
       0
       1
       0
       0
       0
       1
       0
       0
       0
       2
       0
       0
       0
       0
       0
       0
       1
       0
       0
       0
       0
       1
       1
       0
       0
       0
       0
       0
       0
       0
       0
       0
       0
       0
       0
       0
       0
       0
       0
       0
       0
       0
       0
       0
       0
       0
       0
       0
       0
       0
       0
       0
       0
       0
       0
       1
       0
       0
       0
       0
       0
       0
       0
       0
       0
       0
       0
       0
       0
       0
       0
       0
       0
       0
       1
       0
       0
       0
       0
       1
       0
       2
       0
       0
       1
       0
       0
       1
       0
       0
       1
       0
       0
       0
       0
       1
       1
       0
       0
       0
       1
       0
       1
       0
       0
       0
       0
       1
       0
       0
       0
       0
       0
       0
       0
       0
       0
       0
       0
       1
       0
       0
       1
       1
       0
       0
       0
       0
       1
       0
       0
       0
       0
       1
       1
       0
       0
       0
       0
       0
       0
       0
       0
       0
       0
       0
       0
       1
       0
       1
       0
       0
       1
       0
       0
       1
       0
       0
       1
       0
       0
       0
       0
       0
       0
       0
       0
       0
       0
       0
       0
       0
       0
       1
       0
       0
       0
       0
       0
       0
       0
       0
       1
       0
       0
       0
       0
       0
       0
       0
       0
       0
       0
       0
       0
       0
       0
       0
       0
       1
       0
       0
       1
       0
       0
       0
       0
       0
       0
       0
       0
       0
       0
       1
       0
       0
       0
       0
       0
       0
       0
       0
       0
       0
       0
       0
       0
       1
       0
       0
       0
       0
       0
       0
       0
       0
       0
       0
       0
       0
       0
       0
       0
       0
       0
       0
       0
       0
       1
       0
       0
       0
       0
       0
       0
       0
       0
       0
       0
       0
       0
       0
       0
       0
       0
       0
       0
       1
       0
       0
       0
       0
       0
       0
       0
       1
       0
       0
       0
       0
       0
       0
       0
       0
       0
       1
       0
       0
       0
       0
       0
       0
       0
       0
       0
       0
       1
       1
       0
       0
       0
       0
       0
       0
       0
       0
       0
       0
       0
       0
       0
       0
       0
       0
       0
       2
       0
       0
       0
       1
       0
       0
       0
       0
       0
       0
       0
       0
       1
       0
       0
       0
       0
       0
       0
       0
       0
       0
       1
       0
       0
       0
       0
       0
       1
       0
       0
       2
       0
       0
       0
       0
       0
       0
       0
       0
       0
       0
       0
       0
       0
       1
       0
       0
       0
       0
       0
       0
       0
       0
       0
       0
       0
       0
       1
       0
       0
       0
       1
       1
       0
       0
       0
       1
       0
       1
       0
       0
       1
       0
       0
       0
       0
       0
       0
       0
       0
       0
       0
       1
       0
       0
       0
       0
       0
       0
       0
       0
       0
       0
       0
       0
       0
       0
       0
       0
       0
       0
       1
       0
       0
       0
       0
       0
       0
       0
       0
       0
       0
       0
       0
       0
       0
       0
       1
       0
       0
       1
$ROI:
11
224 244
765 907
1350 1411
1828 1908
2525 2667
2716 2799
3716 3817
4331 4427
4564 4622
5085 5259
5690 5768
$PRESETS:
Live Time
600
0
$ENER_FIT:
0.053689 0.255148
$MCA_CAL:
3
5.368913E-002 2.551478E-001 -1.853380E-009 keV
$SHAPE_CAL:
3
6.992400E+000 7.812671E-004 -3.508660E-008
