$SPEC_ID:
No sample description was entered.
$SPEC_REM:
DET# 1
DETDESC# GMX20P4 HPGe
AP# Maestro Version 7.01
$DATE_MEA:
11/27/2018 16:40:59
$MEAS_TIM:
600 603
$DATA:
0 8191
       0
       0
       0
       0
       0
       0
       0
       0
       0
       0
       0
       0
       0
       0
       0
       0
       0
       0
       0
       0
       0
       0
       0
       0
       0
       0
       0
       0
       0
       0
       0
       0
       0
       0
       0
       0
       0
       0
       0
       0
       0
       0
       0
       0
       0
       0
       0
       3
      18
      78
     171
     256
     287
     293
     281
     287
     309
     289
     268
     276
     281
     265
     263
     272
     297
     279
     297
     270
     278
     275
     299
     311
     313
     293
     349
     296
     324
     358
     364
     409
     417
     463
     398
     414
     376
     331
     323
     300
     319
     322
     315
     378
     429
     479
     520
     525
     518
     442
     471
     397
     405
     397
     390
     436
     495
     509
     616
     637
     679
     750
     811
     874
    1022
    1222
    1467
    1886
    2422
    2998
    3659
    4337
    4430
    4414
    4063
    3425
    2681
    1976
    1402
     973
     714
     561
     522
     599
     757
     880
    1066
    1188
    1294
    1325
    1305
    1186
    1017
     807
     594
     491
     353
     245
     200
     162
     149
     155
     133
     133
     110
     131
     133
     138
     131
     140
     126
     143
     142
     131
     141
     133
     137
     137
     134
     137
     150
     155
     139
     133
     142
     153
     156
     165
     157
     151
     143
     154
     148
     148
     163
     171
     189
     182
     159
     166
     163
     165
     163
     169
     168
     173
     179
     157
     170
     187
     186
     180
     185
     192
     212
     248
     281
     328
     334
     381
     352
     362
     330
     301
     260
     259
     229
     198
     202
     190
     198
     211
     187
     198
     168
     172
     208
     204
     193
     231
     198
     200
     199
     206
     190
     218
     199
     221
     253
     275
     255
     258
     327
     262
     323
     302
     321
     307
     269
     303
     296
     289
     320
     311
     274
     304
     327
     311
     341
     337
     335
     366
     323
     295
     337
     345
     373
     330
     388
     342
     383
     372
     356
     341
     345
     365
     334
     361
     343
     319
     313
     328
     348
     301
     319
     312
     305
     302
     292
     290
     291
     307
     271
     319
     306
     318
     275
     287
     288
     286
     319
     268
     274
     280
     285
     312
     294
     306
     338
     399
     514
     564
     747
    1034
    1448
    1932
    2476
    3027
    3524
    3837
    3732
    3321
    2937
    2220
    1608
    1104
     688
     458
     332
     258
     195
     194
     157
     145
     171
     137
     163
     154
     157
     190
     170
     181
     203
     176
     171
     192
     170
     167
     173
     147
     155
     155
     178
     171
     157
     163
     151
     147
     165
     166
     168
     172
     182
     174
     179
     186
     158
     194
     166
     185
     170
     152
     161
     158
     155
     168
     172
     158
     190
     141
     155
     157
     170
     176
     141
     151
     169
     158
     182
     173
     159
     160
     181
     164
     155
     137
     156
     172
     161
     151
     172
     196
     175
     148
     169
     172
     167
     175
     191
     171
     145
     182
     201
     169
     196
     163
     152
     178
     160
     157
     187
     170
     171
     167
     180
     174
     162
     185
     158
     165
     172
     160
     189
     161
     161
     174
     153
     183
     152
     175
     163
     172
     151
     168
     149
     159
     175
     163
     163
     153
     170
     164
     171
     149
     189
     163
     161
     161
     176
     179
     157
     155
     172
     141
     168
     152
     144
     170
     162
     161
     137
     145
     188
     145
     169
     181
     168
     143
     185
     163
     171
     160
     154
     152
     179
     169
     180
     191
     194
     157
     154
     171
     140
     170
     150
     169
     164
     170
     145
     152
     172
     176
     158
     162
     141
     134
     155
     165
     148
     145
     147
     168
     153
     154
     161
     135
     143
     162
     124
     164
     172
     165
     148
     176
     146
     145
     143
     140
     169
     157
     154
     145
     177
     136
     152
     175
     142
     164
     155
     155
     159
     179
     153
     157
     147
     166
     165
     169
     159
     143
     165
     200
     169
     146
     168
     156
     149
     154
     181
     170
     169
     148
     156
     153
     144
     171
     154
     151
     156
     129
     167
     143
     151
     162
     175
     146
     146
     146
     144
     145
     142
     176
     185
     172
     184
     167
     174
     185
     193
     181
     157
     174
     178
     166
     154
     162
     188
     180
     151
     168
     173
     158
     162
     142
     151
     175
     169
     151
     166
     181
     167
     180
     152
     176
     141
     139
     181
     160
     161
     153
     145
     158
     152
     167
     158
     159
     180
     201
     180
     231
     218
     217
     240
     203
     231
     189
     204
     194
     170
     168
     176
     150
     133
     155
     155
     153
     147
     152
     159
     166
     176
     163
     158
     175
     160
     167
     140
     153
     141
     156
     166
     133
     143
     163
     151
     167
     143
     128
     139
     132
     150
     136
     158
     160
     154
     175
     162
     118
     133
     163
     148
     147
     178
     151
     146
     138
     161
     133
     144
     135
     125
     142
     135
     130
     140
     119
     166
     162
     131
     144
     140
     124
     140
     136
     137
     157
     141
     124
     165
     144
     149
     137
     149
     148
     168
     152
     148
     145
     146
     158
     150
     132
     130
     161
     136
     120
     144
     140
     128
     147
     141
     145
     149
     141
     159
     148
     142
     146
     154
     119
     146
     152
     137
     153
     128
     130
     131
     134
     135
     140
     131
     121
     150
     145
     134
     149
     118
     123
     140
     132
     130
     137
     135
     140
     135
     139
     139
     138
     122
     119
     149
     149
     130
     132
     149
     142
     124
     118
     134
     125
     132
     116
     128
     140
     148
     139
     136
     149
     113
     134
     120
     129
     106
     118
     125
     129
     116
     125
     123
     134
     127
     121
     126
     112
     112
     125
     115
     120
     130
     122
     129
     110
     109
     108
     124
     101
     105
     109
     124
     109
      90
      97
     112
     102
     118
     107
     105
     109
     106
      95
      92
      84
      86
      90
      76
     100
      93
      89
      88
      93
      88
      90
     100
      89
      93
      99
      89
      97
      95
      73
      90
      91
      85
      92
      59
      87
      84
      73
      86
      87
      75
      72
      78
      83
      98
      93
      64
      69
      83
      88
      81
      87
     103
      95
      91
     101
     103
     103
     134
      99
      98
      89
      94
      88
      91
      75
      67
      86
      73
      76
      82
      77
      82
      86
      82
      66
      80
      85
      79
      69
      66
      67
      77
      65
      74
      76
      87
      58
      63
      66
      73
      71
      66
      75
      75
      71
      68
      70
      60
      75
      58
      72
      61
      61
      76
      70
      73
      65
      62
      63
      75
      55
      70
      68
      54
      74
      82
      68
      70
      59
      69
      70
      71
      59
      73
      56
      64
      65
      53
      65
      82
      73
      60
      59
      59
      70
      52
      62
      58
      62
      44
      50
      65
      42
      45
      58
      67
      50
      53
      48
      68
      47
      60
      43
      50
      55
      69
      52
      57
      52
      49
      54
      41
      50
      50
      53
      54
      44
      42
      45
      39
      55
      59
      52
      54
      42
      44
      50
      44
      51
      50
      43
      50
      52
      48
      38
      51
      56
      50
      44
      33
      45
      51
      40
      58
      48
      44
      31
      46
      35
      48
      35
      37
      49
      46
      26
      42
      44
      35
      45
      35
      37
      46
      36
      36
      44
      41
      51
      46
      39
      40
      53
      48
      38
      39
      46
      27
      46
      40
      44
      39
      27
      41
      28
      43
      37
      44
      47
      40
      42
      44
      39
      42
      46
      41
      36
      36
      47
      40
      44
      36
      45
      39
      39
      48
      36
      46
      63
      86
     100
     156
     222
     257
     364
     422
     463
     454
     449
     362
     325
     222
     178
     108
      93
      57
      50
      43
      43
      38
      29
      29
      39
      30
      28
      33
      37
      29
      32
      40
      34
      32
      34
      39
      32
      33
      27
      27
      28
      27
      39
      36
      38
      32
      26
      24
      40
      35
      35
      31
      25
      34
      24
      28
      38
      30
      36
      38
      35
      24
      28
      28
      33
      30
      30
      19
      33
      27
      27
      25
      29
      36
      28
      33
      36
      39
      39
      34
      54
      37
      43
      44
      35
      46
      42
      36
      23
      25
      33
      34
      32
      27
      24
      27
      29
      27
      33
      29
      37
      32
      47
      88
      96
     160
     279
     394
     531
     791
     807
    1009
    1113
    1007
     903
     754
     632
     451
     254
     167
     102
      75
      53
      46
      26
      30
      17
      25
      31
      13
      24
      22
      28
      32
      24
      26
      28
      30
      32
      23
      22
      22
      21
      23
      19
      17
      29
      37
      19
      14
      38
      27
      26
      20
      21
      34
      24
      24
      28
      27
      34
      21
      28
      33
      24
      19
      33
       5
      26
      20
      25
      25
      24
      25
      20
      23
      32
      26
      23
      27
      20
      26
      18
      19
      28
      33
      20
      30
      14
      17
      34
      25
      26
      23
      26
      31
      22
      23
      18
      23
      16
      23
      16
      32
      31
      20
      20
      19
      16
      25
      21
      31
      31
      31
      27
      18
      15
      23
      23
      18
      19
      30
      23
      15
      25
      21
      23
      21
      20
      30
      24
      24
      27
      32
      22
      27
      24
      26
      25
      24
      26
      21
      19
      25
      19
      32
      30
      22
      23
      31
      27
      18
      26
      29
      22
      23
      30
      23
      19
      18
      20
      19
      20
      18
      21
      13
      15
      24
      28
      21
      19
      23
      21
      14
      17
      16
      21
      24
      21
      13
      18
      19
      23
       8
      27
      24
      21
      21
      19
      18
      18
      19
      24
      22
      16
      24
      24
      27
      27
      26
      35
      31
      41
      48
      43
      50
      60
      48
      53
      66
      80
     127
     220
     366
     634
     939
    1388
    1863
    2309
    2699
    2899
    2836
    2663
    2190
    1701
    1254
     806
     492
     271
     158
      84
      40
      23
      15
      18
      10
      11
      13
      15
      10
       9
      14
       6
      13
       6
      11
      10
       8
      10
      11
      11
       3
       8
      16
       9
      11
      12
      12
       7
      11
      14
      18
       5
       9
       7
       6
      10
      19
       7
       9
       8
      13
      10
       7
      10
      11
      10
       9
       9
       8
      14
      11
      11
      15
      17
      14
      13
       4
      12
      11
       9
       6
       5
      14
       9
      10
       8
      10
      11
      12
      12
      11
      13
      15
      11
      13
      12
      15
      13
      12
      10
       9
       9
      13
      11
      11
       9
      18
      20
      13
      27
      41
      71
     100
     134
     211
     258
     357
     391
     423
     360
     350
     289
     223
     177
     125
      83
      57
      43
      24
      19
      25
      13
       5
      17
       9
      16
       9
      10
       8
      10
       5
      10
      12
      10
       5
      15
       5
       6
       3
      14
      15
       8
       8
       8
       9
       7
       7
       9
       5
       5
       9
       8
       9
       8
      16
       8
       8
       4
       8
       7
      11
      10
       6
      12
       7
       9
       7
       7
       4
       6
       6
       4
      10
      11
       7
      14
       8
       7
      10
      11
      10
      10
      14
       4
       5
      10
       5
      13
      14
       7
      14
      12
      10
       8
       7
       7
       5
       6
      11
       7
       7
      16
      10
       4
      10
       8
       7
       2
       4
      10
       6
       9
       1
       7
       4
      11
       8
       6
       5
       6
       7
      10
      14
      10
       7
       8
      13
       5
       7
      11
       5
       3
       4
       5
       6
       7
       7
       8
       9
      15
       5
      10
       5
      13
       9
      11
      12
      12
      13
       5
       2
       9
      12
       4
       7
       5
      11
       8
      10
       8
       2
       9
       5
       7
       9
       9
       9
       6
       6
      12
       5
       5
       8
      10
       9
      13
      10
       5
       7
       3
       8
      10
       9
       7
       6
       7
       7
       9
       8
       9
       5
       6
       2
       6
       8
       4
      11
       8
      11
      11
       8
       7
       5
       1
       5
       4
       6
       4
       6
      10
       6
       6
       6
      15
       9
      10
       6
      11
      12
      11
      13
      10
       5
       5
       9
       8
       5
       9
       6
       5
       7
       4
       9
       6
       5
       4
       6
       2
       4
       7
       9
       6
       3
      10
       8
       4
       4
       4
      10
       7
       8
       5
       7
       7
       7
       9
       4
       4
       8
       7
       8
       9
       3
       7
       8
       6
       3
       1
       9
       5
       4
       4
       9
       6
       3
       9
      10
       5
       5
       6
       8
       8
       6
       5
       3
       5
       8
       4
       6
       4
       4
       6
      10
       7
       8
       6
       4
       4
       5
       7
       7
       6
       8
       3
       4
       6
       6
       8
      10
       6
      10
       7
      10
      12
       5
       9
       6
       6
       4
      15
       6
       5
       6
       1
       7
       4
       3
       4
       4
       5
       6
      10
      10
       3
       6
       7
       4
       5
      10
       6
       9
       5
       2
       3
       9
       7
       6
       6
       7
       8
      11
       1
       9
       5
       8
       7
       7
       7
       4
       9
       5
       5
      10
       6
       3
       8
       2
       7
       7
       5
       6
       4
       6
       6
       4
       6
       2
       7
       7
       2
       5
       3
      10
       6
       6
       8
       7
       4
       6
       6
       6
       8
       5
       4
      11
       8
       5
      11
      14
       8
       5
       7
       8
       6
       8
       7
       5
       7
       7
       4
      10
      16
       4
       7
       8
       2
       6
      10
       5
       3
       9
       3
       5
       8
       6
       7
       6
       6
       4
       1
       4
       3
       4
       6
       3
       9
       0
       8
       1
       7
       1
       5
       4
       9
      10
       4
       2
       7
       6
      11
       0
       7
       4
       6
       5
       3
       4
       5
       6
       8
       2
       6
       3
       5
       6
       6
       1
       4
       3
       7
       3
       3
       7
       5
       4
       6
       3
       7
       5
       2
       3
       7
       4
       2
       4
       6
       5
       5
       4
       3
       5
       5
       6
       4
       2
       5
      11
      10
       4
       5
       7
      14
      12
       7
       6
       8
       7
       8
       9
       9
      10
       7
       4
       6
       5
       8
       8
       8
       7
       6
       4
       5
       6
      12
       4
       5
       5
       4
       6
       1
       3
       4
       4
       2
       7
       6
       6
       7
       6
       9
       4
       3
       5
       7
       3
       4
       1
       4
       4
       4
       9
      10
       6
       8
       7
       2
       6
       5
       6
       5
       9
       5
       4
       8
       5
       4
       6
       7
       4
       3
       3
       5
       5
       3
       7
       8
       5
       3
       5
       4
       2
       2
       4
       1
       5
       6
       6
       3
       4
       5
       2
       6
       6
       3
       7
       1
       4
       5
       6
       6
       2
       3
       6
       6
       2
       6
       5
       8
       3
       7
       5
       2
       3
       3
       3
       2
       6
       5
       5
       7
       3
       6
       6
       4
       2
       4
       3
       5
       6
       1
       3
       3
       5
       3
       3
       5
       2
       3
       4
       5
       3
       4
       3
       3
       3
       3
       6
       9
       4
       4
       4
       2
       6
       4
       5
       1
       2
       5
       5
       5
       1
       5
       0
       2
       5
       7
       2
       3
       2
       5
       3
       2
       8
       4
       5
       3
       3
       2
       4
       3
       5
       3
       3
       6
       4
       4
       5
       5
       4
       6
       5
       6
       3
       6
       4
       6
       3
       8
       6
       4
       5
       2
       8
       4
       3
       2
      10
       6
       0
       3
       2
       7
       2
       1
       3
       3
       6
       0
       3
       2
       3
       4
       5
       2
       3
       7
       3
       4
       4
       4
       5
       5
       5
       1
       5
       4
       4
       5
       2
       3
       4
       3
       5
       6
       5
       1
       6
       3
       5
       2
       6
       3
       4
       2
       5
       4
       5
       4
       3
       7
       3
       0
       2
       2
       1
       5
       5
       4
       5
       3
       4
       1
       4
       4
       4
       6
       5
       2
       3
       4
       4
       1
       8
       8
      12
      10
       5
      12
      12
      11
      16
       9
       6
      14
      11
       3
       5
       2
       2
       1
       4
       4
       4
       3
       1
       1
       4
      10
       4
       4
       3
       4
       2
       4
       5
       6
       3
       4
       1
       2
       5
      10
       0
       3
       2
       6
       2
       8
       5
       6
       1
       1
       1
       8
       3
       5
       5
       5
       4
       4
       7
       2
       0
       6
       7
       3
       2
       5
       3
       4
       4
       2
       0
       2
       5
       2
       5
       1
       4
       3
       5
       2
       3
       4
       3
       1
       3
       6
       4
       2
       4
       3
       3
       3
       3
       4
       3
       3
       1
       4
       2
       1
       1
       4
       9
      10
      13
      15
      15
      24
      23
      28
      29
      27
      23
      24
      18
      13
      12
       3
       6
       1
       5
       7
       5
       1
       5
       1
       1
       3
       5
       3
       2
       7
       4
       1
       2
       5
       0
       3
       1
       2
       3
       2
       3
       2
       1
       2
       1
       3
       4
       1
       4
       3
       3
       4
       2
       1
       5
       1
       6
       2
       1
       4
       4
       3
       1
       4
       1
       6
       3
       1
       4
       2
       3
       2
       3
       2
       4
       2
       2
       3
       4
       3
       9
       6
       4
       4
       4
       2
       4
       3
       4
       5
       7
       0
       3
       1
       2
       3
       2
       3
       3
       5
       7
       4
       4
       0
       5
       5
       4
       2
       3
       6
       2
       3
       2
       2
       6
       3
       2
       6
       6
       2
       1
       2
       4
       1
       4
       1
       1
       3
       3
       5
       4
       1
       2
       5
       2
       3
       3
       4
       3
       5
       3
       5
       4
       1
       3
       3
       3
       3
       0
       2
       0
       0
       5
       3
       6
       2
       0
       2
       2
       2
       3
       4
       6
       4
       2
       2
       4
       1
       5
       1
       2
       3
       2
       1
       2
       2
       1
       3
       4
       2
       3
       4
       7
       3
       5
       3
       3
       3
       7
       2
       2
       6
       2
       1
       5
       3
       4
       3
       3
       1
       2
       2
       6
       2
       7
       8
       9
      10
      12
      18
      25
      16
      20
      35
      23
      16
      28
       7
      12
      13
       8
       8
       6
      10
       2
       2
       4
       1
       3
       5
       4
       2
       3
       2
       0
       3
       4
       2
       2
       6
       2
       4
       4
       4
       2
       1
       5
       2
       2
       3
       4
       4
       2
       4
       1
       4
       5
       2
       4
       7
       2
       2
       2
       0
       3
       8
       3
       6
       1
       2
       6
       2
       1
       5
       2
       0
       2
       3
       4
       4
       1
       1
       2
       2
       7
       6
       2
       1
       6
       2
       3
       4
       1
       5
       3
       2
       2
       4
       3
       5
       5
       1
       1
       3
       3
       3
       3
       2
       0
       1
       3
       3
       2
       2
       5
       5
       1
       0
       4
       2
       4
       0
       2
       1
       2
       3
       1
       1
       3
       4
       1
       4
       5
       2
       4
       2
       0
       3
       3
       5
       0
       1
       5
       1
       5
       0
       1
       2
       2
       3
       2
       3
       4
       3
       1
       1
       2
       3
       3
       2
       2
       5
       3
       2
       5
       1
       1
       3
       4
       3
       7
       1
       3
       3
       2
       1
       2
       4
       4
       5
       5
       3
       5
       5
       3
       1
       4
       5
       4
       3
       3
       1
       1
       6
       2
       5
       5
       1
       3
       2
       1
       3
       2
       0
       3
       3
       1
       2
       2
       7
       3
       2
       1
       2
       1
       5
       5
       1
       1
       1
       5
       4
       1
       2
       4
       4
       0
       4
       2
       1
       3
       5
       1
       2
       3
       1
       3
       1
       0
       2
       2
       0
       2
       4
       1
       1
       3
       2
       2
       4
       3
       3
       3
       2
       3
       1
       0
       2
       2
       0
       1
       2
       3
       6
       3
       3
       1
       5
       4
       6
       7
       0
       2
       2
       2
       3
       5
       5
       1
       0
       1
       8
       2
       1
       2
       4
       1
       6
       4
       1
       2
       6
       1
       3
       1
       6
       2
       4
       4
       2
       2
       3
       3
       5
       0
       2
       2
       1
       3
       4
       1
       2
       1
       4
       2
       0
       0
       4
       2
       2
       3
       1
       2
       4
       3
       4
       5
       4
       3
       5
       5
       2
       3
       0
       1
       3
       4
       6
       3
       3
       4
       1
       3
       1
       2
       1
       1
       2
       2
       5
       3
       2
       2
       3
       3
       2
       3
       3
       1
       1
       2
       2
       0
       4
       1
       4
       3
       4
       4
       1
       1
       2
       3
       4
       2
       2
       2
       7
       2
       0
       3
       6
       4
       0
       2
       4
       4
       0
       1
       2
       5
       1
       2
       4
       2
       2
       2
       1
       5
       4
       1
       3
       1
       4
       1
       2
       2
       1
       3
       1
       4
       6
       1
       4
       3
       3
       3
       2
       0
       6
       6
       1
       2
       3
       1
       3
       1
       4
       3
       4
       9
       6
       4
       1
       2
       3
       1
       3
       1
       0
       1
       4
       3
       4
       5
       5
       2
       4
       5
       4
       4
       1
       3
       2
       2
       4
       1
       2
       1
       1
       0
       2
       4
       1
       4
       3
       0
       3
       3
       3
       1
       2
       2
       0
       1
       1
       4
       3
       2
       1
       0
       3
       4
       3
       4
       1
       4
       2
       1
       3
       4
       3
       5
       3
       2
       2
       1
       2
       3
       2
       1
       3
       1
       3
       1
       7
       1
       2
       3
       3
       0
       1
       3
       2
       4
       5
       8
       1
       0
       1
       0
       5
       5
       2
       0
       3
       2
       1
       4
       2
       3
       4
       3
       3
       1
       4
       4
       2
       4
       6
       2
       5
       1
       3
       0
       1
       2
       5
       0
       2
       1
       2
       1
       2
       3
       1
       1
       3
       0
       0
       1
       0
       2
       2
       2
       1
       2
       3
       1
       2
       2
       3
       4
       1
       4
       2
       2
       2
       3
       3
       3
       1
       1
       3
       0
       1
       2
       1
       1
       1
       1
       5
       2
       3
       1
       2
       2
       2
       2
       1
       0
       2
       3
       5
       1
       5
       5
       3
       1
       2
       1
       3
       3
       1
       2
       2
       1
       4
       1
       2
       4
       0
       4
       3
       4
       4
       1
       0
       3
       2
       1
       2
       0
       3
       3
       2
       0
       1
       2
       2
       2
       3
       2
       3
       2
       2
       3
       6
       3
       3
       0
       0
       4
       2
       3
       3
       2
       0
       1
       1
       1
       2
       2
       3
       1
       1
       1
       3
       2
       3
       6
       0
       1
       2
       2
       2
       0
       2
       3
       1
       2
       3
       1
       3
       3
       1
       1
       4
       0
       1
       2
       3
       2
       7
       1
       3
       2
       2
       5
       2
       3
       2
       2
       1
       4
       8
       2
       2
       0
       1
       3
       4
       5
       0
       0
       2
       3
       1
       5
       1
       5
       5
       3
       3
       1
       3
       5
       0
       1
       1
       2
       1
       2
       1
       6
       5
       4
       6
       0
       1
       2
       0
       1
       3
       1
       2
       0
       4
       3
       3
       4
       2
       1
       1
       4
       2
       1
       2
       2
       4
       2
       3
       1
       3
       3
       4
       5
       2
       1
       6
       2
       2
       0
       4
       4
       6
       0
       3
       4
       1
       1
       0
       3
       1
       1
       1
       5
       3
       4
       4
       1
       6
       5
       2
       4
       1
       1
       5
       3
       1
       1
       1
       0
       1
       1
       0
       3
       4
       0
       0
       5
       1
       4
       5
       2
       4
       0
       4
       2
       4
       4
       0
       3
       4
       5
       1
       2
       1
       2
       2
       2
       4
       1
       3
       1
       3
       2
       5
       1
       2
       0
       4
       1
       0
       1
       1
       2
       3
       1
       0
       3
       4
       1
       2
       1
       3
       1
       3
       1
       1
       1
       3
       3
       4
       5
       4
       1
       2
       1
       1
       3
       1
       0
       1
       1
       6
       5
       3
       2
       3
       2
       2
       3
       2
       2
       4
       2
       1
       1
       2
       1
       2
       3
       0
       4
       0
       2
       1
       6
       0
       0
       5
       1
       2
       0
       2
       1
       0
       0
       2
       2
       2
       2
       2
       1
       5
       3
       3
       3
       0
       1
       3
       0
       3
       1
       3
       1
       2
       2
       3
       1
       2
       2
       2
       0
       2
       2
       3
       2
       2
       1
       2
       0
       0
       1
       2
       1
       4
       1
       2
       3
       1
       4
       3
       2
       2
       5
       3
       2
       2
       4
       1
       1
       1
       4
       1
       3
       1
       2
       1
       2
       1
       0
       2
       3
       3
       2
       1
       3
       2
       0
       1
       0
       3
       3
       3
       6
       4
       6
      16
       8
       5
       6
       5
       8
       5
       6
       3
       2
       3
       1
       3
       1
       3
       0
       0
       1
       2
       4
       1
       1
       4
       3
       0
       1
       0
       2
       5
       2
       1
       2
       4
       2
       2
       1
       1
       0
       2
       4
       0
       0
       1
       2
       2
       2
       1
       1
       2
       1
       2
       2
       4
       3
       0
       4
       0
       0
       1
       2
       4
       2
       0
       1
       2
       4
       2
       1
       1
       1
       4
       0
       2
       3
       2
       3
       1
       2
       1
       2
       2
       2
       1
       2
       1
       3
       2
       3
       2
       4
       0
       2
       6
       3
       3
       2
       4
       2
       4
       0
       3
       2
       6
       2
       2
       1
       6
       3
       1
       2
       1
       1
       1
       2
       2
       3
       1
       0
       3
       5
       1
       1
       1
       0
       5
       1
       3
       3
       3
       0
       1
       4
       1
       1
       2
       1
       1
       1
       3
       1
       1
       1
       1
       2
       0
       1
       5
       7
       2
       2
       4
       1
       4
       3
       1
       1
       2
       1
       2
       4
       6
       4
       1
       0
       3
       2
       1
       2
       3
       2
       2
       1
       1
       3
       3
       3
       1
       2
       3
       4
       2
       3
       1
       1
       2
       3
       0
       2
       3
       5
       1
       1
       3
       0
       3
       2
       3
       2
       0
       1
       2
       2
       2
       1
       1
       2
       1
       6
       1
       3
       4
       2
       3
       2
       0
       6
       2
       0
       2
       1
       4
       0
       3
       2
       5
       5
       5
       2
       3
       3
       3
       4
       1
       5
       4
       1
       4
       2
       3
       1
       1
       0
       2
       2
       3
       0
       0
       1
       3
       0
       0
       1
       2
       2
       2
       0
       3
       1
       0
       1
       1
       2
       2
       2
       2
       1
       0
       2
       1
       2
       2
       3
       2
       2
       2
       2
       3
       0
       1
       1
       6
       0
       1
       1
       0
       5
       3
       3
       1
       1
       1
       3
       2
       0
       1
       3
       2
       0
       0
       2
       3
       2
       3
       1
       4
       1
       1
       2
       2
       0
       3
       2
       0
       1
       0
       0
       1
       0
       2
       5
       2
       1
       2
       1
       0
       3
       5
       2
       0
       2
       2
       2
       1
       1
       1
       5
       3
       0
       2
       4
       3
       3
       3
       0
       0
       2
       0
       2
       3
       4
       2
       5
       3
       0
       1
       0
       2
       1
       2
       1
       1
       2
       0
       4
       4
       0
       2
       1
       3
       1
       3
       2
       2
       2
       1
       0
       3
       2
       1
       0
       2
       1
       2
       1
       2
       4
       0
       3
       1
       2
       2
       3
       0
       2
       2
       2
       3
       1
       2
       1
       2
       2
       2
       3
       4
       5
       1
       5
       3
       0
       1
       3
       0
       0
       1
       1
       0
       2
       2
       1
       3
       1
       2
       1
       2
       1
       5
       1
       1
       6
       0
       2
       0
       3
       1
       1
       4
       1
       2
       2
       2
       2
       2
       3
       2
       1
       4
       1
       2
       3
       2
       0
       2
       1
       1
       3
       2
       0
       2
       0
       3
       3
       3
       2
       1
       3
       0
       3
       3
       2
       1
       2
       1
       0
       3
       1
       0
       1
       1
       2
       8
       3
       4
       0
       2
       1
       1
       0
       1
       1
       1
       0
       2
       3
       1
       4
       4
       1
       0
       1
       1
       1
       4
       0
       0
       1
       2
       1
       1
       1
       4
       1
       1
       5
       2
       2
       1
       3
       1
       2
       2
       4
       2
       2
       1
       3
       4
       2
       2
       2
       3
       6
       2
       1
       2
       2
       1
       2
       0
       2
       3
       0
       0
       1
       2
       1
       0
       1
       2
       0
       2
       4
       2
       1
       2
       1
       0
       1
       1
       0
       0
       3
       1
       2
       1
       2
       5
       1
       2
       1
       1
       0
       2
       2
       1
       1
       1
       5
       0
       3
       1
       4
       0
       2
       4
       1
       0
       3
       2
       0
       1
       3
       2
       0
       1
       3
       2
       3
       4
       1
       0
       2
       2
       3
       2
       0
       1
       0
       1
       2
       2
       1
       2
       3
       1
       0
       2
       1
       2
       0
       4
       3
       0
       2
       2
       0
       2
       0
       2
       2
       2
       2
       3
       2
       1
       3
       2
       0
       2
       3
       0
       3
       1
       2
       4
       3
       2
       0
       4
       1
       0
       5
       3
       3
       1
       2
       3
       2
       4
       2
       0
       1
       4
       2
       1
       4
       5
       1
       4
       1
       3
       3
       1
       2
       2
       2
       0
       1
       3
       1
       0
       2
       1
       2
       1
       2
       0
       1
       2
       0
       2
       4
       2
       2
       2
       3
       1
       4
       1
       6
       2
       0
       1
       2
       3
       2
       5
       2
       1
       5
       2
       2
       1
       1
       1
       1
       0
       3
       2
       1
       0
       5
       2
       4
       1
       1
       2
       3
       2
       0
       2
       3
       0
       2
       1
       2
       2
       0
       0
       0
       0
       1
       1
       1
       0
       3
       0
       3
       3
       1
       2
       3
       1
       2
       4
       2
       1
       3
       1
       3
       1
       2
       1
       0
       0
       3
       2
       2
       4
       1
       4
       1
       3
       3
       3
       3
       2
       1
       4
       3
       0
       2
       4
       2
       2
       1
       3
       3
       2
       2
       3
       3
       0
       5
       2
       0
       1
       2
       0
       2
       4
       1
       4
       1
       0
       0
       2
       3
       0
       1
       1
       0
       5
       3
       4
       4
       2
       7
       5
       6
       7
       7
       7
       9
       7
       8
       8
       7
       7
       3
       0
       3
       1
       2
       1
       4
       1
       3
       2
       1
       3
       2
       0
       2
       1
       2
       4
       1
       2
       2
       2
       1
       2
       2
       3
       1
       0
       2
       2
       2
       1
       4
       3
       3
       0
       1
       3
       2
       2
       1
       1
       1
       1
       2
       1
       2
       0
       2
       1
       2
       0
       3
       4
       2
       3
       1
       1
       1
       2
       3
       0
       2
       1
       1
       1
       2
       3
       2
       0
       2
       2
       2
       2
       3
       1
       1
       1
       2
       3
       1
       1
       0
       3
       3
       0
       1
       0
       1
       0
       1
       0
       4
       0
       0
       2
       2
       2
       5
       4
       0
       1
       1
       1
       0
       1
       2
       2
       4
       0
       2
       0
       1
       1
       1
       5
       3
       2
       2
       4
       4
       5
       3
       2
       1
       2
       3
       0
       0
       2
       0
       3
       2
       1
       2
       1
       3
       0
       2
       2
       3
       3
       1
       1
       5
       0
       0
       3
       2
       1
       4
       3
       1
       0
       2
       1
       3
       3
       1
       2
       1
       0
       0
       2
       2
       0
       4
       1
       2
       4
       2
       0
       0
       3
       4
       1
       0
       1
       6
       6
       1
       2
       3
       1
       1
       1
       3
       2
       0
       1
       1
       2
       2
       1
       4
       2
       2
       0
       1
       3
       2
       3
       3
       2
       2
       2
       5
       0
       3
       4
       1
       1
       0
       2
       1
       2
       1
       4
       1
       4
       2
       3
       4
       2
       4
       1
       1
       1
       1
       4
       1
       4
       1
       1
       0
       2
       1
       2
       3
       0
       1
       3
       1
       1
       1
       1
       3
       3
       2
       0
       1
       4
       6
       0
       0
       1
       1
       1
       1
       3
       1
       2
       4
       1
       0
       2
       1
       2
       2
       1
       1
       3
       5
       5
       1
       1
       2
       2
       1
       2
       1
       1
       5
       1
       2
       1
       1
       1
       2
       2
       2
       4
       1
       4
       3
       1
       1
       0
       3
       3
       2
       3
       3
       0
       2
       0
       1
       1
       5
       5
       1
       4
       2
       4
       3
       0
       0
       2
       2
       4
       3
       0
       3
       4
       1
       0
       1
       1
       6
       5
       1
       1
       4
       2
       3
       3
       3
       2
       3
       1
       0
       2
       1
       1
       2
       3
       3
       2
       1
       0
       1
       4
       3
       4
       1
       1
       3
       2
       2
       5
       3
       3
       2
       1
       0
       0
       1
       0
       1
       3
       2
       0
       0
       2
       1
       2
       4
       3
       1
       2
       5
       3
       1
       1
       5
       3
       3
       2
       2
       1
       3
       2
       4
       1
       2
       0
       1
       2
       1
       0
       2
       4
       2
       4
       2
       0
       0
       0
       2
       6
       1
       4
       5
       3
       1
       1
       5
       2
       2
       3
       3
       3
       2
       5
       0
       0
       0
       0
       1
       2
       1
       5
       1
       3
       4
       4
       3
       4
       3
       0
       3
       4
       3
       0
       1
       2
       3
       3
       1
       5
       5
       5
       4
       4
       2
       8
       6
       2
       4
       2
       1
       2
       3
       4
       3
       1
       3
       6
       3
       3
       0
       4
       0
       2
       3
       2
       2
       4
       0
       1
       4
       2
       0
       2
       0
       0
       1
       1
       2
       1
       2
       0
       4
       4
       0
       0
       2
       0
       2
       2
       2
       1
       1
       0
       0
       1
       3
       1
       1
       1
       0
       4
       3
       4
       1
       1
       2
       2
       3
       1
       1
       0
       2
       2
       1
       2
       0
       5
       1
       2
       0
       0
       2
       1
       2
       0
       1
       0
       3
       1
       0
       3
       0
       1
       0
       1
       3
       0
       2
       1
       1
       0
       0
       1
       3
       0
       1
       0
       0
       2
       2
       1
       0
       0
       0
       0
       1
       0
       0
       5
       0
       1
       3
       1
       1
       2
       2
       4
       0
       0
       2
       0
       1
       3
       4
       0
       1
       0
       2
       1
       1
       1
       0
       1
       2
       0
       1
       2
       0
       2
       1
       1
       2
       0
       0
       1
       1
       1
       2
       2
       1
       1
       1
       1
       1
       2
       0
       6
       1
       2
       4
       0
       0
       0
       1
       3
       3
       2
       2
       0
       2
       4
       1
       0
       0
       1
       0
       1
       1
       2
       2
       0
       1
       1
       1
       1
       3
       1
       1
       0
       1
       1
       4
       0
       0
       1
       2
       0
       3
       0
       1
       0
       0
       1
       0
       2
       0
       2
       1
       0
       0
       0
       5
       0
       3
       0
       1
       1
       0
       0
       2
       1
       1
       1
       0
       1
       3
       0
       3
       0
       2
       2
       1
       2
       3
       3
       1
       1
       2
       1
       1
       2
       3
       0
       0
       2
       0
       1
       0
       0
       1
       3
       0
       1
       1
       2
       2
       0
       1
       0
       2
       0
       1
       1
       0
       3
       1
       0
       1
       1
       1
       2
       1
       0
       0
       1
       2
       2
       0
       1
       2
       1
       1
       2
       3
       1
       3
       1
       0
       1
       0
       0
       0
       0
       2
       3
       1
       2
       1
       1
       0
       1
       0
       1
       1
       1
       0
       0
       1
       1
       0
       2
       1
       0
       1
       4
       3
       1
       0
       3
       0
       1
       0
       0
       1
       1
       0
       3
       1
       1
       1
       1
       1
       0
       0
       3
       0
       3
       1
       3
       0
       1
       2
       3
       1
       1
       0
       0
       0
       1
       1
       0
       0
       1
       0
       1
       1
       3
       3
       1
       1
       3
       2
       1
       2
       0
       0
       2
       3
       1
       1
       0
       0
       0
       1
       1
       2
       1
       0
       0
       2
       0
       3
       1
       1
       2
       1
       2
       0
       0
       0
       0
       0
       0
       2
       0
       2
       0
       1
       0
       0
       0
       1
       0
       0
       2
       2
       1
       1
       1
       0
       1
       0
       1
       2
       2
       0
       0
       0
       1
       0
       2
       2
       0
       2
       1
       3
       0
       0
       2
       0
       0
       1
       1
       2
       0
       1
       0
       1
       1
       1
       0
       1
       0
       0
       0
       0
       0
       0
       0
       1
       0
       1
       1
       1
       1
       0
       1
       0
       0
       2
       0
       0
       1
       0
       0
       0
       0
       2
       1
       1
       2
       0
       0
       1
       0
       2
       2
       1
       1
       0
       0
       1
       0
       0
       0
       2
       1
       1
       1
       0
       0
       0
       2
       1
       2
       1
       0
       0
       0
       0
       1
       0
       0
       0
       1
       1
       1
       1
       2
       0
       1
       1
       0
       1
       0
       1
       0
       2
       3
       0
       0
       0
       0
       0
       1
       0
       0
       0
       0
       0
       1
       3
       0
       2
       0
       2
       1
       1
       1
       4
       1
       1
       3
       0
       1
       2
       0
       2
       1
       1
       0
       1
       1
       0
       1
       3
       0
       0
       0
       1
       0
       1
       2
       1
       0
       1
       1
       2
       1
       4
       0
       1
       0
       2
       1
       0
       0
       3
       0
       1
       0
       0
       0
       0
       0
       0
       1
       1
       2
       0
       0
       0
       0
       0
       0
       0
       0
       0
       0
       0
       0
       0
       0
       1
       1
       0
       0
       0
       0
       1
       1
       0
       1
       1
       0
       1
       0
       0
       0
       1
       2
       1
       2
       1
       2
       0
       1
       0
       1
       1
       1
       0
       0
       1
       0
       1
       0
       0
       0
       3
       0
       0
       0
       0
       0
       0
       1
       3
       0
       2
       1
       1
       0
       1
       2
       0
       1
       0
       0
       4
       1
       0
       0
       1
       2
       2
       2
       0
       0
       0
       0
       0
       1
       2
       0
       0
       2
       0
       0
       0
       0
       1
       1
       1
       1
       0
       0
       0
       2
       0
       0
       0
       1
       1
       0
       0
       1
       0
       1
       1
       0
       2
       1
       0
       0
       2
       1
       1
       3
       0
       0
       1
       1
       1
       0
       0
       0
       1
       1
       1
       1
       0
       0
       0
       0
       1
       0
       0
       1
       1
       1
       0
       2
       2
       0
       0
       0
       1
       0
       0
       0
       0
       1
       0
       1
       1
       0
       2
       1
       1
       1
       0
       1
       0
       0
       0
       0
       0
       1
       0
       1
       1
       1
       0
       0
       0
       0
       0
       1
       1
       0
       3
       1
       0
       0
       0
       1
       0
       0
       0
       0
       2
       1
       1
       0
       2
       0
       0
       1
       0
       0
       1
       0
       0
       1
       1
       0
       2
       0
       0
       1
       0
       2
       2
       0
       0
       1
       0
       0
       0
       1
       0
       0
       2
       0
       0
       0
       1
       1
       1
       1
       0
       1
       0
       2
       0
       2
       3
       1
       0
       2
       0
       0
       0
       0
       1
       1
       0
       0
       1
       1
       1
       1
       1
       0
       0
       0
       0
       2
       0
       0
       1
       4
       4
       0
       5
       6
      13
       5
      10
      21
      29
      29
      32
      54
      54
      56
      54
      42
      48
      24
      27
      16
       9
      13
       5
       4
       2
       3
       2
       0
       0
       0
       0
       0
       0
       0
       0
       1
       0
       1
       0
       1
       0
       0
       1
       0
       0
       0
       0
       0
       0
       0
       0
       1
       0
       1
       1
       2
       1
       2
       0
       0
       1
       1
       0
       1
       0
       1
       0
       0
       0
       1
       0
       0
       0
       1
       0
       0
       0
       0
       1
       0
       0
       1
       0
       0
       0
       1
       0
       1
       0
       1
       0
       0
       0
       0
       1
       0
       0
       0
       1
       0
       1
       0
       0
       0
       0
       0
       0
       0
       0
       0
       0
       1
       1
       0
       0
       0
       0
       0
       1
       0
       0
       1
       1
       1
       0
       1
       1
       1
       3
       0
       2
       0
       0
       1
       0
       0
       0
       0
       1
       0
       0
       2
       0
       0
       1
       0
       0
       0
       1
       1
       1
       0
       0
       0
       0
       0
       1
       0
       0
       0
       0
       1
       2
       0
       0
       0
       0
       0
       0
       0
       0
       1
       0
       0
       1
       0
       1
       0
       0
       0
       0
       0
       0
       0
       0
       0
       0
       0
       0
       0
       0
       0
       2
       0
       0
       0
       1
       1
       1
       0
       1
       0
       0
       0
       0
       0
       2
       1
       1
       1
       1
       0
       0
       0
       0
       0
       0
       1
       0
       1
       0
       2
       0
       0
       0
       0
       1
       1
       0
       2
       1
       0
       0
       0
       0
       0
       0
       0
       0
       0
       1
       0
       3
       0
       1
       0
       0
       0
       0
       0
       0
       0
       0
       0
       0
       0
       0
       0
       0
       0
       1
       0
       1
       0
       2
       0
       0
       0
       1
       0
       0
       0
       0
       0
       0
       0
       1
       0
       0
       0
       0
       2
       1
       0
       1
       0
       1
       0
       1
       0
       0
       0
       1
       1
       0
       1
       0
       0
       0
       0
       0
       0
       0
       1
       0
       1
       0
       0
       0
       0
       1
       0
       0
       0
       0
       0
       1
       1
       1
       0
       0
       0
       0
       0
       0
       0
       0
       0
       0
       0
       1
       0
       0
       2
       0
       0
       1
       0
       0
       0
       1
       0
       0
       1
       1
       0
       0
       0
       1
       0
       0
       0
       0
       0
       0
       0
       0
       0
       0
       1
       0
       1
       0
       0
       1
       0
       0
       0
       0
       0
       0
       1
       0
       0
       0
       0
       0
       0
       1
       0
       1
       0
       0
       0
       0
       1
       0
       0
       0
       1
       0
       0
       0
       1
       0
       1
       0
       0
       0
       0
       0
       0
       0
       0
       1
       0
       1
       0
       1
       0
       0
       0
       0
       1
       1
       1
       0
       0
       0
       0
       1
       0
       0
       1
       1
       0
       0
       0
       0
       0
       1
       0
       0
       0
       0
       0
       0
       0
       1
       0
       0
       0
       1
       0
       1
       0
       0
       0
       0
       0
       0
       0
       0
       0
       0
       0
       0
       0
       0
       1
       0
       0
       2
       0
       0
       1
       0
       0
       0
       0
       0
       1
       0
       0
       0
       0
       0
       0
       0
       0
       0
       0
       0
       0
       0
       0
       0
       0
       0
       0
       2
       0
       0
       0
       0
       2
       0
       2
       0
       0
       1
       0
       1
       0
       0
       1
       0
       0
       0
       2
       0
       1
       1
       1
       0
       1
       1
       0
       1
       0
       1
       0
       0
       1
       2
       0
       0
       2
       1
       0
       1
       1
       2
       2
       1
       1
       0
       0
       1
       0
       0
       0
       0
       0
       1
       0
       0
       0
       0
       0
       1
       2
       0
       0
       0
       0
       0
       0
       0
       0
       0
       0
       0
       1
       0
       1
       0
       0
       0
       0
       0
       1
       0
       0
       0
       0
       1
       0
       0
       0
       0
       0
       0
       0
       0
       0
       0
       0
       0
       0
       0
       1
       0
       0
       0
       0
       0
       2
       0
       0
       1
       0
       2
       1
       0
       0
       0
       0
       0
       0
       0
       0
       0
       0
       0
       0
       1
       1
       0
       1
       0
       0
       1
       0
       0
       0
       0
       1
       1
       2
       0
       0
       0
       0
       0
       0
       1
       0
       0
       0
       0
       0
       0
       1
       0
       1
       0
       0
       0
       1
       0
       0
       0
       1
       0
       0
       0
       0
       1
       0
       0
       2
       0
       0
       0
       0
       0
       0
       0
       1
       0
       0
       0
       0
       0
       3
       0
       2
       0
       1
       2
       2
       0
       0
       1
       0
       1
       0
       0
       0
       1
       0
       1
       0
       0
       1
       1
       0
       0
       1
       0
       1
       0
       0
       0
       0
       0
       0
       0
       0
       0
       0
       0
       0
       0
       0
       0
       1
       0
       1
       0
       1
       0
       0
       0
       0
       0
       0
       0
       1
       0
       0
       0
       0
       0
       0
       1
       0
       1
       0
       0
       0
       1
       0
       0
       2
       0
       1
       0
       1
       0
       0
       0
       0
       1
       0
       1
       0
       0
       0
       0
       1
       0
       0
       2
       0
       1
       0
       0
       0
       0
       0
       1
       0
       0
       1
       0
       0
       0
       0
       0
       1
       0
       1
       1
       0
       1
       0
       0
       0
       1
       0
       1
       0
       0
       0
       0
       0
       0
       1
       0
       1
       1
       0
       0
       0
       0
       1
       1
       0
       0
       0
       0
       0
       0
       0
       1
       1
       0
       0
       0
       1
       1
       0
       0
       0
       0
       0
       1
       0
       0
       3
       0
       0
       0
       0
       1
       0
       1
       0
       0
       0
       0
       0
       0
       0
       0
       0
       0
       0
       0
       0
       0
       0
       0
       0
       0
       0
       0
       0
       0
       0
       0
       1
       0
       0
       0
       0
       2
       1
       3
       1
       0
       1
       0
       1
       0
       0
       0
       1
       1
       1
       0
       0
       1
       0
       1
       0
       0
       0
       0
       0
       0
       0
       0
       0
       0
       0
       0
       0
       0
       0
       0
       0
       0
       0
       1
       0
       1
       0
       0
       0
       1
       0
       1
       0
       0
       0
       0
       0
       1
       1
       1
       1
       1
       0
       0
       2
       0
       0
       0
       0
       0
       0
       0
       0
       0
       0
       0
       0
       0
       0
       0
       0
       1
       0
       0
       0
       0
       0
       0
       0
       0
       0
       0
       0
       0
       0
       0
       0
       1
       0
       0
       1
       0
       0
       0
       0
       0
       0
       0
       0
       1
       0
       1
       0
       0
       0
       0
       0
       0
       0
       1
       0
       1
       0
       0
       0
       1
       0
       0
       0
       1
       1
       0
       0
       1
       0
       0
       0
       1
       0
       0
       0
       0
       0
       0
       1
       0
       0
       0
       1
       0
       0
       0
       0
       0
       0
       0
       1
       0
       0
       0
       0
       0
       0
       0
       0
       1
       0
       0
       0
       0
       1
       0
       1
       0
       0
       0
       0
       0
       0
       0
       0
       2
       0
       1
       0
       0
       0
       1
       1
       0
       0
       1
       1
       0
       0
       0
       0
       1
       0
       1
       0
       1
       1
       0
       2
       3
       1
       4
       0
       0
       0
       1
       0
       0
       0
       0
       0
       0
       0
       0
       0
       0
       0
       0
       0
       0
       1
       0
       0
       0
       0
       0
       1
       0
       0
       0
       0
       0
       0
       0
       0
       0
       1
       0
       0
       0
       0
       0
       0
       0
       0
       0
       1
       0
       0
       0
       0
       0
       0
       0
       1
       0
       0
       0
       0
       1
       0
       0
       0
       0
       0
       0
       0
       0
       1
       0
       0
       1
       0
       0
       0
       0
       0
       0
       0
       0
       0
       0
       0
       0
       0
       1
       0
       0
       0
       0
       1
       0
       0
       0
       0
       1
       1
       1
       0
       0
       0
       0
       1
       0
       0
       0
       0
       0
       0
       1
       0
       1
       0
       0
       0
       0
       0
       0
       0
       0
       1
       0
       2
       0
       0
       1
       1
       0
       1
       2
       5
       1
       6
       6
       6
       6
       7
       5
       2
       3
       6
       0
       1
       0
       0
       0
       0
       1
       0
       1
       0
       0
       0
       0
       0
       0
       0
       0
       0
       0
       0
       1
       0
       0
       0
       0
       0
       0
       0
       0
       0
       0
       0
       0
       0
       0
       0
       0
       0
       1
       0
       0
       0
       1
       0
       0
       0
       0
       1
       0
       0
       0
       0
       0
       0
       0
       0
       0
       1
       0
       0
       0
       0
       0
       1
       0
       0
       0
       0
       0
       0
       0
       1
       0
       2
       0
       0
       1
       0
       0
       0
       0
       0
       0
       1
       0
       1
       0
       1
       0
       1
       0
       0
       0
       0
       0
       1
       0
       0
       0
       0
       0
       0
       1
       1
       0
       0
       0
       0
       0
       0
       0
       0
       0
       1
       1
       0
       0
       1
       1
       0
       0
       0
       0
       0
       0
       0
       0
       0
       1
       0
       0
       0
       0
       1
       0
       0
       0
       1
       0
       0
       0
       0
       0
       0
       0
       0
       1
       1
       0
       0
       0
       0
       0
       0
       0
       0
       0
       0
       1
       0
       0
       1
       0
       0
       0
       0
       0
       2
       0
       0
       0
       0
       0
       0
       0
       0
       0
       0
       0
       0
       0
       0
       0
       1
       0
       0
       0
       0
       0
       0
       0
       0
       0
       0
       0
       1
       0
       0
       0
       1
       0
       1
       0
       0
       0
       0
       2
       1
       0
       0
       0
       1
       0
       0
       0
       0
       0
       0
       0
       0
       0
       0
       0
       1
       0
       1
       0
       0
       0
       0
       0
       1
       0
       0
       0
       0
       1
       1
       0
       0
       1
       1
       0
       0
       0
       0
       0
       1
       0
       1
       0
       0
       0
       0
       0
       1
       1
       0
       0
       0
       0
       0
       0
       2
       0
       1
       0
       0
       0
       0
       0
       0
       0
       0
       0
       0
       1
       0
       0
       0
       1
       2
       1
       0
       0
       1
       1
       0
       0
       0
       0
       0
       0
       0
       0
       0
       0
       1
       0
       0
       0
       0
       1
       0
       1
       0
       0
       0
       0
       1
       2
       1
       1
       1
       2
       2
       1
       3
       2
       1
       0
       0
       0
       3
       2
       0
       0
       0
       0
       0
       0
       0
       0
       0
       1
       0
       0
       0
       0
       0
       0
       0
       0
       0
       0
       0
       0
       0
       0
       0
       0
       1
       0
       0
       0
       0
       0
       0
       0
       0
       0
       0
       0
       0
       0
       0
       0
       0
       0
       2
       0
       0
       0
       0
       1
       0
       0
       0
       0
       0
       0
       0
       0
       0
       0
       0
       0
       0
       0
       0
       0
       0
       0
       0
       0
       0
       0
       0
       0
       1
       0
       0
       1
       0
       0
       0
       0
       0
       1
       0
       0
       0
       0
       2
       0
       0
       0
       0
       0
       1
       0
       0
       0
       0
       0
       0
       0
       0
       0
       0
       0
       0
       0
       0
       0
       0
       0
       0
       0
       0
       1
       0
       0
       0
       0
       0
       0
       0
       0
       0
       0
       0
       1
       0
       0
       0
       0
       0
       0
       0
       1
       0
       1
       0
       1
       0
       1
       0
       0
       0
       0
       0
       0
       1
       0
       0
       0
       1
       1
       0
       0
       0
       0
       0
       0
       0
       0
       0
       0
       0
       0
       0
       0
       0
       1
       0
       1
       0
       0
       0
       0
       0
       0
       1
       0
       0
       1
       0
       0
       0
       0
       0
       0
       0
       1
       0
       0
       0
       0
       0
       0
       0
       1
       0
       1
       0
       0
       0
       0
       0
       0
       0
       1
       0
       0
       0
       0
       0
       0
       0
       0
       0
       1
       0
       1
       0
       1
       1
       0
       0
       1
       0
       0
       0
       0
       1
       0
       0
       0
       0
       1
       0
       1
       1
       0
       0
       0
       0
       0
       0
       1
       0
       0
       0
       0
       0
       0
       0
       0
       1
       0
       0
       0
       1
       0
       0
       0
       1
       0
       0
       0
       1
       0
       0
       0
       1
       0
       0
       0
       0
       0
       0
       1
       0
       0
       0
       0
       1
       0
       0
       0
       0
       0
       0
       0
       0
       0
       0
       0
       1
       1
       0
       0
       0
       0
       0
       0
       1
       2
       0
       0
       0
       0
       0
       1
       0
       0
       0
       0
       0
       0
       0
       0
       0
       0
       0
       0
       0
       0
       0
       0
       1
       0
       0
       0
       0
       0
       0
       1
       0
       0
       0
       1
       0
       0
       0
       1
       0
       1
       0
       0
       0
       1
       0
       0
       0
       0
       1
       0
       0
       0
       0
       0
       0
       0
       0
       0
       0
       0
       0
       0
       0
       0
       0
       0
       0
       0
       0
       0
       0
       0
       0
       0
       0
       0
       0
       0
       0
       0
       0
       1
       0
       0
       0
       0
       0
       0
       0
       0
       1
       0
       0
       0
       0
       0
       0
       0
       0
       1
       1
       0
       1
       0
       0
       1
       0
       0
       0
       0
       0
       1
       0
       0
       0
       0
       0
       1
       0
       0
       0
       0
       0
       0
       3
       1
       0
       0
       0
       1
       0
       1
       1
       0
       0
       0
       0
       0
       0
       0
       0
       0
       0
       0
       0
       0
       0
       0
       0
       0
       0
       0
       0
       0
       0
       0
       0
       0
       0
       0
       0
       0
       0
       0
       0
       0
       0
       1
       0
       0
       0
       0
       1
       0
       0
       0
       1
       0
       0
       0
       0
       1
       0
       1
       0
       0
       0
       0
       0
       0
       0
       0
       0
       0
       2
       0
       0
       0
       0
       0
       0
       1
       0
       1
       0
       0
       0
       0
       0
       1
       0
       0
       0
       0
       0
       0
       1
       0
       0
       1
       0
       0
       0
       0
       0
       0
       0
       0
       0
       1
       0
       1
       0
       0
       0
       0
       0
       0
       0
       0
       0
       0
       1
       0
       1
       0
       0
       0
       0
       0
       0
       0
       1
       0
       0
       1
       0
       0
       0
       1
       0
       1
       1
       0
       0
       0
       0
       0
       0
       0
       1
       0
       0
       0
       0
       0
       0
       0
       0
       0
       0
       1
       1
       0
       1
       0
       0
       0
       0
       0
       0
       0
       0
       0
       0
       0
       0
       1
       0
       0
       0
       0
       0
       0
       0
       0
       0
       0
       0
       0
       0
       0
       0
       0
       0
       1
       0
       0
       0
       0
       0
       1
       0
       0
       0
       0
       0
       0
       0
       0
       0
       1
       0
       0
       0
       0
       0
       0
       0
       0
       0
       0
       0
       0
       0
       0
       0
       0
       0
       0
       1
       0
       0
       0
       0
       0
       0
       0
       0
       0
       0
       0
       0
       0
       0
       0
       1
       0
       0
       0
       0
       1
       0
       0
       1
       0
       1
       0
       0
       0
       0
       0
       0
       0
       0
       0
       0
       0
       0
       0
       0
       0
       1
       0
       0
       0
       0
       0
       0
       1
       0
       0
       0
       0
       1
       0
       0
       0
       0
       0
       0
       0
       0
       0
       2
       0
       1
       0
       0
       0
       1
       1
       0
       0
       0
       0
       0
       0
       0
       0
       0
       0
       0
       0
       0
       0
       0
       0
       0
       0
       0
       0
       0
       0
       0
       0
       0
       0
       0
       0
       0
       1
       0
       0
       0
       0
       0
       0
       1
       0
       0
       0
       0
       0
       1
       0
       0
       0
       0
       0
       0
       0
       0
       1
       1
       0
       0
       0
       0
       1
       0
       0
       0
       0
       0
       1
       0
       0
       1
       0
       0
       1
       0
       0
       0
       0
       0
       0
       0
       0
       0
       0
       0
       0
       0
       0
       0
       0
       1
       0
       0
       0
       0
       0
       0
       1
       0
       0
       0
       1
       0
       0
       0
       1
       0
       0
       0
       0
       1
       0
       0
       1
       0
       0
       0
       0
       0
       0
       0
       0
       0
       0
       1
       0
       1
       0
       0
       0
       0
       0
       0
       0
       0
       0
       0
       0
       0
       0
       0
       0
       0
       0
       0
       2
       0
       0
       0
       0
       1
       0
       0
       1
       0
       0
       0
       0
       0
       0
       0
       0
       0
       0
       0
       0
       0
       1
       1
       0
       0
       0
       0
       0
       0
       0
       0
       0
       0
       0
       0
       0
       0
       1
       0
       0
       0
       0
       0
       0
       0
       0
       0
       0
       0
       0
       0
       0
       1
       0
       0
       0
       0
       1
       0
       0
       0
       2
       1
       0
       0
       0
       0
       0
       0
       0
       0
       0
       0
       0
       0
       0
       2
$ROI:
11
224 244
765 907
1350 1411
1828 1908
2525 2667
2716 2799
3716 3817
4331 4427
4564 4622
5085 5259
5690 5768
$PRESETS:
Live Time
600
0
$ENER_FIT:
0.053689 0.255148
$MCA_CAL:
3
5.368913E-002 2.551478E-001 -1.853380E-009 keV
$SHAPE_CAL:
3
6.992400E+000 7.812671E-004 -3.508660E-008
