$SPEC_ID:
No sample description was entered.
$SPEC_REM:
DET# 1
DETDESC# GMX20P4 HPGe
AP# Maestro Version 7.01
$DATE_MEA:
11/27/2018 13:47:18
$MEAS_TIM:
600 602
$DATA:
0 8191
       0
       0
       0
       0
       0
       0
       0
       0
       0
       0
       0
       0
       0
       0
       0
       0
       0
       0
       0
       0
       0
       0
       0
       0
       0
       0
       0
       0
       0
       0
       0
       0
       0
       0
       0
       0
       0
       0
       0
       0
       0
       0
       0
       0
       0
       0
       0
       0
       5
      14
      56
      69
      79
      83
      94
      81
      90
      98
      93
      73
      99
     101
      88
      94
     103
      98
     112
     112
      96
     119
     116
     132
     145
     162
     191
     158
     191
     224
     267
     271
     280
     322
     287
     294
     262
     182
     185
     140
     154
     128
     122
     127
     158
     169
     189
     175
     200
     220
     238
     223
     226
     259
     307
     325
     339
     383
     495
     567
     669
     780
     859
     992
    1090
    1317
    1588
    2221
    2939
    3921
    4917
    5584
    5887
    5784
    5224
    4268
    3056
    2232
    1389
     916
     609
     447
     444
     496
     607
     846
    1106
    1224
    1356
    1465
    1318
    1159
     947
     734
     502
     367
     267
     176
     140
      90
      89
      73
      86
     105
      82
      71
      80
      83
      87
      80
      74
      81
      82
      91
      68
      74
      66
      90
     103
      83
      78
      85
      93
      97
      99
     104
      99
     124
      85
     102
     100
      93
      92
     102
     104
      96
     102
     104
      94
     115
      88
     101
     109
     110
     112
     101
      96
     106
     136
     111
     109
     121
     124
     133
     132
     182
     196
     233
     245
     281
     244
     250
     223
     220
     190
     149
     136
     127
     141
     140
     120
     147
     146
     114
     144
     125
     120
     134
     137
     132
     133
     127
     151
     141
     153
     176
     165
     172
     149
     173
     184
     214
     178
     195
     194
     202
     174
     214
     217
     185
     199
     216
     193
     220
     220
     189
     207
     232
     215
     237
     251
     240
     258
     261
     252
     282
     265
     252
     254
     282
     256
     267
     261
     264
     266
     263
     234
     259
     268
     256
     243
     238
     274
     243
     243
     245
     218
     232
     226
     200
     231
     191
     230
     208
     271
     235
     228
     246
     207
     221
     222
     214
     219
     229
     186
     229
     215
     219
     272
     239
     314
     345
     501
     644
     937
    1214
    1600
    1941
    2234
    2395
    2280
    1985
    1615
    1210
     796
     505
     350
     240
     187
     144
     124
     149
     143
     125
     147
     126
     115
     130
     124
     133
     140
     124
     135
     127
     126
     157
     145
     137
     139
     130
     146
     129
     126
     121
     139
     128
     144
     120
     134
     128
     144
     151
     156
     140
     152
     148
     158
     138
     137
     128
     117
     130
     146
     138
     127
     122
     137
     131
     102
     143
     137
     133
     119
     137
     123
     142
     136
     159
     142
     128
     157
     126
     131
     135
     127
     129
     129
     128
     122
     125
     134
     131
     147
     131
     120
     122
     127
     127
     121
     116
     165
     150
     142
     137
     118
     133
     126
     150
     135
     143
     125
     129
     125
     121
     122
     158
     117
     133
     124
     142
     142
     142
     116
     134
     137
     125
      97
     125
     129
     136
     147
     124
     121
     126
     126
     137
     137
     122
     104
     124
     132
     114
     125
     131
     105
     130
     117
     119
     131
     125
     147
     131
     142
     122
     120
      92
     118
     107
     128
     143
     114
     103
     135
     122
     125
     124
     112
     110
     114
     139
     119
     116
     116
     121
     127
     117
     114
     117
     112
     121
     113
     132
     108
     131
     107
     120
     122
     124
      94
     132
     112
     119
     119
     124
     107
     121
     103
     117
     114
     112
     141
     111
     129
     124
     118
     104
      98
     106
     139
     125
     105
     124
     109
     120
     121
     123
     132
     131
     113
     111
     113
     117
     113
     101
     121
     110
     129
     100
      99
      98
     127
     125
     107
     117
     125
      93
     104
     125
     141
     109
      99
     117
     110
     129
     105
     105
     111
     110
     125
     122
     108
      95
      97
      99
     120
     127
     117
     107
     129
     120
     107
     131
     111
     103
     121
     120
     121
     113
     101
     111
     124
     122
     111
      91
     127
     109
     133
      94
     108
     117
     130
     132
     131
     132
     110
     114
      87
     130
     124
     117
     122
     119
     113
      94
     122
     121
     112
     133
     110
     103
     101
     104
     131
     124
     130
     113
     111
     115
     111
      94
      97
      88
     109
     115
     131
     100
     116
     126
     135
     122
     134
     158
     121
     159
     165
     137
     130
     101
     107
     112
     120
     107
     106
     107
     114
      86
      99
     112
      96
     102
     121
     106
      99
      99
      96
     113
      98
      86
     101
      91
      96
      97
      82
      95
      98
      91
      98
      99
     100
      95
      84
     107
     124
      96
      83
      95
      90
      90
     112
      88
      93
      92
      82
     100
      98
      85
      85
      91
     109
      85
      92
      96
      90
     104
      98
      92
      93
     109
      97
     102
      71
      91
      98
      86
      93
     105
      95
     101
     110
     122
      81
      97
      91
     100
     105
     112
      95
      84
     106
      78
      96
      91
      93
     107
      89
     101
      99
      87
      98
      92
     118
     105
     107
      97
      95
      98
     100
     106
     105
     119
     100
      89
      92
      94
     100
      96
      90
      71
      78
     104
      86
      86
      93
      75
      99
      82
     102
      95
      87
      85
      88
      77
      96
      78
      85
      90
      93
      79
      99
      91
      94
      95
      91
      80
      89
      88
      84
      90
      88
      97
      92
      99
      85
      93
      89
      86
      84
      83
      88
      86
      99
      76
      72
      69
      89
     101
      71
      78
      84
      95
     105
      67
      93
      81
      88
     101
      76
      91
      81
      75
      76
      73
      86
      95
      80
      96
      84
      79
      74
      79
      91
      71
      64
      73
      86
      69
      77
      77
      64
      79
      68
      82
      61
      81
      62
      74
      70
      66
      74
      74
      70
      71
      63
      59
      73
      80
      55
      53
      59
      69
      60
      73
      77
      73
      51
      59
      71
      45
      64
      46
      60
      69
      53
      67
      46
      45
      42
      57
      67
      48
      66
      79
      66
      68
      62
      65
      57
      69
      68
      67
      60
      67
      63
      60
      71
      60
      44
      65
      45
      56
      52
      46
      54
      49
      52
      58
      52
      56
      51
      47
      52
      54
      52
      60
      59
      55
      53
      60
      50
      60
      44
      42
      50
      45
      58
      47
      51
      46
      60
      60
      48
      40
      32
      41
      38
      42
      47
      46
      42
      51
      51
      39
      43
      48
      64
      56
      75
      85
      69
      63
      66
      68
      48
      51
      52
      56
      38
      52
      40
      54
      52
      53
      35
      45
      40
      44
      41
      24
      48
      36
      45
      37
      44
      46
      34
      37
      36
      45
      37
      36
      45
      36
      43
      36
      39
      44
      46
      40
      46
      36
      30
      43
      37
      33
      36
      30
      29
      34
      33
      23
      35
      38
      22
      32
      42
      35
      30
      41
      38
      36
      43
      36
      33
      42
      28
      29
      46
      32
      44
      40
      34
      45
      37
      29
      30
      26
      40
      28
      33
      27
      41
      35
      34
      28
      39
      45
      36
      28
      40
      35
      29
      29
      29
      34
      33
      24
      32
      38
      27
      38
      38
      30
      33
      34
      32
      32
      25
      37
      37
      44
      25
      31
      29
      33
      24
      27
      36
      34
      22
      24
      41
      31
      28
      27
      24
      32
      24
      40
      20
      25
      27
      35
      33
      35
      29
      34
      49
      41
      42
      66
      95
     133
     145
     200
     253
     273
     282
     240
     226
     165
     125
      86
      51
      44
      46
      35
      27
      31
      21
      37
      22
      33
      34
      29
      33
      24
      19
      24
      20
      28
      25
      34
      26
      23
      23
      16
      21
      20
      22
      26
      24
      24
      22
      27
      23
      20
      13
      33
      30
      13
      24
      23
      10
      20
      23
      28
      16
      23
      18
      23
      21
      24
      29
      22
      22
      26
      21
      27
      21
      26
      21
      17
      24
      22
      33
      32
      25
      28
      33
      35
      30
      41
      32
      16
      29
      27
      29
      27
      34
      25
      23
      19
      23
      24
      25
      32
      23
      25
      29
      27
      53
      60
      78
     154
     202
     278
     373
     469
     534
     598
     578
     485
     377
     268
     199
     141
      73
      53
      32
      27
      19
      25
      18
      17
      16
      21
      23
      14
      17
      24
      14
      15
      16
      19
      14
      22
      19
      18
      18
      14
      22
      19
      19
      19
      21
      20
      20
       8
      17
      20
      16
      21
      19
      15
      14
      15
      17
      25
      18
      16
      22
      14
      20
      18
      12
      16
      14
      17
      21
      21
      18
      14
      28
      12
      12
      14
      14
      15
      16
       8
      17
       6
      20
      12
      19
      19
      14
      22
      16
      23
      15
      26
      13
      16
      15
      17
      22
      15
      12
      10
       8
      21
      15
      15
      19
      24
      13
      21
      21
      22
      19
      20
      18
      14
      25
      10
      12
      12
      17
      17
      15
      13
      16
      15
      15
      11
       6
      14
      25
      20
      17
      16
      19
      15
      17
       9
      21
      12
      11
       9
      17
      11
      12
      13
      16
      12
      27
      22
      17
      23
      23
      13
      14
      19
      13
       7
      19
      16
      15
      11
      16
      13
      13
      15
      13
      18
      16
      15
      18
      10
      15
      11
      16
      14
      13
       8
      16
      16
      18
       6
      16
       9
      14
      15
      17
       7
      20
       7
      14
      10
      13
      12
      13
      12
      19
      16
      17
      24
      30
      26
      30
      34
      49
      37
      30
      29
      43
      48
      58
     120
     199
     318
     500
     743
    1028
    1376
    1461
    1607
    1490
    1388
    1106
     813
     570
     362
     222
     101
      52
      33
      22
      22
       6
       5
       7
      10
       7
      11
       5
      10
       6
      12
       5
       9
      14
      10
       8
       7
      13
      10
       6
      13
      13
       9
       7
      11
      10
       7
      13
       9
      14
       9
       7
      13
      11
       7
       9
      10
      12
      10
       8
       8
       5
       5
       6
      11
      10
       8
       8
       4
       4
      14
       9
       8
      11
      11
      12
       6
      13
       9
       3
      13
       2
       5
       7
      10
      12
      11
       9
       8
       7
       8
       9
       6
      11
       9
       9
      10
      16
       7
      10
       5
       7
       5
       9
      14
       7
      14
       8
      22
      15
      46
      64
      80
     105
     167
     163
     185
     238
     215
     179
     140
     120
      82
      68
      38
      21
      16
      14
      13
      11
       9
       8
       6
      11
      13
      15
      17
       6
      12
       7
       9
      10
       6
       7
      11
      15
      11
       8
      14
       7
       4
      14
      10
      12
      12
       8
       5
       5
       2
       7
      11
      13
       6
       9
      12
       6
       9
       6
       7
       7
       4
      10
       6
       6
       6
       5
       9
       8
       5
       7
      12
       5
       9
      12
       9
       6
       6
       9
      13
       9
       9
       5
       2
       6
       6
      10
       8
       9
       4
       3
       7
       4
       5
       7
       2
      14
       8
       5
       9
       8
       6
       5
      11
       8
       6
       9
      13
       9
      12
       7
       2
      13
       7
       5
       6
       5
       7
       8
       6
       6
      13
       6
       5
       4
       3
       8
      10
       8
      13
       7
       9
       8
       1
       5
       8
      12
       4
       7
       5
      11
       8
       5
       7
       3
       8
       5
       6
       5
       7
       7
       6
      11
       4
       2
       8
       6
       4
       9
      10
       7
       8
       4
       5
      13
      10
       9
       5
       9
       6
      11
       9
       2
      12
       7
       4
       7
      10
       7
       6
       5
       6
       8
       6
       5
       7
       4
       1
       6
       5
       5
       5
       4
       3
       8
       4
       6
       7
       6
       7
       1
      15
       4
       6
       5
       3
       5
       9
       5
       5
       8
      10
       7
       6
       3
      11
      10
       8
       9
      11
       5
       5
       8
       6
       6
       7
       4
       5
       4
       7
       5
       7
       6
       4
       6
       4
       9
       6
      10
       9
       6
       5
       6
       4
       7
       7
       0
       7
       6
       4
       4
       9
       6
       9
       6
       8
       7
       4
       6
       2
       2
       4
       9
       5
       6
       5
       8
       4
      11
       8
       5
       9
       5
       7
       6
       8
       5
       3
       6
       3
       7
       7
      10
       7
       9
       6
       3
       4
       4
       5
       4
       2
       8
      12
       7
       7
       9
       3
      10
       7
       4
       7
       6
      10
       5
       4
       5
       3
       5
       3
       8
      10
       1
       7
       7
      12
       6
      12
       9
      11
       7
       7
       7
       7
       7
       5
       4
       6
       2
       5
       6
       7
       8
       3
       8
       7
       4
       4
      10
      10
       9
       9
      12
       5
       5
       5
       6
       5
       4
      11
       6
       2
      11
       4
       4
       6
       6
       5
       5
       5
       4
       4
       7
       7
       9
       9
       4
       5
       5
       4
       8
       6
       6
       6
       5
       5
       5
       5
       3
       1
       5
       5
       9
       9
       6
       3
       5
       5
       4
       6
       5
       5
       3
       6
       2
       4
       7
       7
       9
       7
       6
       8
       4
       5
       6
       6
       2
       7
       7
       9
       7
       4
       6
       8
       5
       5
       9
       6
       3
       7
       2
       8
       6
       7
       6
       2
       4
       4
       4
       3
       3
       6
       2
       8
       3
       6
       6
       6
       5
       6
       2
       7
       4
       5
       5
       2
       1
       3
       3
      13
       6
       3
       4
       7
       4
       3
       2
       4
       1
       1
       1
       2
       3
       5
       6
       3
       4
       4
       3
       2
       3
       5
       6
       4
       6
       1
       6
       5
       8
       5
       3
       5
       5
       6
       4
       5
       7
       6
      10
       3
       1
       3
       6
       4
       8
       7
       0
       7
       6
       2
       9
       9
       5
       5
       9
      13
      11
      13
      12
      10
      11
       6
       7
       4
       6
       3
       3
       4
       7
       7
       8
       4
       6
       8
       3
       4
       8
       4
       7
       5
       4
       1
       2
       4
       3
       3
       6
       2
       5
       8
       1
       6
       2
       2
       4
       4
       5
       8
      12
       5
       8
       5
       5
       6
       6
       2
       3
       5
       3
       9
       5
       2
       1
       4
       5
       5
       7
       2
       3
       2
       5
       4
       5
       7
       4
       6
       4
       4
       2
       4
       2
       3
       4
       4
       3
       5
       3
       7
       4
       2
       0
       3
       6
       6
       4
       0
       4
       3
       2
       3
       3
       5
      10
       4
       1
       5
       2
       3
       3
       8
       5
       4
       4
       6
       3
       4
       8
       5
       4
       7
       2
       4
       2
       8
       5
       4
      11
       7
       3
      10
       6
       6
       3
       4
       7
       6
       5
       4
       0
       4
       3
       6
       2
       2
       5
       5
       6
       4
       7
       6
       4
       3
       3
       7
       7
       4
       6
       1
       3
       2
       1
       4
       6
       3
       3
       4
       3
       4
       6
       3
       6
       4
       7
       3
       4
       4
       2
       4
       3
       4
       7
       1
       3
       5
       7
       1
       5
       4
       3
       3
       6
       8
       7
       4
       3
       5
       4
       1
       7
       2
       0
       7
       3
       3
       1
       5
       4
       5
       5
       3
       6
       1
       3
       4
       4
       8
       3
       2
       3
       8
       7
       3
       2
       2
       2
       8
       2
       5
       3
       6
       4
       5
       2
       2
       3
       6
       4
       2
       1
      11
       5
       4
       5
       4
       2
       7
       4
       4
       7
       2
       5
       8
       3
       7
       0
       4
       3
       2
       0
       5
       5
       4
       2
       3
       5
       7
       8
       3
       3
       7
       4
       4
       3
       3
       1
       1
       6
       3
       4
       3
       2
       1
       4
       4
       7
      11
       7
       7
      13
      15
      12
      12
      13
       8
       8
       7
       6
       5
       3
       7
       5
       1
       4
       6
       3
       2
       3
       3
       7
       4
       3
       6
       8
       3
       6
       3
       2
       2
       5
       1
       6
       4
       4
       2
       4
       4
       3
       4
       3
       2
       1
       3
       4
       6
       1
       1
       2
       4
       3
       1
       1
       5
       5
       2
       3
       3
       4
       0
       7
       3
       5
       2
       2
       4
       1
       4
       2
       4
       4
       4
       4
       0
       4
       2
       3
       5
       4
       4
       2
       6
       2
       3
       2
       4
       2
       1
       4
       6
       4
       3
       3
       4
       5
       5
      10
       7
       7
      17
      22
      16
      27
      23
      34
      35
      26
      16
      11
      10
       4
       4
       9
       6
       7
       4
       3
       0
       5
       2
       2
       1
       1
       8
       4
       2
       5
       3
       4
       5
       2
       4
       4
       2
       5
       6
       5
       4
       2
       4
       1
       1
       1
       3
       0
       2
       4
       1
       5
       0
       2
       0
       4
       3
       2
       2
       3
       5
       5
       3
       3
       3
       4
       4
       3
       4
       3
       3
       5
       3
       3
       1
       0
       4
       2
       4
       4
       2
       1
       3
       3
       5
       6
       3
       5
       0
       5
       1
       3
       2
       2
       5
       1
       3
       1
       3
       2
       2
       2
       1
       0
       3
       3
       6
       2
       5
       0
       3
       4
       6
       4
       2
       3
       3
       2
       5
       0
       1
       2
       3
       6
       1
       2
       5
       3
       2
       3
       1
       5
       3
       8
       6
       4
       0
       6
       2
       5
       3
       3
       3
       2
       6
       3
       3
       4
       6
       1
       2
       3
       3
       5
       2
       4
       0
       8
       5
       6
       3
       7
       2
       4
       5
       2
       2
       3
       5
       5
       0
       1
       4
       6
       7
       1
       1
       1
       3
       9
       2
       2
       2
       3
       4
       3
       4
       3
       4
       2
       1
       1
       2
       5
       0
       0
       4
       3
       2
       2
       3
       2
       2
       5
       3
       4
       8
       8
      13
       6
      17
      13
      17
      16
       7
       6
       8
       7
       5
       4
       3
       8
       2
       3
       4
       3
       2
       5
       5
       4
       5
       1
       6
       8
       6
       4
       3
       1
       2
       3
       1
       4
       2
       4
       2
       1
       3
       6
       4
       4
       4
       5
       1
       3
       1
       2
       3
       4
       6
       0
       1
       3
       0
       2
       4
       2
       5
       3
       5
       3
       2
       1
       1
       3
       5
       3
       2
       3
      10
       3
       2
       3
       3
       3
       1
       1
       4
       1
       5
       5
       2
       3
       4
       4
       3
       4
       3
       2
       6
       5
       4
       3
       2
       3
       2
       2
       2
       2
       2
       1
       5
       4
       2
       2
       2
       0
       4
       0
       5
       4
       6
       0
       1
       1
       4
       2
       4
       3
       5
       9
       3
       3
       3
       2
       6
       4
       5
       8
       2
       0
       3
       1
       4
       5
       1
       4
       5
       2
       3
       2
       5
       2
       2
       4
       3
       1
       1
       2
       5
       2
       3
       5
       4
       5
       4
       1
       2
       2
       3
       0
       3
       1
       3
       2
       6
       2
       3
       2
       1
       1
       5
       4
       9
       2
       4
       3
       1
       4
       3
       0
       4
       1
       3
       4
       4
       4
       2
       5
       3
       6
       3
       1
       2
       3
       3
       1
       3
       1
       1
       0
       2
       1
       1
       3
       4
       3
       5
       3
       5
       4
       1
       2
       1
       4
       5
       1
       2
       2
       4
       3
       4
       4
       1
       0
       2
       4
       3
       3
       4
       2
       0
       4
       3
       1
       0
       2
       1
       1
       1
       0
       5
       0
       1
       4
       0
       1
       7
       4
       2
       2
       4
       2
       3
       3
       3
       2
       3
       3
       1
       2
       4
       2
       3
       2
       2
       1
       4
       4
       1
       3
       1
       0
       4
       4
       3
       1
       3
       3
       3
       3
       4
       2
       2
       2
       6
       2
       3
       3
       4
       2
       1
       3
       2
       3
       4
       2
       0
       3
       2
       3
       1
       1
       2
       1
       2
       2
       3
       0
       1
       3
       2
       1
       5
       4
       2
       5
       3
       3
       3
       2
       1
       1
       1
       1
       2
       1
       3
       1
       1
       3
       1
       2
       2
       6
       3
       6
       4
       8
       5
       3
       1
       3
       2
       6
       3
       1
       3
       5
       0
       0
       0
       3
       3
       1
       0
       6
       2
       1
       4
       1
       1
       1
       7
       4
       2
       2
       2
       5
       1
       6
       4
       6
       3
       1
       2
       1
       3
       3
       2
       4
       5
       3
       1
       5
       1
       2
       2
       2
       4
       2
       3
       6
       3
       2
       2
       3
       6
       1
       1
       4
       4
       1
       1
       1
       2
       5
       2
       3
       2
       3
       3
       3
       2
       4
       3
       2
       5
       4
       6
       5
       3
       8
       4
       1
       1
       4
       1
       3
       1
       6
       3
       1
       1
       1
       1
       0
       2
       2
       2
       2
       2
       3
       2
       1
       3
       0
       4
       1
       4
       3
       5
       2
       1
       2
       1
       3
       3
       2
       3
       4
       1
       3
       2
       2
       4
       3
       2
       1
       2
       5
       1
       4
       0
       3
       1
       1
       3
       3
       3
       2
       1
       2
       2
       3
       2
       2
       2
       3
       2
       2
       4
       1
       4
       1
       1
       0
       3
       2
       2
       4
       3
       1
       2
       0
       4
       4
       2
       0
       2
       4
       3
       2
       3
       3
       1
       2
       2
       2
       2
       2
       1
       2
       3
       4
       1
       8
       1
       4
       8
       2
       1
       4
       1
       3
       1
       2
       2
       2
       3
       1
       2
       3
       2
       1
       2
       6
       2
       4
       5
       2
       2
       0
       3
       3
       5
       3
       1
       1
       3
       9
       2
       2
       2
       4
       0
       5
       1
       3
       4
       3
       2
       1
       1
       4
       1
       6
       1
       4
       2
       2
       2
       1
       0
       4
       6
       0
       1
       2
       3
       1
       3
       2
       0
       1
       2
       3
       1
       3
       1
       2
       4
       3
       0
       2
       1
       0
       2
       0
       2
       2
       1
       2
       1
       1
       2
       1
       0
       1
       2
       3
       1
       3
       1
       4
       0
       2
       4
       2
       1
       0
       1
       5
       1
       0
       2
       1
       2
       2
       1
       2
       2
       1
       2
       3
       3
       2
       3
       1
       5
       3
       1
       5
       0
       0
       1
       4
       2
       4
       1
       0
       3
       3
       2
       0
       3
       3
       2
       4
       1
       3
       2
       3
       3
       0
       1
       0
       2
       0
       4
       3
       2
       3
       2
       3
       3
       1
       3
       2
       3
       1
       5
       0
       1
       3
       1
       0
       3
       8
       3
       5
       1
       0
       1
       5
       1
       6
       1
       2
       3
       1
       1
       2
       2
       3
       3
       6
       1
       3
       5
       2
       1
       0
       1
       2
       3
       1
       1
       5
       3
       0
       2
       1
       1
       0
       2
       3
       2
       1
       8
       0
       1
       3
       1
       1
       0
       3
       4
       0
       1
       1
       1
       4
       3
       1
       4
       2
       0
       2
       0
       0
       2
       0
       6
       2
       2
       2
       3
       4
       2
       2
       1
       1
       2
       1
       2
       2
       5
       2
       1
       4
       3
       2
       2
       3
       5
       1
       2
       2
       4
       4
       2
       4
       4
       0
       2
       4
       3
       1
       1
       3
       1
       0
       4
       2
       2
       2
       1
       1
       3
       1
       2
       0
       3
       0
       3
       5
       1
       3
       0
       1
       3
       2
       2
       2
       0
       3
       3
       3
       4
       2
       2
       1
       3
       4
       2
       1
       5
       4
       0
       0
       3
       1
       2
       4
       0
       3
       1
       2
       2
       2
       4
       4
       0
       2
       0
       3
       3
       1
       0
       2
       0
       3
       1
       2
       1
       1
       3
       1
       2
       1
       2
       1
       0
       2
       0
       1
       3
       0
       2
       2
       4
       0
       2
       2
       5
       2
       1
       2
       3
       1
       1
       3
       3
       4
       4
       3
       1
       1
       4
       0
       2
       1
       2
       2
       2
       0
       3
       1
       2
       0
       1
       4
       2
       2
       1
       4
       0
       1
       2
       2
       1
       1
       2
       3
       0
       0
       3
       2
       6
       2
       2
       3
       2
       2
       0
       2
       2
       1
       2
       2
       1
       2
       2
       1
       2
       3
       1
       2
       4
       1
       3
       1
       0
       0
       3
       0
       3
       3
       1
       4
       1
       2
       3
       3
       1
       3
       1
       0
       3
       2
       0
       3
       3
       2
       3
       5
       3
       6
       6
       0
       4
       4
       8
       6
       6
       6
       3
       4
       1
       3
       1
       6
       3
       3
       2
       2
       1
       2
       3
       1
       1
       2
       3
       2
       1
       0
       3
       1
       1
       2
       1
       5
       1
       1
       3
       4
       1
       1
       2
       2
       2
       2
       0
       2
       2
       2
       1
       2
       1
       4
       1
       1
       3
       0
       4
       1
       1
       0
       0
       3
       2
       2
       5
       2
       3
       1
       1
       2
       0
       2
       1
       4
       0
       2
       1
       2
       2
       1
       2
       3
       1
       2
       1
       1
       4
       4
       5
       3
       4
       4
       2
       0
       4
       6
       3
       1
       3
       5
       2
       4
       6
       1
       0
       0
       2
       0
       1
       1
       2
       0
       1
       2
       0
       3
       3
       0
       0
       1
       1
       2
       2
       0
       1
       0
       2
       2
       6
       3
       2
       1
       3
       2
       1
       0
       6
       3
       3
       2
       1
       1
       1
       2
       2
       2
       2
       3
       2
       2
       1
       0
       1
       4
       3
       4
       1
       2
       1
       2
       4
       3
       2
       2
       1
       1
       1
       1
       0
       2
       3
       1
       1
       2
       2
       3
       1
       1
       0
       0
       4
       1
       1
       0
       0
       1
       2
       3
       1
       1
       1
       0
       2
       3
       2
       2
       2
       1
       4
       4
       0
       0
       1
       0
       2
       3
       1
       2
       1
       4
       3
       6
       3
       4
       1
       4
       2
       2
       1
       1
       0
       3
       3
       4
       2
       2
       3
       2
      10
       6
       8
       7
       0
       4
       3
       2
       1
       1
       2
       4
       2
       1
       4
       1
       1
       3
       3
       1
       1
       1
       1
       2
       2
       5
       4
       3
       3
       3
       1
       1
       0
       1
       1
       2
       0
       1
       1
       3
       2
       3
       4
       1
       0
       3
       2
       0
       2
       1
       2
       0
       4
       2
       4
       2
       1
       2
       0
       5
       4
       3
       3
       2
       1
       3
       1
       3
       0
       0
       0
       3
       1
       1
       2
       0
       1
       4
       1
       1
       2
       2
       3
       4
       2
       1
       3
       0
       3
       1
       0
       1
       1
       0
       1
       3
       2
       2
       2
       2
       4
       0
       0
       0
       0
       3
       2
       2
       1
       1
       3
       2
       1
       2
       3
       3
       1
       1
       0
       2
       2
       1
       5
       1
       2
       2
       2
       2
       2
       1
       0
       2
       1
       0
       1
       0
       2
       2
       1
       4
       4
       0
       3
       4
       2
       1
       3
       5
       3
       0
       1
       0
       2
       2
       3
       2
       1
       2
       1
       2
       1
       4
       1
       3
       2
       6
       2
       0
       4
       1
       4
       2
       1
       1
       1
       2
       1
       1
       3
       1
       1
       2
       3
       5
       2
       2
       0
       2
       1
       1
       4
       0
       1
       3
       1
       1
       1
       2
       0
       2
       1
       0
       1
       2
       1
       1
       2
       0
       2
       3
       3
       5
       2
       2
       2
       2
       2
       1
       1
       3
       2
       4
       1
       3
       3
       4
       0
       1
       3
       1
       2
       1
       2
       1
       1
       1
       0
       0
       2
       3
       0
       4
       3
       2
       0
       3
       1
       2
       1
       1
       1
       0
       0
       1
       1
       2
       2
       2
       2
       3
       2
       3
       2
       3
       3
       2
       0
       0
       1
       3
       1
       2
       1
       1
       2
       1
       1
       1
       0
       1
       0
       1
       0
       1
       1
       3
       2
       0
       0
       2
       1
       1
       1
       1
       4
       0
       7
       0
       3
       2
       0
       2
       2
       1
       2
       3
       3
       0
       0
       0
       0
       2
       1
       2
       0
       1
       1
       0
       1
       1
       0
       0
       2
       2
       3
       2
       3
       1
       0
       3
       1
       2
       2
       1
       0
       2
       1
       1
       0
       1
       1
       4
       1
       2
       1
       2
       1
       5
       2
       0
       2
       0
       4
       1
       1
       2
       2
       3
       2
       4
       2
       1
       3
       1
       1
       2
       1
       0
       3
       1
       2
       1
       0
       2
       2
       2
       1
       2
       1
       1
       2
       2
       0
       0
       1
       0
       1
       3
       2
       2
       0
       0
       2
       3
       1
       2
       2
       1
       1
       2
       2
       0
       2
       1
       1
       3
       2
       0
       0
       1
       3
       0
       3
       2
       1
       2
       1
       1
       0
       1
       2
       0
       2
       4
       2
       2
       2
       1
       2
       1
       1
       0
       1
       1
       1
       3
       3
       1
       2
       2
       0
       1
       1
       1
       3
       4
       1
       2
       3
       2
       1
       0
       0
       2
       1
       1
       0
       0
       3
       2
       3
       1
       1
       0
       2
       2
       1
       3
       3
       2
       1
       3
       1
       0
       0
       1
       1
       2
       1
       2
       2
       2
       2
       2
       1
       3
       1
       1
       0
       2
       0
       1
       0
       2
       0
       0
       4
       2
       0
       1
       4
       0
       1
       2
       0
       7
       2
       5
       3
       1
       1
       1
       1
       4
       6
       0
       2
       0
       2
       2
       0
       2
       0
       3
       1
       1
       1
       3
       2
       0
       1
       0
       3
       1
       0
       1
       2
       1
       3
       0
       0
       0
       2
       0
       2
       0
       0
       1
       4
       2
       0
       5
       3
       3
       1
       0
       0
       3
       2
       3
       1
       2
       1
       0
       1
       1
       0
       2
       1
       7
       2
       1
       1
       0
       2
       0
       1
       0
       2
       2
       1
       0
       1
       1
       3
       5
       2
       7
       5
       6
       8
       4
       9
       5
       9
       8
       5
       4
       3
       3
       6
       3
       6
       0
       4
       0
       3
       2
       4
       1
       2
       2
       1
       3
       1
       0
       2
       1
       0
       3
       3
       1
       2
       1
       3
       2
       3
       1
       4
       2
       1
       0
       0
       2
       2
       1
       2
       2
       0
       1
       5
       2
       5
       1
       3
       5
       2
       3
       1
       3
       2
       2
       1
       5
       3
       2
       0
       3
       3
       4
       2
       3
       3
       2
       2
       1
       1
       0
       1
       0
       5
       0
       1
       1
       3
       1
       0
       1
       1
       2
       2
       0
       2
       1
       3
       0
       1
       2
       2
       2
       0
       5
       1
       2
       3
       1
       3
       2
       2
       1
       2
       3
       0
       1
       2
       2
       2
       2
       1
       2
       1
       3
       3
       1
       1
       2
       3
       4
       1
       0
       1
       1
       2
       2
       2
       2
       0
       1
       4
       1
       3
       4
       4
       4
       2
       3
       1
       4
       2
       1
       3
       2
       1
       3
       0
       4
       2
       1
       1
       3
       1
       2
       0
       3
       4
       1
       1
       1
       0
       0
       2
       3
       2
       0
       2
       2
       9
       1
       1
       1
       0
       0
       1
       0
       1
       0
       2
       3
       1
       3
       3
       1
       2
       4
       0
       1
       1
       2
       1
       7
       2
       2
       1
       0
       3
       1
       2
       3
       3
       1
       0
       1
       2
       3
       1
       0
       2
       2
       1
       3
       1
       2
       1
       3
       1
       0
       2
       2
       3
       2
       2
       1
       2
       1
       0
       2
       1
       2
       3
       0
       1
       1
       2
       0
       1
       2
       2
       3
       0
       4
       0
       1
       1
       4
       4
       1
       1
       1
       2
       2
       1
       1
       0
       4
       2
       1
       1
       3
       1
       1
       1
       3
       2
       1
       1
       1
       2
       0
       4
       1
       0
       3
       2
       1
       2
       1
       2
       1
       1
       0
       3
       2
       2
       3
       0
       1
       2
       2
       1
       2
       0
       0
       3
       0
       4
       0
       2
       2
       5
       2
       1
       1
       0
       3
       2
       2
       0
       3
       2
       1
       2
       2
       1
       1
       3
       2
       5
       2
       5
       4
       0
       4
       2
       2
       3
       2
       5
       1
       2
       5
       3
       1
       5
       2
       4
       2
       3
       2
       3
       4
       2
       4
       2
       3
       2
       1
       1
       3
       6
       1
       1
       0
       2
       2
       2
       1
       1
       1
       2
       3
       0
       3
       3
       2
       1
       1
       2
       0
       2
       6
       1
       1
       2
       2
       1
       4
       1
       1
       1
       2
       1
       1
       2
       4
       2
       3
       1
       3
       3
       3
       3
       4
       1
       0
       1
       6
       1
       3
       2
       3
       1
       1
       1
       1
       2
       6
       2
       0
       0
       1
       3
       0
       2
       0
       2
       2
       2
       3
       2
       2
       1
       0
       0
       3
       2
       0
       0
       3
       0
       3
       2
       2
       5
       4
       2
       2
       1
       3
       1
       4
       3
       4
       2
       0
       0
       5
       2
       1
       0
       4
       0
       4
       6
       2
       4
       6
       6
       4
       3
       5
       3
       3
       2
       2
       1
       1
       2
       1
       1
       0
       1
       2
       0
       3
       0
       1
       1
       2
       1
       1
       0
       5
       1
       1
       2
       1
       2
       0
       0
       2
       2
       0
       1
       5
       3
       1
       0
       2
       0
       1
       0
       2
       1
       0
       3
       2
       2
       6
       1
       1
       1
       3
       2
       2
       0
       0
       1
       2
       1
       0
       2
       2
       0
       1
       1
       3
       1
       0
       0
       1
       2
       2
       2
       4
       1
       1
       2
       2
       1
       2
       1
       3
       0
       1
       1
       1
       0
       3
       3
       1
       0
       0
       0
       3
       2
       4
       0
       0
       0
       0
       1
       0
       1
       1
       2
       2
       0
       1
       2
       1
       0
       0
       2
       2
       1
       0
       3
       0
       2
       2
       2
       1
       3
       1
       0
       1
       0
       1
       2
       1
       0
       0
       3
       1
       4
       0
       1
       4
       1
       0
       0
       2
       2
       0
       0
       1
       1
       3
       1
       1
       2
       3
       1
       2
       0
       0
       4
       2
       1
       1
       1
       2
       4
       2
       4
       2
       4
       3
       2
       1
       0
       3
       0
       1
       2
       0
       1
       1
       1
       2
       3
       0
       0
       3
       2
       0
       0
       1
       2
       3
       1
       4
       3
       3
       2
       4
       3
       1
       3
       1
       0
       1
       1
       1
       1
       1
       0
       0
       2
       0
       2
       0
       1
       1
       0
       1
       1
       0
       1
       1
       1
       1
       4
       1
       2
       0
       1
       1
       0
       4
       2
       1
       2
       1
       0
       3
       1
       3
       1
       1
       0
       0
       1
       0
       1
       3
       0
       2
       0
       0
       1
       1
       1
       0
       4
       3
       1
       3
       2
       0
       0
       1
       1
       2
       1
       0
       0
       2
       1
       1
       1
       0
       0
       1
       2
       2
       2
       1
       1
       0
       0
       1
       1
       0
       1
       0
       0
       0
       0
       0
       2
       0
       1
       0
       0
       2
       1
       0
       0
       2
       1
       2
       3
       2
       0
       1
       1
       1
       1
       1
       1
       2
       1
       0
       0
       0
       0
       0
       0
       0
       0
       0
       1
       1
       0
       3
       1
       0
       1
       0
       2
       1
       1
       0
       0
       0
       0
       2
       0
       1
       1
       2
       0
       1
       1
       0
       1
       3
       1
       2
       2
       1
       1
       0
       1
       1
       5
       0
       0
       1
       1
       1
       1
       2
       3
       0
       0
       0
       2
       2
       0
       0
       2
       1
       0
       2
       2
       2
       1
       1
       0
       2
       2
       0
       0
       0
       0
       2
       0
       2
       0
       0
       0
       2
       0
       0
       1
       0
       0
       0
       1
       1
       0
       1
       0
       2
       0
       1
       0
       1
       2
       1
       0
       2
       0
       0
       0
       1
       1
       1
       1
       0
       1
       1
       1
       1
       0
       1
       0
       3
       1
       0
       0
       1
       1
       2
       0
       0
       0
       1
       0
       0
       1
       0
       3
       1
       1
       0
       0
       0
       3
       0
       3
       0
       1
       0
       1
       3
       1
       0
       1
       0
       1
       1
       2
       4
       3
       2
       0
       1
       0
       1
       1
       1
       0
       0
       3
       0
       0
       0
       0
       1
       1
       0
       0
       0
       1
       0
       1
       0
       0
       0
       0
       0
       0
       1
       0
       0
       1
       3
       0
       1
       0
       0
       0
       0
       1
       1
       1
       1
       0
       1
       0
       2
       0
       0
       1
       1
       0
       0
       1
       2
       2
       0
       1
       1
       0
       0
       0
       2
       1
       1
       0
       1
       1
       0
       0
       0
       2
       4
       1
       2
       0
       1
       2
       2
       0
       1
       2
       0
       1
       0
       0
       1
       0
       1
       1
       2
       0
       0
       0
       0
       0
       0
       1
       0
       0
       2
       0
       0
       0
       1
       1
       2
       1
       2
       1
       1
       0
       0
       0
       0
       1
       3
       0
       0
       0
       0
       0
       1
       1
       1
       0
       1
       3
       0
       1
       0
       0
       1
       0
       0
       1
       0
       0
       1
       0
       0
       0
       0
       1
       1
       0
       1
       1
       2
       0
       1
       1
       0
       0
       1
       1
       0
       0
       0
       0
       1
       1
       1
       0
       1
       0
       1
       1
       0
       0
       0
       0
       0
       2
       0
       1
       0
       3
       2
       1
       2
       0
       2
       0
       1
       1
       1
       0
       0
       2
       0
       0
       0
       2
       0
       2
       0
       0
       1
       2
       0
       0
       0
       2
       2
       1
       0
       0
       0
       0
       1
       0
       0
       1
       0
       0
       1
       1
       0
       1
       0
       0
       0
       0
       1
       0
       0
       1
       0
       0
       0
       0
       2
       1
       0
       0
       0
       1
       0
       1
       0
       0
       1
       0
       1
       0
       0
       0
       1
       1
       0
       0
       0
       1
       0
       0
       2
       0
       0
       0
       1
       0
       1
       1
       0
       2
       1
       1
       0
       1
       0
       1
       0
       0
       1
       2
       0
       0
       0
       0
       0
       0
       0
       0
       0
       1
       1
       1
       0
       1
       0
       1
       2
       0
       1
       1
       0
       2
       0
       1
       1
       0
       0
       1
       0
       2
       0
       0
       0
       1
       0
       1
       0
       1
       0
       1
       0
       2
       0
       1
       1
       0
       0
       0
       0
       1
       0
       0
       0
       1
       0
       0
       0
       1
       0
       2
       0
       0
       1
       2
       0
       0
       0
       0
       0
       0
       1
       0
       0
       0
       0
       1
       0
       0
       0
       0
       0
       0
       0
       0
       1
       1
       0
       1
       1
       0
       1
       0
       0
       0
       1
       0
       2
       0
       1
       0
       1
       3
       0
       1
       0
       1
       0
       1
       2
       2
       1
       5
       1
       2
       3
       6
       5
       3
      16
      26
      25
      32
      48
      43
      47
      53
      54
      62
      36
      39
      32
      22
      17
       8
       6
       5
       4
       1
       0
       1
       1
       2
       0
       2
       0
       0
       0
       0
       1
       0
       0
       0
       0
       1
       2
       0
       0
       0
       0
       0
       0
       1
       0
       0
       1
       1
       0
       0
       0
       1
       0
       0
       0
       0
       0
       1
       2
       0
       0
       0
       0
       0
       0
       1
       0
       0
       1
       0
       0
       2
       1
       0
       1
       0
       0
       0
       1
       0
       1
       0
       1
       1
       1
       0
       1
       0
       1
       1
       2
       0
       0
       0
       1
       1
       0
       0
       1
       0
       1
       1
       0
       1
       0
       0
       0
       1
       1
       0
       0
       0
       1
       0
       0
       0
       0
       0
       0
       0
       0
       0
       0
       0
       0
       0
       1
       0
       0
       1
       1
       0
       1
       1
       2
       2
       0
       1
       2
       0
       0
       0
       1
       1
       1
       0
       2
       0
       0
       0
       1
       1
       0
       0
       1
       0
       0
       0
       0
       2
       0
       0
       0
       0
       0
       0
       0
       0
       0
       1
       0
       1
       0
       0
       1
       1
       1
       0
       0
       2
       2
       0
       0
       0
       0
       0
       0
       0
       0
       0
       0
       1
       1
       0
       2
       1
       0
       1
       0
       0
       2
       1
       0
       0
       0
       1
       1
       0
       0
       0
       1
       0
       1
       1
       0
       0
       0
       0
       0
       0
       0
       2
       0
       0
       0
       0
       0
       1
       0
       0
       0
       0
       0
       1
       0
       0
       0
       0
       1
       0
       2
       0
       1
       0
       0
       0
       0
       1
       1
       0
       0
       0
       0
       0
       0
       0
       0
       0
       0
       0
       1
       0
       1
       0
       1
       2
       0
       1
       0
       0
       1
       0
       2
       0
       0
       0
       0
       0
       0
       0
       1
       0
       0
       0
       0
       1
       0
       0
       0
       0
       0
       0
       0
       0
       1
       0
       0
       0
       1
       0
       1
       0
       0
       0
       1
       0
       1
       1
       1
       1
       0
       1
       0
       3
       0
       2
       0
       0
       0
       0
       0
       0
       1
       1
       0
       0
       0
       1
       0
       0
       1
       0
       1
       0
       0
       0
       0
       0
       0
       0
       0
       0
       0
       0
       1
       0
       0
       1
       0
       0
       0
       0
       0
       0
       1
       0
       0
       1
       1
       1
       1
       1
       0
       0
       0
       0
       1
       0
       0
       0
       0
       0
       0
       0
       0
       0
       0
       0
       0
       0
       0
       0
       0
       0
       0
       0
       0
       0
       1
       0
       0
       1
       0
       0
       0
       0
       0
       0
       1
       1
       0
       0
       0
       0
       0
       0
       1
       0
       0
       0
       0
       1
       0
       1
       0
       0
       0
       0
       0
       1
       2
       0
       0
       0
       0
       0
       0
       1
       0
       1
       0
       0
       1
       0
       0
       1
       0
       2
       1
       0
       0
       0
       0
       0
       1
       0
       1
       1
       0
       0
       0
       0
       0
       0
       0
       0
       1
       0
       0
       0
       0
       0
       2
       0
       1
       0
       0
       1
       1
       0
       0
       1
       0
       0
       0
       0
       0
       2
       0
       1
       2
       1
       1
       0
       1
       0
       1
       1
       0
       0
       1
       0
       0
       1
       1
       0
       0
       0
       1
       1
       0
       0
       0
       1
       0
       0
       3
       1
       0
       0
       0
       2
       1
       0
       0
       1
       0
       2
       1
       1
       0
       1
       0
       1
       1
       1
       0
       0
       1
       0
       0
       0
       0
       0
       0
       0
       0
       0
       0
       0
       0
       1
       0
       1
       0
       1
       0
       0
       0
       0
       1
       1
       2
       1
       0
       0
       0
       0
       0
       0
       0
       0
       0
       0
       1
       1
       0
       0
       0
       0
       1
       0
       1
       0
       1
       0
       0
       2
       0
       0
       0
       0
       1
       0
       1
       0
       1
       0
       0
       0
       0
       0
       0
       1
       0
       0
       0
       0
       0
       0
       0
       0
       1
       1
       0
       2
       1
       0
       0
       0
       0
       0
       0
       0
       0
       1
       0
       0
       1
       0
       0
       2
       0
       0
       0
       1
       0
       1
       0
       0
       1
       0
       0
       0
       1
       0
       0
       0
       1
       0
       0
       0
       0
       0
       1
       0
       1
       1
       0
       0
       0
       0
       0
       0
       2
       0
       0
       0
       0
       0
       1
       0
       0
       0
       0
       1
       0
       0
       1
       0
       0
       1
       0
       0
       0
       0
       1
       0
       0
       0
       0
       2
       0
       1
       0
       0
       1
       0
       0
       1
       0
       0
       0
       0
       0
       0
       0
       1
       0
       0
       0
       0
       0
       0
       0
       1
       0
       1
       0
       0
       0
       1
       1
       0
       0
       0
       0
       1
       0
       0
       0
       0
       0
       0
       1
       1
       1
       1
       1
       0
       0
       1
       0
       0
       0
       0
       0
       0
       2
       0
       0
       0
       0
       0
       1
       0
       1
       0
       0
       0
       2
       0
       0
       1
       0
       0
       0
       0
       0
       0
       1
       0
       0
       1
       0
       0
       0
       0
       0
       1
       0
       0
       0
       0
       0
       1
       1
       0
       1
       0
       0
       0
       0
       0
       1
       1
       0
       1
       0
       1
       0
       2
       0
       1
       0
       1
       1
       2
       1
       0
       0
       0
       0
       1
       0
       0
       0
       0
       0
       0
       0
       0
       0
       0
       0
       0
       0
       1
       0
       0
       0
       0
       0
       0
       0
       0
       0
       1
       0
       0
       0
       0
       0
       0
       0
       1
       0
       0
       0
       0
       0
       1
       2
       0
       1
       0
       0
       0
       0
       1
       0
       0
       0
       0
       0
       0
       0
       0
       0
       1
       0
       0
       0
       0
       0
       0
       1
       1
       0
       0
       0
       1
       0
       1
       0
       0
       0
       0
       0
       1
       0
       2
       0
       1
       0
       0
       0
       0
       1
       0
       1
       1
       0
       0
       0
       0
       0
       0
       0
       1
       0
       0
       0
       0
       0
       1
       0
       0
       0
       0
       1
       0
       0
       1
       0
       0
       0
       1
       0
       0
       0
       1
       0
       0
       0
       0
       1
       0
       0
       1
       0
       0
       0
       0
       0
       0
       1
       0
       1
       0
       0
       0
       1
       1
       0
       0
       0
       0
       0
       0
       0
       0
       0
       0
       0
       0
       1
       0
       1
       0
       0
       1
       0
       0
       0
       1
       0
       0
       0
       0
       0
       0
       0
       0
       0
       0
       0
       0
       0
       0
       0
       0
       0
       0
       0
       0
       0
       1
       0
       0
       0
       1
       0
       0
       0
       1
       1
       0
       0
       0
       0
       0
       1
       1
       1
       0
       0
       0
       0
       0
       0
       0
       0
       1
       0
       0
       0
       0
       0
       0
       0
       0
       1
       0
       0
       0
       0
       0
       0
       0
       0
       0
       1
       0
       0
       0
       0
       0
       0
       0
       1
       0
       1
       2
       0
       0
       0
       1
       2
       0
       1
       0
       0
       0
       0
       0
       1
       0
       2
       0
       0
       0
       1
       1
       1
       2
       0
       0
       0
       1
       0
       1
       0
       1
       0
       0
       0
       0
       0
       0
       1
       1
       0
       0
       0
       0
       0
       0
       0
       0
       0
       0
       0
       0
       0
       0
       0
       0
       0
       0
       0
       0
       1
       0
       0
       0
       0
       0
       0
       0
       0
       0
       0
       0
       0
       0
       0
       0
       0
       0
       0
       0
       0
       0
       0
       0
       0
       0
       1
       1
       0
       1
       0
       0
       0
       0
       0
       0
       0
       0
       0
       1
       0
       0
       0
       0
       1
       0
       0
       0
       1
       0
       1
       0
       1
       0
       0
       0
       1
       1
       0
       0
       0
       0
       0
       0
       0
       1
       0
       0
       0
       2
       0
       0
       0
       0
       0
       0
       1
       0
       0
       0
       1
       0
       0
       0
       1
       1
       1
       1
       4
       3
       5
       3
       5
       4
       7
       4
       6
       3
       2
       5
       3
       4
       2
       0
       0
       0
       0
       0
       0
       0
       0
       1
       0
       0
       0
       0
       0
       0
       0
       0
       0
       0
       1
       0
       0
       0
       0
       0
       0
       0
       0
       1
       0
       0
       0
       0
       1
       0
       0
       0
       0
       0
       0
       0
       0
       2
       1
       1
       0
       0
       0
       0
       1
       0
       0
       0
       0
       0
       0
       0
       0
       0
       0
       0
       0
       1
       0
       0
       0
       0
       0
       0
       0
       0
       0
       0
       0
       0
       0
       0
       0
       2
       0
       0
       0
       1
       0
       0
       0
       0
       0
       0
       0
       0
       0
       0
       0
       0
       0
       0
       1
       1
       0
       0
       0
       0
       2
       0
       0
       0
       0
       0
       0
       0
       0
       0
       0
       0
       1
       0
       0
       0
       1
       0
       0
       0
       1
       0
       0
       1
       1
       0
       1
       0
       0
       1
       0
       0
       0
       0
       0
       0
       0
       0
       1
       0
       0
       1
       1
       0
       0
       0
       0
       0
       0
       0
       0
       0
       0
       0
       0
       0
       0
       0
       0
       0
       0
       0
       0
       1
       0
       0
       0
       0
       2
       0
       0
       0
       0
       0
       0
       0
       0
       0
       0
       0
       1
       0
       0
       1
       0
       0
       0
       0
       0
       0
       0
       1
       0
       0
       1
       0
       0
       0
       0
       0
       0
       0
       0
       0
       0
       0
       0
       0
       0
       0
       0
       0
       1
       0
       0
       1
       0
       0
       0
       0
       0
       0
       0
       0
       0
       0
       1
       0
       0
       0
       0
       0
       0
       0
       0
       0
       0
       0
       0
       0
       0
       0
       0
       0
       0
       0
       0
       0
       0
       0
       0
       0
       0
       0
       2
       0
       0
       1
       0
       0
       0
       0
       0
       0
       0
       0
       0
       0
       0
       2
       0
       0
       0
       0
       2
       0
       0
       0
       0
       0
       0
       0
       0
       1
       0
       0
       0
       2
       0
       0
       0
       1
       1
       0
       1
       0
       0
       0
       0
       0
       0
       1
       0
       0
       0
       0
       0
       1
       2
       0
       0
       2
       0
       0
       2
       1
       0
       2
       0
       0
       0
       0
       0
       1
       0
       0
       1
       0
       0
       0
       0
       0
       0
       0
       0
       0
       0
       0
       0
       0
       0
       0
       0
       0
       0
       0
       0
       0
       0
       0
       0
       0
       0
       1
       0
       0
       1
       0
       0
       0
       0
       0
       0
       0
       0
       0
       0
       0
       1
       0
       0
       0
       0
       0
       0
       0
       0
       0
       0
       0
       0
       0
       0
       0
       0
       0
       0
       0
       0
       0
       0
       0
       0
       0
       0
       0
       0
       0
       0
       0
       0
       0
       0
       0
       2
       0
       0
       0
       0
       0
       0
       0
       1
       0
       0
       1
       0
       0
       1
       0
       0
       0
       0
       0
       0
       0
       0
       0
       0
       0
       0
       0
       0
       0
       2
       0
       0
       0
       0
       0
       0
       0
       1
       0
       0
       1
       0
       1
       1
       0
       0
       0
       0
       0
       0
       0
       0
       0
       0
       0
       0
       0
       0
       1
       0
       0
       0
       0
       0
       1
       0
       0
       0
       0
       0
       0
       0
       0
       0
       0
       1
       0
       1
       0
       0
       0
       0
       0
       1
       0
       0
       0
       0
       0
       0
       0
       0
       0
       0
       0
       0
       0
       0
       0
       0
       0
       0
       0
       0
       0
       0
       0
       0
       1
       0
       0
       0
       0
       0
       0
       0
       0
       0
       0
       0
       0
       0
       0
       0
       0
       0
       0
       0
       0
       0
       1
       0
       0
       0
       0
       0
       0
       1
       0
       0
       0
       2
       0
       0
       1
       0
       0
       0
       0
       0
       0
       0
       0
       0
       0
       0
       0
       1
       0
       1
       0
       1
       0
       0
       0
       0
       0
       1
       0
       1
       1
       0
       0
       0
       0
       0
       0
       0
       0
       0
       0
       1
       0
       0
       1
       0
       0
       0
       1
       1
       0
       0
       0
       0
       0
       0
       0
       0
       0
       0
       0
       0
       0
       0
       0
       1
       0
       0
       0
       0
       0
       0
       0
       0
       0
       0
       0
       0
       0
       0
       0
       0
       0
       0
       0
       0
       0
       0
       0
       1
       0
       0
       0
       0
       0
       0
       0
       0
       0
       1
       0
       0
       0
       0
       0
       0
       0
       0
       0
       0
       1
       0
       1
       0
       1
       0
       1
       0
       0
       0
       1
       0
       0
       0
       0
       1
       0
       0
       0
       0
       0
       0
       0
       0
       0
       0
       0
       0
       0
       0
       0
       0
       0
       0
       1
       0
       0
       0
       0
       0
       1
       1
       0
       1
       0
       0
       0
       0
       0
       0
       0
       0
       0
       0
       0
       0
       0
       0
       0
       0
       0
       2
       1
       0
       0
       0
       1
       0
       0
       0
       1
       0
       0
       0
       1
       0
       0
       0
       1
       0
       0
       0
       0
       1
       0
       0
       0
       0
       0
       0
       0
       0
       0
       0
       0
       0
       0
       0
       0
       0
       0
       0
       0
       0
       0
       0
       0
       0
       0
       0
       2
       0
       0
       0
       0
       0
       0
       0
       0
       0
       1
       0
       0
       0
       0
       0
       0
       0
       0
       1
       0
       0
       0
       0
       0
       0
       1
       0
       1
       0
       1
       0
       0
       0
       0
       1
       0
       0
       0
       0
       0
       0
       0
       0
       1
       0
       0
       1
       0
       0
       0
       0
       0
       0
       0
       0
       0
       0
       0
       1
       0
       0
       0
       1
       0
       0
       0
       0
       0
       0
       0
       0
       0
       0
       0
       0
       0
       0
       0
       0
       0
       1
       1
       0
       2
       0
       0
       0
       0
       0
       0
       0
       0
       0
       1
       0
       0
       0
       0
       0
       1
       0
       0
       0
       0
       0
       0
       1
       0
       0
       2
       0
       0
       0
       1
       0
       0
       1
       0
       0
       0
       0
       0
       0
       0
       0
       0
       0
       0
       1
       0
       1
       0
       0
       0
       0
       0
       0
       1
       0
       0
       0
       0
       0
       1
       2
       0
       0
       0
       0
       0
       0
       0
       0
       0
       0
       0
       0
       0
       0
       1
       1
       0
       0
       1
       1
       0
       0
       1
       0
       0
       1
       0
       0
       0
       0
       0
       0
       0
       0
       0
       0
       1
       0
       0
       0
       0
       0
       1
       0
       0
       0
       0
       1
       0
       0
       0
       0
       1
       0
       0
       0
       0
       0
       0
       0
       0
       0
       0
       0
       0
       0
       1
       0
       0
       0
       0
       1
       0
       0
       0
       0
       0
       0
       0
       0
       0
       0
       0
       0
       1
       0
       0
       1
       0
       0
       1
       0
       0
       0
       0
       0
       0
       0
       0
       0
       0
       0
       0
       0
       0
       0
       0
       0
       0
       0
       0
       0
       0
       0
       0
       0
       0
       0
       0
       0
       0
       0
       0
       0
       0
       1
       0
       0
       0
       0
       0
       0
       0
       0
       0
       0
       0
       0
       0
       0
       0
       0
       0
       0
       0
       0
       0
       0
       0
       0
       0
       0
       0
       0
       0
       0
       0
       0
       0
       0
       1
       0
       0
       0
       0
       0
       0
       1
       0
       0
       1
       0
       0
       0
       0
       0
       1
       0
       0
       0
       0
       0
       0
       0
       1
       0
       0
       1
       0
       0
       0
       0
       0
       0
       0
       0
       1
       0
       0
       1
       0
       0
       0
       0
       0
       0
       0
       0
       0
       0
       0
       0
       0
       0
       0
       0
       0
       0
       0
       0
       0
       0
       0
       0
       0
       0
       0
       0
       0
       0
       0
       0
       0
       1
       0
       0
       0
       0
       0
       0
       0
       0
       0
       0
       0
       0
       0
       0
       1
       0
       0
       0
       0
       0
       0
       1
       0
       0
       0
       1
       0
       0
       0
       1
       0
       0
       0
       0
       0
       0
       0
       0
       0
       0
       0
       0
       0
       0
       0
       0
       1
       0
       0
       0
       0
       0
       0
       1
       1
       0
       0
       0
       0
       0
       0
       0
       0
       1
       1
       0
       0
       0
       0
       0
       0
       0
       0
       0
       0
       0
       0
       1
       0
       0
       1
       0
       0
       0
       0
       0
       0
       0
       0
       0
       0
       0
       0
       0
       0
       0
       0
       1
       0
       0
       0
       0
       0
       0
       0
       0
       0
       0
       1
       0
       0
       0
       0
       1
       0
       0
       0
       0
       0
       1
       1
$ROI:
11
224 244
765 907
1350 1411
1828 1908
2525 2667
2716 2799
3716 3817
4331 4427
4564 4622
5085 5259
5690 5768
$PRESETS:
Live Time
600
0
$ENER_FIT:
0.053689 0.255148
$MCA_CAL:
3
5.368913E-002 2.551478E-001 -1.853380E-009 keV
$SHAPE_CAL:
3
6.992400E+000 7.812671E-004 -3.508660E-008
