$SPEC_ID:
No sample description was entered.
$SPEC_REM:
DET# 1
DETDESC# GMX20P4 HPGe
AP# Maestro Version 7.01
$DATE_MEA:
11/27/2018 15:35:51
$MEAS_TIM:
600 602
$DATA:
0 8191
       0
       0
       0
       0
       0
       0
       0
       0
       0
       0
       0
       0
       0
       0
       0
       0
       0
       0
       0
       0
       0
       0
       0
       0
       0
       0
       0
       0
       0
       0
       0
       0
       0
       0
       0
       0
       0
       0
       0
       0
       0
       0
       0
       0
       0
       0
       0
       0
       0
      27
      63
      64
      89
     109
      98
      87
      84
     105
     101
     106
     107
      95
      98
      90
     106
     111
      99
     122
     119
     122
     123
     121
     162
     155
     180
     213
     181
     185
     239
     257
     307
     309
     281
     280
     224
     214
     166
     139
     152
     142
     151
     138
     168
     181
     187
     200
     209
     219
     232
     255
     220
     269
     303
     280
     354
     463
     475
     582
     637
     694
     804
     879
    1151
    1284
    1692
    2159
    2796
    3545
    4422
    4905
    5372
    5233
    4708
    3896
    2973
    2136
    1406
     944
     618
     492
     441
     494
     723
     811
     943
    1198
    1315
    1237
    1220
    1137
     874
     678
     535
     327
     288
     185
     150
      95
      83
      74
      85
      84
      76
      78
      60
      81
      86
     108
      73
      69
      87
      85
      97
      81
      75
      78
      88
      92
      99
      84
     105
      84
      98
      89
      88
      88
      85
     110
     103
     103
     101
     103
     124
     108
     132
     105
     123
     119
      92
     113
     122
     104
     111
     109
     114
     124
     127
     127
     106
     143
     124
     127
     157
     178
     182
     236
     257
     243
     220
     261
     235
     202
     169
     172
     155
     120
     161
     134
     156
     140
     141
     149
     137
     136
     186
     144
     148
     160
     159
     146
     145
     164
     170
     155
     178
     165
     167
     183
     202
     174
     209
     201
     206
     207
     235
     205
     207
     214
     217
     221
     219
     231
     210
     241
     208
     220
     208
     231
     231
     243
     247
     243
     212
     246
     232
     260
     228
     263
     266
     269
     265
     243
     233
     251
     283
     274
     245
     217
     247
     248
     274
     244
     229
     234
     245
     245
     236
     235
     224
     231
     245
     239
     215
     217
     221
     224
     228
     217
     200
     225
     212
     205
     246
     236
     231
     246
     232
     309
     356
     384
     576
     730
     980
    1211
    1688
    1972
    2135
    2304
    2168
    2055
    1699
    1277
     901
     604
     418
     252
     208
     172
     160
     141
     159
     128
     157
     139
     133
     161
     144
     129
     147
     129
     138
     149
     130
     143
     138
     154
     137
     150
     126
     146
     122
     142
     148
     155
     136
     140
     131
     135
     141
     123
     114
     137
     152
     172
     136
     139
     138
     151
     134
     141
     126
     132
     126
     131
     121
     140
     132
     124
     131
     133
     135
     145
     144
     158
     111
     118
     127
     119
     129
     142
     124
     134
     141
     139
     117
     128
     137
     147
     136
     133
     139
     146
     112
     137
     122
     138
     125
     118
     113
     105
     124
     123
     122
     123
     117
     134
     142
     137
     104
     129
     126
     117
     110
     137
     121
     139
     125
     117
     138
     111
     136
     131
     104
     125
     127
     134
     104
     134
     146
     116
     120
     131
     142
     132
     130
     133
     120
     131
     138
     118
     105
     142
     136
     146
     116
     137
     150
     129
     136
     138
     109
     115
     122
     125
     137
     113
     116
     140
      98
     106
     138
     128
     117
     140
     131
     120
     121
     132
     140
     128
     132
     133
     137
     123
     128
     138
     121
     104
     102
     114
     108
     116
     118
     111
     122
     142
     117
     138
     113
     109
     120
     138
     117
     130
     102
     116
     116
     115
     111
     124
     115
     121
     113
     113
     122
     111
     117
     127
     115
     117
     106
     126
     113
      99
     135
     125
     133
     117
     117
     129
     114
     108
     113
     105
     115
     116
     107
     131
     150
     120
     133
     140
     120
     128
     115
     106
     119
     143
     120
     114
     127
     128
     120
     113
     120
     133
     111
     106
     124
     109
     126
     130
     118
     138
     117
     109
     108
     106
     123
     120
     117
     129
     101
     131
     112
      98
     123
     114
     108
     118
     113
     113
     120
     125
     138
     111
     133
     112
     120
     139
     116
     125
     113
     116
     120
     119
     128
     115
     137
     107
     151
     136
     111
     114
     127
     113
     117
     117
     120
     122
     125
     128
     103
     106
     117
     108
     115
     108
     116
     117
     121
     113
     110
     123
     125
     135
     133
     136
     141
     119
     153
     147
     120
     141
     128
      97
     103
     109
     120
     110
     127
     101
     105
     108
     112
      98
     105
      93
     118
      96
     119
      90
      97
     102
     103
     117
     119
     109
     115
     101
      86
      86
     101
     129
     109
     110
      94
      87
      90
     119
      88
     116
      91
     100
     101
     102
     111
     102
     111
      99
     101
      99
     100
     100
      97
     100
      84
      83
      98
      99
      98
      87
      91
     105
     109
      95
      95
      85
     100
      99
      91
     104
     108
     106
     101
      85
      84
      89
     102
      90
     117
     106
      96
     101
     109
      98
      80
      83
     101
      82
      85
      96
     114
     100
     106
     108
     116
     109
      89
     105
      91
      94
     102
      89
      93
     100
     103
      90
      94
      81
      80
     105
      92
     103
      97
      94
     105
      93
     105
      81
     102
      84
     101
      90
      89
      97
      90
      92
      81
      94
      70
      85
      94
      92
     120
      92
      87
      87
      87
     103
      92
      94
      86
      79
      86
      91
      76
      98
      85
      92
      96
     100
      69
      82
      92
     102
      83
      97
      73
      99
      74
      88
      76
      74
      87
      79
      87
      83
     100
      64
      97
      94
      82
      83
      88
      72
      75
      77
      83
      81
      73
      69
      77
      63
      91
      75
      62
      78
      74
      73
      75
      69
      61
      86
      75
      64
      63
      72
      75
      59
      63
      51
      67
      56
      57
      57
      60
      47
      60
      68
      68
      52
      59
      56
      68
      81
      63
      74
      65
      76
      39
      50
      56
      61
      66
      68
      72
      58
      57
      54
      55
      62
      59
      52
      64
      59
      59
      59
      62
      51
      69
      66
      76
      79
      79
      77
      77
      84
      71
      80
      80
      57
      64
      65
      53
      61
      57
      57
      60
      56
      46
      53
      58
      62
      52
      55
      44
      49
      58
      58
      61
      62
      44
      45
      60
      54
      48
      56
      57
      44
      58
      47
      50
      43
      53
      59
      41
      55
      31
      45
      39
      51
      46
      52
      44
      39
      45
      46
      54
      41
      48
      54
      60
      66
      61
      51
      57
      69
      73
      50
      36
      53
      32
      36
      44
      40
      46
      52
      58
      56
      42
      45
      40
      45
      41
      44
      40
      36
      30
      37
      29
      51
      46
      40
      40
      32
      35
      35
      35
      54
      42
      52
      34
      50
      30
      42
      23
      36
      33
      39
      29
      38
      29
      35
      33
      38
      30
      31
      37
      42
      33
      35
      34
      37
      32
      34
      33
      36
      31
      38
      31
      31
      29
      35
      30
      41
      36
      41
      40
      25
      30
      32
      27
      28
      32
      35
      33
      38
      34
      24
      28
      39
      30
      50
      37
      33
      35
      34
      40
      34
      25
      32
      31
      31
      34
      43
      34
      37
      34
      39
      27
      32
      34
      28
      33
      30
      38
      39
      26
      20
      30
      33
      30
      43
      31
      28
      21
      32
      31
      34
      36
      33
      38
      33
      22
      31
      26
      26
      28
      19
      29
      37
      31
      37
      28
      42
      47
      73
     101
     147
     171
     194
     250
     265
     282
     226
     221
     157
     107
     104
      79
      57
      48
      32
      31
      29
      28
      27
      33
      23
      34
      42
      31
      27
      26
      21
      31
      29
      27
      28
      20
      18
      33
      26
      21
      21
      24
      24
      29
      29
      27
      32
      19
      18
      29
      20
      38
      30
      20
      19
      30
      22
      20
      30
      25
      22
      43
      30
      25
      19
      26
      24
      20
      22
      21
      20
      18
      34
      29
      24
      22
      22
      38
      36
      46
      45
      31
      33
      37
      38
      23
      39
      37
      31
      31
      23
      25
      26
      33
      23
      22
      20
      24
      22
      16
      30
      25
      42
      47
      82
     112
     162
     247
     294
     409
     488
     565
     526
     543
     464
     447
     317
     231
     138
     102
      59
      36
      28
      21
      21
      21
      29
      20
      27
      19
      21
      28
      20
      17
      18
      25
      18
      20
      22
      22
      17
      18
      16
      23
      20
      25
      14
      17
      21
      24
      24
      19
      15
      24
      16
      16
      17
      26
      19
      18
      21
      18
      16
      21
      22
      16
      14
      23
      17
      11
      21
      17
      20
      22
      23
       8
      14
      18
      17
      20
      14
      24
      10
      22
      24
      18
      14
      15
      15
      23
      21
      23
      16
      20
      10
      17
      15
      18
      14
      20
      22
      13
      20
      16
      19
      22
      23
      20
      17
      24
      18
      15
      14
      21
      25
      16
      16
      15
      24
      16
      14
       9
      17
      18
      16
      16
      19
      16
      24
      16
      12
      13
      16
      13
      13
      19
      19
      14
      20
      10
      12
      13
      18
      19
      16
      20
      16
      18
      16
      18
      20
      20
      23
      19
      13
      23
      13
      20
      24
      18
       9
       9
      13
      12
      15
      19
      22
      14
      17
      16
       9
      16
      17
      17
      12
      16
      22
      11
      14
      19
      15
      19
      13
      16
      16
      18
      11
      19
      10
      11
      14
      14
      19
      10
      12
      19
      21
      13
      21
      23
      24
      42
      30
      32
      39
      35
      32
      42
      35
      43
      40
      89
     133
     247
     338
     551
     821
    1043
    1269
    1464
    1584
    1556
    1411
    1143
     888
     652
     443
     236
     154
      85
      38
      30
      15
      13
      10
      13
      13
       7
       8
      11
       5
       7
       5
      13
       7
      11
       3
       7
      11
       6
      10
       3
      10
       7
       7
      13
      10
      14
       8
      13
      10
      10
       9
       7
      11
       7
       6
      12
       8
      10
      13
       9
       8
       7
       6
       6
       7
      13
       8
      12
       8
       9
       9
       8
       5
       8
       6
      10
      10
       8
       8
       9
      13
      11
      14
       9
      11
       6
      11
       7
      14
      10
       8
       6
      14
      11
      12
       7
      15
      13
      11
      13
       5
      10
      15
      11
       9
      11
      16
       9
      18
      17
      31
      59
      65
     117
     162
     211
     202
     199
     218
     192
     176
     119
      87
      69
      46
      30
      15
      14
      21
      21
      12
      12
      10
       9
      16
       8
       4
      10
       5
       5
       4
      13
      10
       8
      13
       5
       6
       8
      10
      10
       8
       4
       7
       9
       9
       3
       9
       7
       5
       4
      12
       7
       9
       4
      10
       7
       4
       8
       8
       7
       9
      12
      11
       8
       8
       9
       7
       7
       8
       7
       7
       4
      11
       8
       9
       9
       6
       5
       8
       8
       6
       7
       6
       4
      10
       4
      12
       8
       6
       5
       6
       5
       7
       5
       6
       4
      10
       3
       4
       8
       5
       5
      10
       9
       9
       7
       9
      11
       9
       7
       9
       5
       9
      12
       7
      10
       8
       6
       7
       9
      10
       8
       8
       4
       5
       7
       9
       8
      11
      11
       7
       8
       5
       9
       4
       6
      10
      10
       4
       3
       7
      10
       6
       4
      10
      10
       7
       9
       2
       4
       8
       6
       5
       8
       9
      10
       8
       7
       9
       4
       3
       8
      13
       7
       7
       6
       9
      10
      11
      10
       7
       6
      11
       4
       8
       8
      10
      10
       4
       9
       2
      10
      11
       4
      10
       5
       7
       9
       5
       4
       6
       6
       9
       6
       8
      10
       5
       3
       3
       6
       3
       6
       5
       8
       4
       9
       9
       7
       7
       3
      10
      10
      10
       5
      11
       8
      15
       5
      10
      11
       3
       7
       6
       2
       4
       3
      10
       5
       8
       2
       4
       7
       8
       3
       5
       9
       4
      10
       3
      12
       9
       5
       5
       6
       6
       5
       5
       7
       7
       3
       8
       5
       9
       5
       1
       2
       9
       4
       7
       2
       5
       6
       1
       2
       6
       4
       3
       3
       8
       6
       6
       2
       8
       7
       6
       6
       5
      10
       4
       5
       5
       9
       9
       8
       7
       9
       8
       9
       3
       2
       8
       5
       5
       5
       9
       4
       5
      12
       7
       3
       4
       6
       9
       7
       4
       4
       4
       8
       8
       6
       4
       9
       6
       6
       7
       7
       6
      11
       8
       6
      10
       6
       9
       6
       9
       6
       2
       6
       4
       9
       1
       8
      10
       3
       5
       4
       5
       6
       8
       5
       3
      10
       7
       7
       7
       8
       5
       1
       5
       6
       4
       2
       2
       8
       7
       5
       4
       2
      11
       3
       3
       2
       4
       7
      11
       5
       5
       3
       4
       2
       5
       9
       5
       4
       4
       7
       7
       3
       4
       9
       8
       3
       4
       5
      11
       9
       4
       3
       3
       8
       6
       5
       3
      15
       4
       5
       5
       1
       6
       5
       4
       4
       5
       4
       4
      10
       8
       2
       6
       7
       3
       6
       5
       8
       5
       4
       3
       5
       2
       3
       4
       4
       7
       5
       4
      10
       4
       6
       1
       4
       4
       2
       7
       7
       5
       2
       2
       2
       3
       4
       0
       3
       5
       6
       6
       7
       6
       3
       5
       6
       7
       3
       4
       3
       3
       4
       4
       3
       4
       5
       5
       5
       5
       7
       2
       4
       3
       6
       5
       4
       4
       4
       3
       2
       1
       6
       8
       4
       1
       5
       5
      10
       4
       8
       3
       5
       6
       3
       3
       2
       2
      10
       7
       4
       5
       3
       5
       2
       7
       9
       9
       8
       8
       4
      13
       6
      10
       7
      11
      12
       7
       3
       4
       1
       3
       2
       3
       5
       6
       3
       6
       6
      10
       6
       3
       5
       5
       4
       2
       3
       8
       4
       3
       6
       2
       3
       8
       4
       4
       4
       4
       5
       4
       6
       3
       3
       2
       2
       8
       8
       5
       3
       6
       7
       2
       4
       2
       3
       5
       5
       8
       3
       6
       5
       3
       4
       6
       4
       2
       6
       4
       6
       3
       1
       4
       3
       1
       3
       5
       1
       4
       2
       7
       5
       2
       2
       5
       5
       3
       6
       3
       6
       4
       7
       5
       2
       6
       6
       6
       3
       3
       5
       2
       6
       2
       7
       5
       1
       6
       1
       2
       0
       6
       5
       7
       3
       5
       6
       4
       6
       5
       7
       5
       5
       2
       3
       3
       6
       5
       0
       3
       3
       6
       6
       4
       5
       2
       4
       4
       4
       1
       3
       3
       4
       1
       5
       4
       5
       5
       5
       4
       5
       5
       6
       7
       7
       1
       5
       2
       2
       2
       4
       5
       3
       1
       2
       0
       2
       4
       7
       5
       6
       2
       6
       3
       2
       5
       2
       7
       6
       6
       2
       3
       4
       2
       3
       6
       2
       2
       3
       6
       1
       5
       3
       3
       5
       3
       4
       5
       2
       7
       3
       1
       3
       2
       4
       3
       4
       3
       6
       8
       7
       3
       4
       6
       1
       7
       5
       2
       6
       7
       6
       1
       2
       3
       5
       3
       3
       1
       4
       4
       4
       3
       2
       4
       2
       5
       6
       5
       5
       4
       5
       0
       2
       6
       5
       2
       3
       1
       4
       3
       2
       6
       3
       7
       6
       5
       5
       3
       5
       1
       3
       2
       2
       2
       8
       4
       2
       3
       1
       0
       4
       1
       1
       5
       5
       6
       4
       4
       3
       5
       6
      11
       5
       9
       8
      10
       7
       5
      16
      13
      16
      12
       4
       7
       3
       4
       2
       2
       9
       3
       1
       4
       4
       4
       1
       1
       7
       3
       7
       2
       3
       3
       1
       3
       3
       6
       3
       3
       4
       7
       3
       6
       2
       1
       2
       3
       5
       1
       5
       3
       3
       4
       2
       4
       1
       4
       4
       2
       5
       3
       2
       4
       5
       5
       3
       4
       6
       2
       2
       2
       1
       3
       3
       2
       4
       3
       0
       0
       5
       2
       2
       5
       5
       4
       7
       3
       2
       6
       3
       3
       2
       7
       3
       1
       4
       8
       0
       3
       5
       6
       1
       5
       5
      10
      15
      11
      16
      16
      27
      23
      23
      26
      16
      22
      11
      10
      19
       4
       5
       1
       4
       4
       2
       5
       6
       3
       7
       2
       2
       6
       3
       3
       7
       2
       1
       2
       4
       1
       3
       2
       2
       1
       1
       3
       2
       2
       2
       4
       1
       3
       4
       4
       2
       1
       3
       2
       0
       3
       1
       3
       8
       0
       2
       2
       4
       3
       5
       1
       1
       1
       8
       3
       2
       3
       3
       3
       1
       2
       7
       2
       4
       6
       1
       4
       4
       7
       7
       2
       5
       1
       5
       5
       3
       2
       3
       0
       4
       2
       4
       2
       4
       2
       4
       2
       4
       1
       4
       2
       2
       3
       0
       4
       2
       3
       2
       4
       3
       1
       2
       0
       4
       0
       3
       1
       3
       3
       8
       2
       2
       5
       0
       7
       4
       4
       2
       1
       2
       2
       4
       0
       4
       1
       3
       1
       4
       1
       6
       3
       5
       3
       2
       2
       4
       6
       4
       7
       2
       2
       1
       4
       2
       4
       2
       8
       3
       2
       3
       2
       4
       4
       3
       3
       5
       3
       2
       5
       4
       3
       5
       0
       1
       2
       1
       6
       2
       7
       4
       2
       3
       4
       3
       9
       2
       2
       7
       2
       6
       2
       8
       5
       4
       3
       2
       5
       5
       2
       5
       3
       7
       6
      11
      14
      10
      15
       8
       9
      14
       8
       4
       8
       8
       6
       2
       8
       5
       4
       2
       5
       3
       4
       4
       0
       2
       2
       2
       3
       1
       1
       7
       0
       1
       1
       3
       2
       2
       1
       4
       6
       4
       5
       3
       2
       2
       0
       1
       4
       4
       2
       1
       2
       0
       0
       3
       2
       2
       2
       2
       1
       3
       2
       1
       3
       6
       3
       4
       2
       3
       2
       0
       2
       4
       0
       2
       4
       4
       3
       0
       3
       3
       3
       2
       1
       1
       1
       5
      11
       1
       1
       2
       1
       2
       1
       2
       3
       5
       1
       4
       2
       5
       5
       3
       5
       5
       1
       3
       2
       2
       5
       3
       2
       1
       2
       2
       2
       3
       1
       3
       3
       3
       3
       3
       7
       3
       5
       2
       3
       3
       2
       3
       4
       3
       4
       2
       4
       4
       3
       4
       1
       3
       0
       3
       1
       3
       6
       4
       3
       5
       2
       0
       4
       7
       2
       2
       2
       3
       3
       2
       3
       3
       4
       2
       1
       3
       4
       4
       3
       4
       6
       3
       2
       0
       1
       0
       4
       7
       1
       1
       3
       1
       3
       2
       5
       2
       1
       2
       5
       2
       7
       2
       2
       3
       3
       3
       4
       1
       1
       3
       0
       5
       5
       4
       1
       4
       3
       2
       3
       2
       3
       0
       2
       4
       1
       3
       3
       2
       2
       5
       0
       1
       1
       4
       4
       2
       5
       2
       2
       3
       3
       2
       3
       2
       5
       4
       4
       4
       2
       2
       2
       4
       4
       1
       0
       4
       4
       5
       2
       1
       3
       2
       3
       2
       1
       2
       2
       3
       2
       1
       4
       2
       5
       1
       2
       2
       3
       4
       3
       6
       2
       3
       1
       2
       6
       4
       0
       2
       4
       3
       0
       3
       2
       5
       1
       2
       1
       3
       3
       1
       6
       2
       3
       1
       0
       2
       5
       4
       3
       3
       2
       1
       3
       5
       1
       2
       1
       1
       2
       2
       2
       2
       0
       0
       3
       1
       3
       5
       3
       2
       6
       5
       1
       5
       5
       2
       2
       1
       2
       4
       2
       5
       3
       1
       3
       1
       2
       2
       4
       1
       2
       3
       3
       1
       4
       1
       1
       0
       3
       3
       3
       1
       5
       5
       4
       1
       3
       1
       3
       1
       5
       2
       2
       2
       3
       0
       1
       2
       4
       3
       4
       3
       3
       2
       1
       3
       4
       3
       2
       5
       1
       1
       2
       1
       3
       0
       2
       2
       2
       3
       3
       4
       2
       0
       3
       1
       2
       6
       0
       1
       2
       2
       6
       5
       4
       1
       4
       7
       3
       2
       2
       1
       3
       1
       1
       2
       1
       1
       5
       1
       2
       4
       1
       4
       4
       2
       4
       3
       3
       5
       4
       2
       6
       7
       4
       2
       2
       2
       4
       5
       3
       5
       3
       4
       2
       2
       4
       1
       6
       0
       3
       1
       3
       3
       2
       3
       3
       3
       0
       2
       1
       2
       2
       1
       1
       2
       1
       4
       2
       3
       1
       2
       2
       1
       4
       2
       2
       1
       1
       4
       2
       4
       0
       3
       1
       0
       0
       5
       3
       3
       1
       3
       5
       3
       4
       3
       3
       4
       1
       4
       4
       5
       6
       3
       3
       2
       0
       5
       3
       1
       6
       6
       0
       4
       3
       2
       1
       1
       2
       7
       2
       3
       1
       5
       5
       1
       0
       5
       4
       3
       1
       1
       2
       1
       3
       0
       4
       0
       0
       1
       3
       2
       4
       6
       1
       1
       1
       2
       1
       2
       7
       1
       5
       1
       2
       3
       0
       4
       1
       2
       2
       4
       1
       4
       5
       2
       2
       1
       4
       2
       2
       3
       0
       3
       4
       2
       1
       4
       1
       3
       3
       3
       1
       4
       2
       2
       3
       2
       2
       2
       1
       0
       2
       2
       2
       3
       5
       1
       2
       2
       1
       1
       4
       2
       1
       4
       1
       1
       7
       1
       6
       0
       2
       2
       1
       2
       2
       4
       5
       6
       3
       2
       2
       4
       3
       2
       3
       2
       1
       7
       5
       2
       1
       0
       2
       3
       3
       3
       3
       2
       2
       1
       0
       4
       5
       3
       4
       2
       2
       3
       2
       3
       2
       3
       2
       4
       3
       4
       4
       4
       2
       1
       3
       3
       2
       2
       2
       4
       1
       4
       2
       1
       1
       5
       1
       0
       3
       3
       1
       3
       4
       2
       2
       2
       2
       2
       2
       3
       3
       1
       1
       1
       4
       3
       3
       2
       4
       5
       0
       3
       5
       4
       3
       3
       1
       0
       5
       2
       3
       3
       3
       1
       0
       4
       0
       3
       0
       1
       3
       2
       2
       5
       2
       2
       2
       5
       3
       2
       1
       2
       6
       3
       5
       2
       4
       3
       2
       1
       1
       3
       4
       2
       2
       1
       2
       1
       4
       1
       1
       4
       6
       2
       0
       3
       0
       2
       2
       2
       0
       2
       1
       0
       0
       2
       0
       5
       3
       3
       1
       3
       2
       5
       1
       0
       2
       4
       1
       4
       2
       0
       4
       6
       0
       3
       4
       3
       1
       3
       3
       3
       2
       6
       0
       1
       2
       4
       3
       1
       2
       2
       2
       2
       0
       1
       5
       4
       0
       2
       1
       2
       3
       1
       4
       0
       1
       1
       3
       0
       2
       2
       6
       2
       1
       2
       2
       1
       4
       1
       1
       2
       3
       4
       2
       2
       2
       1
       0
       1
       6
       3
       2
       1
       0
       2
       1
       2
       1
       1
       1
       3
       2
       0
       2
       1
       1
       2
       1
       2
       3
       2
       2
       4
       2
       1
       1
       2
       7
       1
       1
       1
       1
       0
       4
       0
       4
       3
       1
       2
       0
       2
       2
       2
       1
       4
       5
       2
       1
       0
       0
       2
       6
       3
       3
       1
       0
       2
       5
       2
       1
       1
       0
       1
       3
       1
       4
       2
       2
       1
       3
       0
       1
       4
       4
       1
       4
       2
       4
       2
       5
       2
       1
       2
       0
       1
       3
       1
       4
       0
       0
       2
       2
       3
       1
       0
       4
       0
       3
       4
       2
       1
       3
       2
       2
       1
       2
       4
       3
       1
       2
       1
       0
       1
       0
       5
       4
       3
       0
       0
       1
       0
       1
       1
       2
       0
       3
       4
       1
       1
       2
       1
       2
       4
       3
       2
       2
       4
       2
       1
       2
       3
       6
       2
       7
       4
       5
       6
       5
       8
       9
       2
       5
       5
       2
       6
       4
       3
       2
       3
       1
       3
       1
       1
       2
       3
       2
       1
       1
       1
       3
       0
       1
       0
       2
       3
       0
       3
       0
       2
       2
       4
       3
       2
       4
       1
       2
       3
       3
       0
       2
       2
       2
       3
       2
       2
       3
       4
       5
       0
       2
       2
       2
       3
       0
       0
       1
       3
       2
       2
       2
       1
       4
       2
       2
       2
       2
       2
       2
       3
       0
       0
       0
       2
       2
       3
       2
       2
       0
       3
       5
       1
       3
       1
       0
       2
       7
       6
       5
       5
       4
       4
       2
       5
       3
       3
       1
       2
       3
       2
       4
       1
       2
       5
       2
       1
       3
       2
       1
       1
       3
       0
       1
       0
       1
       3
       4
       2
       2
       0
       2
       2
       1
       3
       2
       3
       4
       0
       4
       0
       1
       0
       0
       2
       1
       1
       0
       2
       2
       5
       1
       2
       3
       2
       2
       1
       2
       2
       6
       3
       2
       0
       1
       4
       4
       2
       2
       0
       2
       5
       1
       3
       1
       1
       0
       1
       1
       0
       2
       1
       2
       3
       3
       1
       0
       2
       1
       2
       2
       2
       1
       1
       2
       4
       2
       3
       0
       2
       3
       1
       2
       1
       0
       1
       1
       3
       4
       0
       3
       2
       0
       2
       0
       2
       5
       1
       6
       5
       3
       3
       2
       2
       4
       1
       2
       0
       0
       1
       7
       4
       4
       1
       1
       3
       8
       3
       5
       7
       3
       5
       1
       6
       1
       2
       2
       0
       1
       2
       2
       2
       1
       1
       3
       0
       4
       2
       1
       3
       2
       3
       0
       4
       5
       1
       1
       1
       1
       1
       3
       2
       3
       0
       2
       3
       1
       1
       3
       2
       0
       1
       2
       2
       0
       0
       1
       1
       4
       4
       1
       2
       3
       2
       1
       1
       6
       2
       1
       1
       0
       1
       0
       2
       3
       2
       1
       0
       6
       3
       5
       2
       2
       1
       1
       2
       2
       4
       1
       3
       3
       1
       1
       2
       1
       3
       2
       2
       0
       1
       1
       2
       0
       5
       0
       1
       1
       1
       0
       2
       1
       2
       1
       0
       1
       0
       2
       2
       1
       2
       2
       4
       2
       2
       4
       0
       1
       1
       3
       4
       3
       0
       3
       0
       2
       3
       3
       2
       3
       0
       1
       0
       4
       0
       3
       2
       0
       2
       3
       2
       0
       1
       2
       1
       1
       0
       3
       3
       1
       4
       1
       2
       1
       0
       2
       2
       2
       2
       0
       0
       2
       1
       2
       3
       4
       2
       0
       1
       2
       0
       4
       2
       1
       1
       2
       4
       2
       2
       3
       1
       1
       2
       3
       1
       2
       0
       3
       4
       1
       2
       1
       3
       0
       2
       0
       0
       1
       1
       3
       2
       0
       3
       1
       2
       2
       2
       1
       0
       0
       1
       2
       3
       2
       1
       1
       3
       4
       1
       1
       0
       2
       1
       1
       2
       1
       0
       2
       1
       2
       1
       1
       2
       0
       1
       3
       0
       1
       2
       0
       2
       3
       0
       2
       3
       2
       1
       3
       5
       1
       2
       2
       0
       2
       4
       1
       0
       1
       2
       2
       0
       2
       1
       6
       0
       4
       4
       3
       2
       1
       1
       4
       1
       2
       1
       2
       0
       1
       3
       2
       1
       2
       0
       2
       2
       0
       1
       3
       4
       1
       2
       2
       0
       5
       1
       1
       4
       0
       1
       4
       1
       1
       5
       0
       1
       3
       0
       0
       2
       0
       0
       0
       2
       0
       2
       1
       0
       1
       2
       3
       3
       1
       3
       2
       0
       2
       0
       2
       0
       2
       2
       0
       2
       2
       3
       0
       0
       2
       0
       1
       1
       2
       2
       1
       0
       2
       1
       1
       1
       2
       0
       1
       2
       0
       5
       3
       1
       1
       2
       3
       0
       3
       2
       1
       0
       3
       1
       3
       3
       2
       2
       1
       0
       5
       4
       4
       4
       6
       4
       1
       1
       1
       2
       4
       1
       2
       1
       0
       3
       2
       2
       1
       2
       1
       3
       2
       2
       0
       1
       2
       0
       1
       4
       1
       3
       0
       0
       2
       2
       2
       0
       3
       1
       0
       0
       2
       0
       1
       4
       2
       2
       2
       1
       1
       1
       2
       0
       3
       2
       3
       5
       2
       1
       1
       0
       3
       2
       2
       2
       1
       3
       4
       1
       2
       3
       0
       3
       2
       3
       0
       2
       0
       0
       1
       3
       2
       0
       1
       1
       3
       1
       2
       1
       2
       0
       2
       2
       0
       3
       2
       1
       1
       0
       0
       1
       0
       1
       1
       0
       2
       2
       2
       3
       0
       2
       1
       0
       2
       1
       3
       1
       2
       0
       2
       1
       3
       0
       3
       0
       4
       1
       2
       0
       0
       2
       0
       5
       2
       1
       4
       2
       2
       0
       4
       3
       2
       2
       3
       1
       2
       2
       1
       1
       1
       2
       1
       1
       2
       1
       1
       2
       1
       1
       4
       2
       1
       5
       1
       1
       0
       1
       1
       1
       1
       2
       2
       2
       0
       0
       2
       2
       4
       1
       1
       1
       1
       3
       4
       1
       5
       2
       4
       0
       1
       2
       2
       1
       1
       1
       1
       2
       2
       0
       1
       1
       0
       3
       2
       0
       1
       3
       2
       1
       3
       5
       2
       3
       6
       7
       6
      11
       8
       7
       6
       3
       3
       1
       2
       1
       4
       2
       1
       1
       4
       2
       1
       1
       4
       2
       0
       0
       0
       0
       0
       1
       4
       2
       0
       2
       1
       2
       2
       1
       1
       1
       1
       3
       1
       0
       1
       2
       1
       3
       0
       1
       1
       3
       1
       2
       0
       2
       4
       3
       2
       1
       4
       2
       0
       1
       3
       0
       1
       2
       2
       0
       1
       2
       2
       0
       2
       2
       4
       0
       0
       1
       3
       2
       2
       2
       1
       2
       2
       1
       0
       1
       2
       0
       4
       1
       1
       5
       1
       3
       3
       2
       2
       1
       1
       0
       2
       0
       2
       1
       1
       1
       0
       2
       3
       2
       0
       2
       1
       0
       0
       3
       2
       0
       2
       0
       4
       1
       0
       3
       0
       4
       0
       1
       1
       3
       0
       7
       3
       0
       4
       3
       2
       4
       2
       1
       3
       1
       4
       3
       2
       3
       4
       0
       4
       0
       1
       1
       3
       2
       3
       0
       0
       1
       2
       2
       4
       3
       2
       0
       2
       2
       0
       2
       3
       2
       3
       1
       1
       3
       4
       0
       0
       2
       0
       2
       4
       1
       2
       5
       1
       2
       2
       2
       2
       3
       1
       1
       5
       1
       1
       0
       0
       2
       1
       3
       0
       1
       3
       0
       3
       2
       2
       3
       4
       0
       1
       4
       2
       1
       0
       1
       1
       3
       6
       4
       1
       4
       2
       2
       2
       2
       1
       1
       1
       0
       1
       1
       1
       2
       3
       2
       3
       4
       6
       3
       4
       1
       3
       0
       5
       1
       1
       0
       1
       1
       1
       2
       6
       1
       2
       3
       2
       2
       1
       1
       1
       1
       6
       0
       1
       1
       4
       3
       2
       0
       1
       6
       2
       3
       2
       2
       2
       1
       3
       3
       5
       3
       1
       1
       1
       1
       2
       1
       0
       1
       3
       1
       1
       3
       1
       2
       1
       1
       5
       2
       3
       0
       0
       0
       1
       2
       1
       0
       0
       0
       2
       1
       4
       1
       1
       1
       1
       0
       1
       0
       4
       4
       1
       2
       1
       6
       2
       1
       3
       1
       3
       2
       1
       3
       1
       1
       2
       2
       2
       0
       2
       1
       0
       1
       2
       2
       2
       3
       1
       1
       3
       2
       3
       0
       2
       1
       4
       1
       2
       3
       0
       3
       2
       2
       0
       3
       3
       1
       1
       2
       3
       1
       0
       1
       2
       2
       1
       3
       1
       0
       2
       5
       1
       2
       8
       2
       4
       1
       1
       2
       1
       0
       2
       2
       0
       1
       2
       0
       1
       2
       3
       3
       2
       3
       5
       1
       3
       5
       3
       1
       5
       1
       1
       3
       1
       1
       3
       2
       0
       3
       1
       4
       0
       3
       0
       0
       5
       4
       2
       1
       1
       1
       1
       3
       0
       1
       3
       3
       2
       1
       2
       3
       3
       2
       4
       3
       1
       2
       2
       1
       3
       1
       2
       1
       1
       6
       1
       3
       3
       0
       5
       3
       5
       1
       3
       4
       2
       2
       5
       0
       1
       1
       1
       2
       2
       0
       2
       0
       0
       1
       2
       2
       0
       1
       1
       2
       3
       3
       4
       2
       0
       1
       2
       3
       1
       2
       2
       1
       1
       2
       6
       5
       1
       0
       1
       1
       2
       0
       2
       3
       0
       2
       1
       0
       2
       1
       4
       1
       4
       0
       2
       1
       1
       2
       0
       4
       2
       0
       0
       1
       1
       1
       0
       2
       2
       1
       0
       3
       1
       0
       2
       1
       3
       1
       3
       1
       1
       2
       1
       0
       2
       2
       0
       0
       2
       1
       1
       2
       1
       0
       1
       2
       2
       0
       0
       3
       0
       0
       0
       1
       1
       1
       2
       1
       0
       0
       1
       5
       2
       1
       0
       2
       3
       1
       1
       1
       0
       2
       2
       2
       0
       1
       1
       2
       0
       0
       0
       0
       1
       2
       1
       3
       0
       0
       1
       1
       0
       0
       1
       0
       0
       1
       2
       1
       1
       5
       0
       0
       0
       0
       1
       1
       1
       0
       1
       0
       1
       0
       2
       0
       0
       0
       1
       1
       3
       2
       0
       1
       0
       0
       3
       2
       2
       0
       2
       0
       0
       1
       1
       1
       1
       1
       3
       1
       0
       1
       0
       0
       0
       2
       2
       0
       1
       1
       0
       0
       1
       0
       2
       1
       0
       1
       2
       2
       2
       1
       3
       1
       2
       1
       3
       0
       1
       0
       0
       1
       1
       2
       0
       0
       0
       2
       0
       0
       1
       1
       4
       3
       0
       3
       0
       0
       2
       3
       3
       2
       0
       1
       2
       1
       2
       0
       0
       0
       0
       0
       1
       1
       0
       0
       0
       2
       2
       1
       1
       2
       2
       1
       1
       0
       2
       0
       0
       0
       1
       0
       0
       0
       0
       2
       0
       1
       0
       1
       1
       1
       1
       0
       0
       0
       2
       0
       1
       0
       2
       1
       2
       0
       1
       0
       2
       2
       0
       0
       0
       0
       1
       0
       0
       0
       3
       0
       0
       0
       1
       1
       1
       0
       1
       0
       1
       1
       1
       1
       1
       0
       0
       0
       2
       1
       0
       0
       0
       0
       0
       3
       0
       0
       0
       1
       0
       0
       0
       3
       0
       1
       0
       2
       1
       2
       2
       1
       0
       1
       0
       0
       0
       0
       0
       1
       0
       0
       0
       0
       1
       3
       2
       1
       0
       1
       2
       0
       2
       0
       3
       0
       2
       0
       2
       1
       0
       0
       1
       2
       3
       1
       3
       3
       0
       1
       0
       2
       0
       1
       0
       0
       1
       0
       0
       1
       1
       1
       1
       1
       2
       0
       2
       1
       1
       0
       0
       0
       0
       1
       0
       0
       0
       2
       2
       1
       2
       0
       1
       0
       1
       1
       2
       0
       1
       1
       1
       0
       1
       1
       1
       0
       0
       2
       1
       3
       0
       0
       0
       2
       1
       0
       0
       1
       3
       1
       1
       0
       0
       1
       1
       1
       0
       0
       3
       1
       2
       2
       0
       0
       3
       1
       1
       0
       1
       2
       1
       0
       1
       0
       0
       0
       0
       0
       0
       1
       2
       0
       0
       2
       0
       0
       1
       1
       0
       2
       0
       0
       0
       0
       0
       1
       1
       0
       0
       0
       0
       1
       1
       1
       0
       1
       1
       0
       0
       2
       0
       1
       3
       1
       0
       1
       1
       0
       0
       0
       3
       0
       0
       2
       1
       1
       2
       0
       0
       0
       0
       0
       1
       1
       1
       1
       0
       1
       1
       2
       0
       1
       1
       3
       1
       0
       2
       1
       5
       1
       3
       3
       2
       1
       0
       1
       0
       2
       1
       2
       0
       0
       2
       0
       2
       0
       0
       0
       1
       2
       0
       0
       1
       1
       1
       0
       1
       1
       0
       1
       1
       1
       0
       0
       0
       0
       0
       0
       2
       0
       0
       1
       0
       0
       4
       0
       1
       0
       2
       0
       0
       0
       0
       1
       0
       2
       0
       0
       0
       0
       1
       1
       3
       0
       1
       0
       2
       0
       1
       0
       0
       1
       3
       0
       1
       1
       1
       0
       2
       1
       0
       0
       0
       0
       1
       1
       0
       0
       2
       0
       3
       1
       0
       1
       1
       0
       2
       0
       0
       1
       2
       1
       1
       0
       1
       0
       0
       0
       1
       0
       1
       0
       0
       0
       3
       1
       0
       1
       2
       0
       3
       1
       2
       4
       1
       0
       0
       0
       2
       0
       0
       1
       0
       2
       0
       0
       1
       0
       1
       0
       1
       0
       1
       1
       0
       0
       0
       1
       0
       0
       0
       2
       1
       0
       0
       2
       0
       0
       0
       0
       0
       0
       0
       0
       0
       0
       0
       0
       0
       1
       1
       0
       0
       0
       0
       2
       1
       0
       0
       1
       0
       2
       1
       0
       2
       0
       0
       0
       1
       1
       1
       1
       2
       0
       1
       0
       0
       2
       2
       1
       0
       0
       0
       1
       1
       1
       1
       1
       0
       1
       2
       0
       0
       0
       0
       0
       1
       0
       0
       0
       1
       1
       2
       0
       0
       2
       1
       0
       0
       0
       1
       2
       0
       0
       0
       0
       1
       0
       0
       0
       0
       3
       2
       1
       0
       0
       0
       0
       0
       0
       0
       0
       0
       2
       0
       0
       1
       1
       1
       1
       1
       1
       1
       0
       1
       0
       0
       1
       1
       0
       0
       0
       1
       1
       0
       0
       2
       0
       0
       2
       0
       0
       1
       0
       1
       2
       0
       0
       0
       0
       2
       1
       0
       0
       0
       2
       1
       1
       1
       0
       0
       2
       3
       1
       1
       1
       1
       2
       1
       0
       0
       0
       1
       2
       3
       2
       5
       9
       3
      16
      22
      33
      30
      41
      47
      64
      37
      53
      41
      41
      26
      32
      17
      21
       6
       8
       5
       4
       3
       2
       0
       0
       0
       0
       0
       0
       0
       0
       0
       1
       1
       0
       0
       0
       0
       1
       0
       0
       0
       2
       1
       0
       1
       0
       0
       0
       2
       0
       0
       1
       0
       1
       0
       0
       0
       0
       2
       0
       0
       1
       0
       0
       0
       0
       0
       0
       1
       0
       0
       0
       0
       1
       0
       0
       1
       1
       2
       0
       1
       1
       0
       0
       0
       1
       0
       0
       0
       0
       0
       2
       1
       0
       0
       0
       0
       1
       0
       0
       1
       1
       2
       0
       1
       2
       0
       0
       0
       1
       0
       0
       1
       0
       0
       1
       2
       1
       0
       1
       0
       0
       0
       0
       1
       0
       0
       0
       0
       0
       0
       0
       0
       0
       0
       0
       0
       0
       1
       0
       0
       1
       0
       0
       1
       0
       3
       0
       1
       1
       1
       0
       1
       0
       0
       0
       0
       0
       0
       0
       1
       0
       0
       0
       0
       0
       0
       0
       1
       0
       0
       0
       0
       1
       0
       0
       0
       0
       0
       0
       1
       0
       1
       0
       1
       0
       0
       1
       0
       0
       0
       0
       0
       0
       0
       1
       0
       0
       1
       1
       0
       1
       1
       1
       0
       2
       0
       0
       0
       0
       0
       1
       1
       0
       0
       1
       1
       0
       1
       1
       0
       1
       0
       0
       0
       0
       0
       0
       1
       0
       0
       1
       0
       0
       0
       0
       1
       0
       0
       0
       1
       0
       0
       0
       0
       0
       0
       0
       0
       0
       0
       0
       0
       0
       0
       1
       0
       1
       0
       0
       1
       0
       0
       1
       1
       0
       0
       0
       0
       0
       0
       0
       0
       0
       1
       0
       0
       1
       0
       0
       0
       0
       0
       0
       0
       1
       1
       0
       0
       0
       0
       1
       0
       0
       1
       0
       0
       0
       0
       1
       0
       0
       0
       0
       1
       1
       0
       2
       1
       1
       0
       1
       1
       0
       1
       0
       0
       1
       0
       1
       0
       0
       1
       0
       1
       0
       0
       0
       0
       2
       0
       0
       0
       1
       0
       1
       0
       0
       0
       1
       0
       0
       0
       0
       0
       0
       0
       0
       0
       1
       0
       0
       1
       0
       0
       1
       1
       0
       0
       0
       2
       0
       0
       0
       0
       1
       0
       0
       0
       0
       0
       0
       0
       0
       2
       0
       1
       0
       1
       1
       1
       0
       1
       0
       0
       0
       1
       0
       0
       0
       1
       0
       0
       0
       0
       0
       0
       0
       0
       1
       1
       2
       0
       0
       0
       0
       0
       0
       0
       0
       0
       1
       0
       0
       0
       0
       0
       0
       0
       1
       1
       0
       0
       0
       0
       1
       0
       0
       0
       0
       0
       1
       0
       0
       1
       0
       0
       0
       0
       0
       0
       0
       0
       2
       0
       0
       0
       0
       1
       0
       1
       1
       0
       0
       0
       0
       0
       0
       0
       0
       0
       0
       0
       1
       0
       0
       0
       1
       0
       0
       0
       0
       1
       1
       1
       0
       1
       0
       1
       1
       0
       1
       1
       1
       0
       0
       0
       1
       1
       0
       0
       0
       1
       0
       0
       0
       0
       0
       3
       0
       1
       1
       0
       0
       0
       1
       3
       0
       0
       0
       0
       0
       1
       0
       0
       0
       0
       0
       0
       0
       0
       2
       1
       1
       1
       2
       1
       0
       0
       0
       2
       2
       0
       0
       1
       1
       0
       0
       0
       0
       0
       1
       0
       0
       0
       1
       0
       0
       0
       0
       1
       1
       0
       0
       1
       0
       0
       0
       0
       1
       0
       0
       0
       0
       0
       1
       0
       0
       1
       0
       0
       0
       0
       0
       0
       0
       0
       1
       0
       0
       1
       0
       2
       0
       0
       1
       0
       1
       1
       0
       0
       0
       0
       1
       0
       0
       1
       0
       1
       0
       0
       0
       0
       0
       1
       0
       0
       0
       0
       0
       0
       0
       0
       0
       0
       0
       1
       0
       1
       0
       1
       0
       0
       0
       1
       0
       0
       0
       0
       0
       0
       0
       0
       0
       0
       0
       0
       0
       1
       0
       0
       0
       0
       0
       1
       0
       1
       1
       1
       1
       0
       0
       0
       0
       0
       0
       0
       0
       1
       0
       0
       2
       0
       1
       0
       0
       0
       0
       1
       1
       0
       0
       0
       1
       0
       2
       0
       1
       0
       0
       0
       0
       0
       0
       0
       0
       0
       0
       1
       0
       0
       0
       0
       0
       1
       0
       1
       0
       0
       0
       3
       0
       0
       1
       0
       0
       0
       0
       0
       0
       0
       0
       0
       0
       0
       0
       0
       0
       0
       0
       0
       0
       0
       0
       0
       0
       0
       0
       0
       0
       1
       0
       0
       0
       0
       0
       1
       1
       0
       0
       0
       0
       1
       1
       0
       0
       0
       0
       0
       0
       0
       0
       0
       0
       0
       0
       0
       0
       0
       0
       1
       0
       0
       0
       0
       0
       1
       1
       0
       0
       0
       0
       0
       1
       0
       0
       0
       1
       0
       0
       1
       0
       0
       0
       0
       0
       0
       0
       0
       0
       0
       0
       0
       1
       0
       0
       0
       0
       0
       0
       0
       0
       0
       0
       0
       2
       0
       0
       0
       0
       1
       0
       0
       1
       1
       0
       1
       0
       0
       0
       0
       0
       0
       0
       0
       0
       2
       0
       0
       0
       0
       0
       0
       1
       0
       1
       0
       1
       0
       0
       0
       0
       1
       0
       0
       0
       1
       1
       0
       0
       0
       0
       1
       0
       1
       0
       1
       0
       0
       0
       0
       0
       0
       0
       0
       0
       0
       0
       0
       0
       0
       0
       0
       1
       0
       0
       0
       0
       0
       1
       1
       0
       2
       0
       0
       0
       0
       0
       0
       0
       0
       0
       0
       0
       1
       0
       0
       1
       0
       0
       0
       0
       0
       0
       0
       1
       0
       0
       0
       0
       0
       0
       0
       0
       0
       0
       1
       0
       0
       0
       0
       0
       0
       0
       0
       0
       0
       0
       0
       0
       0
       0
       0
       0
       1
       0
       0
       1
       0
       0
       1
       0
       0
       0
       0
       0
       0
       0
       0
       0
       0
       0
       1
       0
       0
       0
       0
       0
       0
       0
       0
       1
       0
       1
       0
       0
       0
       0
       2
       0
       0
       0
       0
       1
       0
       0
       0
       0
       0
       0
       0
       0
       0
       0
       1
       0
       0
       1
       1
       0
       0
       0
       1
       0
       0
       0
       0
       0
       0
       0
       1
       0
       2
       0
       0
       0
       0
       0
       0
       0
       0
       0
       0
       0
       0
       0
       0
       0
       0
       0
       0
       0
       0
       0
       0
       0
       0
       0
       0
       0
       0
       1
       0
       0
       0
       0
       0
       0
       0
       0
       0
       0
       0
       0
       0
       0
       0
       0
       0
       1
       0
       0
       0
       0
       0
       0
       0
       1
       1
       1
       0
       0
       0
       2
       1
       4
       1
       0
       1
       0
       0
       0
       0
       1
       0
       0
       3
       0
       1
       0
       0
       0
       0
       0
       0
       0
       0
       0
       0
       0
       0
       0
       0
       0
       0
       0
       0
       0
       0
       0
       0
       0
       0
       0
       0
       0
       0
       0
       1
       0
       0
       0
       0
       2
       0
       0
       0
       0
       0
       0
       0
       0
       0
       0
       0
       0
       0
       0
       0
       0
       1
       1
       0
       0
       0
       0
       0
       1
       0
       0
       1
       0
       0
       1
       0
       0
       0
       0
       1
       0
       0
       0
       0
       0
       0
       0
       0
       0
       1
       0
       0
       0
       0
       0
       1
       0
       0
       0
       0
       0
       0
       1
       1
       0
       0
       0
       1
       0
       0
       1
       0
       1
       0
       1
       0
       0
       1
       0
       1
       0
       0
       1
       3
       1
       1
       2
       3
       2
       2
       8
       2
       7
       4
       2
       4
       2
       1
       0
       1
       0
       2
       0
       0
       0
       0
       0
       0
       0
       0
       1
       0
       0
       1
       1
       0
       0
       0
       0
       0
       0
       0
       0
       1
       1
       0
       0
       0
       0
       0
       0
       0
       2
       0
       0
       0
       0
       0
       0
       0
       0
       0
       0
       0
       0
       0
       0
       0
       0
       0
       0
       0
       0
       0
       0
       0
       1
       0
       0
       1
       0
       1
       0
       1
       0
       0
       0
       0
       0
       0
       1
       0
       0
       0
       0
       0
       0
       0
       0
       0
       0
       0
       0
       0
       0
       0
       0
       0
       1
       0
       1
       0
       0
       0
       0
       0
       0
       0
       0
       1
       1
       0
       0
       0
       0
       0
       0
       0
       0
       0
       0
       0
       0
       0
       0
       0
       0
       0
       1
       0
       0
       0
       0
       0
       0
       0
       0
       0
       0
       0
       0
       2
       0
       0
       0
       0
       0
       0
       0
       1
       0
       0
       1
       0
       0
       0
       0
       0
       0
       0
       0
       0
       0
       1
       0
       0
       0
       1
       0
       1
       0
       0
       0
       1
       0
       0
       0
       0
       1
       0
       0
       0
       0
       0
       0
       0
       0
       0
       0
       0
       0
       1
       1
       1
       0
       0
       0
       1
       0
       0
       0
       0
       0
       0
       0
       0
       0
       0
       0
       0
       0
       0
       0
       0
       0
       1
       0
       0
       0
       1
       0
       0
       0
       0
       0
       1
       0
       0
       0
       1
       0
       0
       0
       0
       0
       1
       0
       0
       0
       0
       0
       1
       1
       1
       0
       0
       0
       0
       0
       1
       0
       0
       0
       0
       0
       0
       0
       0
       0
       0
       1
       0
       0
       0
       0
       0
       0
       0
       0
       0
       0
       0
       0
       0
       0
       0
       1
       0
       0
       0
       0
       0
       0
       0
       0
       2
       0
       0
       0
       0
       0
       0
       0
       0
       0
       1
       0
       1
       0
       0
       1
       0
       0
       0
       0
       0
       2
       0
       0
       1
       1
       0
       0
       1
       0
       0
       0
       0
       0
       0
       1
       0
       0
       0
       0
       1
       0
       1
       2
       2
       1
       0
       0
       0
       0
       0
       0
       1
       0
       0
       0
       0
       0
       0
       0
       0
       0
       1
       0
       0
       0
       0
       0
       0
       0
       1
       0
       0
       0
       0
       0
       0
       0
       0
       0
       0
       0
       0
       0
       0
       0
       0
       0
       0
       1
       0
       0
       0
       0
       0
       0
       0
       0
       0
       0
       0
       0
       0
       0
       0
       0
       0
       0
       0
       0
       0
       2
       0
       0
       0
       1
       0
       0
       1
       0
       0
       0
       0
       0
       0
       0
       0
       0
       0
       1
       0
       0
       0
       0
       1
       1
       0
       0
       0
       0
       1
       0
       0
       0
       0
       0
       0
       0
       0
       0
       0
       0
       0
       0
       0
       0
       0
       0
       0
       0
       0
       2
       0
       0
       0
       0
       1
       0
       1
       0
       0
       0
       1
       1
       0
       0
       0
       1
       0
       0
       0
       0
       0
       0
       0
       0
       0
       1
       0
       0
       0
       0
       0
       0
       1
       0
       0
       0
       0
       0
       0
       0
       0
       1
       0
       0
       0
       0
       1
       0
       0
       0
       0
       0
       1
       0
       0
       0
       0
       0
       0
       0
       0
       1
       0
       0
       0
       0
       0
       0
       1
       0
       1
       0
       0
       1
       0
       0
       0
       1
       0
       0
       0
       0
       0
       0
       0
       0
       0
       0
       0
       0
       0
       0
       0
       0
       0
       0
       0
       0
       0
       0
       0
       0
       0
       0
       0
       0
       0
       0
       1
       0
       0
       1
       0
       0
       0
       0
       0
       1
       0
       0
       0
       0
       0
       0
       0
       1
       0
       0
       0
       0
       0
       0
       0
       0
       0
       0
       1
       0
       0
       0
       0
       1
       0
       0
       0
       0
       0
       0
       0
       0
       0
       0
       0
       0
       0
       0
       0
       0
       1
       0
       0
       0
       0
       0
       0
       1
       0
       0
       0
       0
       0
       0
       1
       1
       0
       1
       0
       0
       1
       0
       0
       0
       2
       1
       0
       0
       0
       0
       0
       0
       0
       0
       0
       0
       0
       0
       1
       0
       0
       0
       0
       0
       0
       0
       0
       0
       0
       0
       1
       0
       0
       0
       0
       0
       0
       0
       0
       0
       0
       1
       0
       0
       0
       0
       0
       0
       1
       0
       0
       0
       0
       0
       1
       0
       0
       0
       0
       0
       1
       2
       0
       0
       0
       0
       0
       0
       1
       1
       0
       0
       0
       1
       0
       0
       2
       1
       1
       0
       0
       0
       0
       0
       0
       1
       1
       0
       0
       1
       0
       0
       0
       0
       0
       1
       0
       0
       0
       0
       0
       0
       0
       0
       0
       0
       0
       2
       0
       0
       0
       0
       0
       0
       0
       1
       1
       1
       0
       0
       0
       0
       0
       0
       0
       0
       0
       0
       0
       0
       0
       0
       0
       1
       0
       0
       0
       0
       0
       1
       0
       0
       0
       0
       0
       0
       0
       0
       0
       2
       0
       0
       0
       0
       0
       1
       0
       0
       0
       0
       0
       0
       0
       1
       0
       0
       1
       1
       0
       0
       0
       0
       0
       0
       0
       0
       2
       1
       0
       0
       0
       0
       0
       0
       1
       0
       0
       2
       1
       0
       0
       0
       0
       0
       0
       0
       0
       0
       0
       0
       0
       0
       1
       0
       0
       0
       0
       0
       0
       1
       0
       1
       0
       0
       0
       1
       0
       0
       0
       0
       0
       1
       0
       0
       0
       0
       0
       0
       0
       0
       0
       0
       0
       0
       1
       0
       0
       0
       0
       0
       0
       0
       0
       1
       0
       0
       0
       0
       0
       0
       1
       0
       0
       0
       0
       0
       0
       0
       0
       0
       0
       0
       0
       0
       0
       0
       0
       0
       0
       0
       0
       0
       0
       0
       0
       0
       0
       0
       0
       0
       0
       0
       0
       0
       1
       0
       0
       0
       1
       0
       0
       0
       0
       1
       0
       0
       0
       0
       0
       0
       0
       0
       0
       0
       0
       0
       0
       0
       0
       0
       0
       0
       0
       1
       0
       0
       0
       0
       0
       1
       0
       0
       1
       0
       0
       0
       0
       0
       0
       0
       0
       0
       0
       0
       0
       0
       0
       0
       1
       1
       0
       0
       0
       0
       0
       1
       0
       2
       0
       0
       0
       0
       0
       0
       0
       1
       0
       0
       1
       0
       0
       0
       0
       0
       0
       0
       1
       0
       0
       0
       0
       0
       0
       1
       0
       0
       0
       0
       0
       0
       0
       0
       0
       0
       0
       0
       0
       0
       0
       0
       0
       0
       0
       0
       0
       0
       0
       0
       0
       0
       0
       0
       0
       0
       0
       0
       0
       0
       0
       1
       0
       0
       0
       0
       0
       0
       0
       0
       0
       0
       0
       0
       0
       0
       0
       1
       0
       0
       0
       0
       0
       0
       0
       0
       0
       0
       1
       0
       0
       0
       0
       0
       0
       1
       0
       0
       0
       0
       0
       0
       0
       0
       0
       0
       0
       0
       1
       0
       0
       0
       0
       0
       0
       0
       0
       1
       0
       1
       0
       0
       0
       0
       0
       0
       0
       0
       0
       0
       0
       0
       0
       0
       0
       0
       0
       0
       0
       0
       0
       0
       0
       0
       0
       1
       0
       0
       0
       0
       0
       0
       0
       1
       0
       0
       0
       0
       0
       0
       0
       0
       0
       0
       0
       1
       0
       0
       0
       0
       0
       0
       0
       0
       0
       0
       0
       0
       0
       0
       0
       0
       1
       0
       0
       0
       0
       0
       0
       0
       0
       0
       0
       0
       0
       0
       0
       0
       0
       1
       0
       0
       1
       0
       1
       0
       0
       0
       0
       0
       0
       0
       0
       0
       0
       0
       0
       0
       0
       1
       0
       0
       0
       0
       0
       0
       0
       0
       0
       0
       0
       0
       0
       0
       0
       0
       0
       0
       0
       0
       0
       0
       1
       1
       0
       0
       0
       0
       0
       0
       0
       0
       0
       0
       0
       0
       0
       0
       0
       0
       0
       0
       0
       0
       0
       1
       0
       0
       0
       0
       0
       0
       0
       0
       1
       0
       0
       0
       0
       1
       0
       1
       0
       0
       0
       0
       0
       0
       0
       0
       0
       0
       0
       0
       0
       0
       0
       0
       1
       0
       0
       1
       3
$ROI:
11
224 244
765 907
1350 1411
1828 1908
2525 2667
2716 2799
3716 3817
4331 4427
4564 4622
5085 5259
5690 5768
$PRESETS:
Live Time
600
0
$ENER_FIT:
0.053689 0.255148
$MCA_CAL:
3
5.368913E-002 2.551478E-001 -1.853380E-009 keV
$SHAPE_CAL:
3
6.992400E+000 7.812671E-004 -3.508660E-008
