$SPEC_ID:
No sample description was entered.
$SPEC_REM:
DET# 1
DETDESC# GMX20P4 HPGe
AP# Maestro Version 7.01
$DATE_MEA:
11/27/2018 16:19:42
$MEAS_TIM:
600 603
$DATA:
0 8191
       0
       0
       0
       0
       0
       0
       0
       0
       0
       0
       0
       0
       0
       0
       0
       0
       0
       0
       0
       0
       0
       0
       0
       0
       0
       0
       0
       0
       0
       0
       0
       0
       0
       0
       0
       0
       0
       0
       0
       0
       0
       0
       0
       0
       0
       0
       0
       2
       8
      26
      70
     100
     116
     144
     145
     124
     139
     106
     130
     149
     131
     123
     149
     149
     139
     143
     119
     146
     150
     128
     149
     152
     135
     163
     147
     162
     185
     203
     232
     227
     251
     281
     275
     255
     211
     197
     207
     161
     190
     162
     205
     247
     287
     309
     301
     330
     298
     337
     283
     264
     253
     264
     292
     306
     318
     352
     411
     466
     537
     541
     649
     682
     730
     884
    1069
    1333
    1857
    2271
    2792
    3199
    3207
    3202
    2981
    2354
    1943
    1448
    1001
     710
     515
     436
     397
     443
     523
     632
     773
     905
     969
     991
     990
     799
     716
     555
     462
     348
     235
     180
     134
     115
     110
     106
     105
      98
      92
      96
      94
      75
      94
     106
     115
     104
     106
     102
      96
     121
      92
     129
     113
     118
     111
     112
     103
      99
     110
     118
      96
     110
     111
     123
     112
     132
     114
     133
     113
     121
     131
     130
     101
     135
     132
     148
     127
     145
     132
     131
     120
     142
     114
     169
     150
     138
     155
     190
     164
     194
     204
     227
     265
     310
     279
     264
     274
     248
     211
     195
     193
     201
     154
     166
     146
     150
     143
     174
     149
     142
     163
     178
     142
     169
     162
     170
     178
     175
     186
     162
     167
     199
     201
     204
     220
     216
     224
     254
     239
     230
     225
     256
     229
     239
     245
     234
     228
     247
     258
     263
     248
     235
     270
     274
     258
     303
     255
     270
     294
     291
     271
     304
     263
     274
     248
     261
     294
     266
     264
     255
     271
     264
     287
     272
     246
     294
     273
     285
     242
     277
     224
     251
     247
     231
     254
     270
     238
     249
     243
     252
     275
     268
     236
     254
     251
     212
     247
     258
     254
     260
     245
     285
     302
     338
     397
     525
     662
     850
    1128
    1575
    2001
    2520
    2809
    2994
    2927
    2700
    2211
    1719
    1213
     850
     565
     357
     246
     176
     153
     159
     149
     154
     157
     157
     135
     140
     139
     130
     155
     156
     166
     168
     140
     159
     124
     138
     139
     148
     144
     140
     143
     136
     146
     153
     152
     140
     144
     147
     146
     132
     155
     156
     160
     152
     151
     141
     140
     148
     141
     148
     130
     134
     165
     173
     135
     169
     151
     152
     157
     149
     151
     142
     137
     153
     132
     148
     145
     135
     142
     171
     169
     152
     158
     144
     167
     156
     152
     139
     155
     129
     163
     133
     144
     150
     153
     146
     134
     150
     142
     153
     137
     137
     143
     155
     144
     158
     172
     140
     144
     177
     145
     137
     128
     131
     143
     162
     144
     154
     136
     164
     129
     148
     151
     138
     129
     124
     149
     141
     141
     146
     161
     131
     147
     148
     143
     129
     154
     144
     152
     148
     151
     137
     144
     140
     141
     153
     148
     168
     128
     141
     137
     140
     153
     124
     127
     159
     143
     148
     131
     140
     137
     138
     143
     139
     144
     135
     142
     152
     155
     135
     122
     149
     123
     145
     142
     140
     144
     168
     122
     142
     124
     155
     144
     139
     143
     138
     141
     136
     132
     126
     133
     127
     126
     138
     122
     117
     138
     136
     132
     123
     123
     147
     136
     153
     127
     129
     147
     124
     122
     122
     156
     154
     137
     114
     138
     131
     144
     125
     154
     142
     130
     142
     142
     124
     150
     141
     155
     142
     136
     125
     154
     148
     129
     156
     145
     146
     118
     151
     133
     130
     124
     138
     145
     155
     136
     150
     122
     139
     131
     144
     127
     129
     136
     124
     119
     130
     118
     141
     137
     134
     140
     122
     155
     141
     148
     127
     127
     129
     119
     145
     152
     147
     144
     120
     129
     160
     134
     138
     162
     144
     183
     158
     157
     144
     161
     149
     145
     149
     148
     145
     117
     142
     165
     134
     143
     138
     137
     146
     149
     142
     130
     153
     139
     132
     150
     128
     133
     138
     137
     140
     121
     141
     142
     124
     135
     150
     156
     151
     180
     173
     137
     182
     152
     166
     158
     161
     156
     125
     133
     126
     148
     111
     120
     102
     131
     138
     131
     122
     111
     127
     130
     128
     103
     129
     109
     129
     132
     125
     107
     134
     115
     125
     110
     110
     112
      99
     124
     132
     122
     136
     103
     102
     109
     115
     118
     124
     129
     140
     118
     122
     115
     123
     110
     108
     129
     130
     124
     118
     115
     112
     112
     118
     137
     123
      98
     119
     132
     119
     100
     115
     141
     126
     130
     105
      99
     128
     110
     115
     121
     106
     117
     107
     126
     118
     120
     120
     131
     133
     118
     123
     117
     111
     129
     112
     141
      95
     100
     115
     109
     132
     125
     125
     123
     114
     114
     134
     101
     116
     134
     106
     105
     119
     112
     123
     112
     107
     101
     113
     115
     116
     103
      96
     108
      93
     122
     112
     117
     109
      93
      89
      97
     123
      97
     105
     114
     102
     123
      97
      93
      99
      96
     105
     115
     114
     119
     102
     102
     101
     113
     102
      91
      92
      94
     100
     122
      97
     116
      94
     105
      97
      96
     100
      98
     121
     106
     106
      87
     108
      99
     107
     106
     121
      85
     105
     102
     117
      86
      92
      83
      93
      96
      94
      86
      98
      94
      89
      95
      90
      76
      76
      86
      80
      83
      91
      77
      86
      89
      82
      68
      86
      77
      81
      68
      54
      60
      87
      83
      76
      87
      68
      71
      84
      75
      80
      78
      87
      87
      72
      77
      75
      72
      64
      97
      68
      71
      68
      66
      65
      68
      81
      62
      78
      66
      61
      72
      60
      57
      62
      70
      59
      79
      63
      70
      90
      77
      77
      97
      88
      67
      81
      74
      61
      72
      64
      75
      50
      63
      69
      57
      58
      58
      46
      65
      67
      54
      66
      65
      56
      52
      56
      50
      57
      56
      76
      56
      50
      62
      59
      56
      48
      68
      52
      50
      57
      43
      56
      53
      42
      41
      64
      57
      54
      47
      60
      44
      60
      50
      50
      52
      57
      56
      65
      56
      66
      82
      59
      73
      53
      59
      72
      69
      42
      57
      47
      63
      46
      55
      59
      40
      61
      54
      55
      70
      59
      37
      46
      50
      43
      38
      39
      45
      37
      52
      40
      38
      39
      38
      47
      46
      41
      41
      46
      35
      37
      36
      41
      46
      32
      39
      44
      37
      46
      34
      47
      53
      36
      39
      36
      41
      25
      48
      34
      33
      35
      47
      41
      31
      35
      42
      39
      49
      44
      42
      38
      55
      45
      29
      33
      31
      41
      41
      49
      46
      33
      32
      44
      43
      43
      34
      42
      37
      53
      44
      43
      36
      33
      32
      38
      36
      42
      39
      29
      46
      31
      31
      27
      35
      33
      35
      36
      31
      26
      46
      27
      32
      32
      28
      25
      34
      47
      30
      25
      37
      49
      40
      36
      33
      27
      29
      37
      37
      43
      35
      39
      34
      51
      45
      39
      26
      35
      32
      27
      29
      30
      46
      63
      51
      95
     108
     158
     209
     287
     301
     362
     351
     336
     285
     245
     178
     132
     100
      52
      47
      52
      39
      40
      31
      33
      35
      19
      24
      39
      18
      31
      30
      35
      37
      35
      30
      33
      29
      33
      26
      24
      34
      24
      20
      33
      30
      26
      24
      34
      30
      39
      28
      27
      32
      26
      29
      42
      22
      32
      24
      23
      39
      26
      21
      31
      28
      29
      43
      32
      33
      38
      29
      29
      23
      35
      32
      35
      30
      33
      32
      39
      44
      45
      39
      44
      47
      41
      38
      35
      33
      33
      27
      34
      29
      25
      41
      38
      25
      31
      36
      24
      30
      40
      28
      45
      56
      76
     116
     194
     286
     383
     595
     637
     775
     775
     697
     687
     556
     442
     296
     192
     131
      82
      55
      31
      26
      33
      25
      22
      22
      20
      20
      28
      18
      23
      19
      32
      26
      21
      21
      19
      12
      23
      24
      19
      20
      22
      21
      27
      19
      15
      18
      21
      22
      34
      17
      24
      17
      20
      17
      29
      19
      26
      25
      32
      20
      21
      27
      22
      28
      25
      16
      17
      22
      31
      28
      25
      28
      27
      29
      20
      18
      20
      11
      25
      23
      27
      16
      22
      13
      22
      25
      18
      14
      21
      16
      15
      13
      24
      17
      30
      18
      16
      23
      23
      21
      21
      27
      22
      28
      30
      25
      15
      19
      19
      20
      20
      25
      26
      26
      25
      21
      23
      28
      27
      25
      14
      18
      21
      19
      20
      26
      25
      18
      18
      29
      15
      22
      22
      21
      13
      24
      21
      18
      19
      21
      21
      25
      34
      15
      25
      26
      27
      20
      22
      31
      27
      22
      16
      22
      25
      25
      23
      21
      16
      29
      22
      19
      22
      19
      16
      23
      13
      19
      20
      22
      24
      23
      18
      18
      17
      23
      29
      18
      28
      14
      22
      20
      26
      21
      19
      22
      21
      22
      12
      20
      19
      26
      20
      28
      23
      26
      35
      32
      33
      26
      37
      52
      52
      34
      55
      51
      58
     114
     159
     300
     501
     689
    1072
    1494
    1794
    2055
    2179
    2195
    1985
    1734
    1338
     895
     596
     381
     217
     116
      58
      34
      16
      16
      17
      12
       9
      10
       8
       7
      12
      10
      11
      10
       9
       8
       9
      10
      12
       6
      16
       6
       7
       5
      10
      15
       9
      11
      11
      13
      10
       8
      13
      16
       9
      13
       8
      12
       6
      11
      14
      13
       8
      10
      13
      14
       8
       4
      10
      11
      10
       8
      15
       8
       9
       8
      10
      12
      10
      11
      11
       7
       7
       6
      14
      14
      10
       7
      18
      10
       6
      10
      14
      12
      11
      10
       9
      12
       9
      13
       8
      11
       8
      12
      13
      14
       8
      13
      15
      15
      19
      28
      45
      73
     128
     158
     202
     248
     281
     300
     299
     254
     212
     187
     151
     100
      65
      39
      29
      21
      15
      12
      12
      15
       9
      10
       5
       9
       8
       6
      16
      12
      10
       8
      10
       6
       6
       6
      11
      11
       5
       8
       6
      13
       9
      10
      13
      11
       9
       4
       9
      12
       7
       7
       5
      13
      10
       7
       7
       6
       7
       6
       6
       7
       9
       8
      10
       5
       2
       8
       8
       5
       3
       6
       8
       7
      14
       5
       3
       3
      12
       8
       9
       9
      10
       4
       8
       8
      13
       8
       6
       9
      11
       9
       8
       9
       6
       8
      13
       8
       7
       8
       1
      17
      10
       8
       6
       4
       8
       4
       3
       6
       9
       8
       4
       8
      10
       4
       9
       8
       8
       6
       8
       8
       6
       8
      12
       8
      10
       7
       8
       8
      10
       8
       6
       9
       5
       7
       6
      12
       9
      12
      13
       8
       6
       5
       8
       9
       5
       5
      10
      10
       9
       6
       7
       4
       7
      12
       4
       4
      16
       5
       4
       6
       7
       8
       7
      10
      10
       5
       9
       6
       8
       9
       5
       6
      15
       9
       3
       8
      12
       6
       4
       9
       6
       8
       3
       9
      12
      11
       8
       3
       5
       5
       7
       6
       4
      10
       6
       2
       7
       7
       6
       2
       6
       7
       4
       5
       9
       7
      10
      12
       6
       8
      11
      10
       3
      19
      17
      15
      10
       9
       8
       7
       7
       4
       8
       2
       4
       4
       7
       2
       4
       3
       6
       3
       8
       3
       7
       4
       8
      12
       5
       8
       8
       6
       4
       9
       8
       3
       5
       4
       7
       6
       9
       7
       4
       5
       5
      10
       4
       6
       8
       7
       7
       6
       4
       6
       5
      10
       8
       6
      10
       4
       5
      11
       8
       4
       8
       9
       4
       4
       8
       1
       4
       5
       5
       7
       9
       5
       3
       3
       3
       3
      10
       6
       7
       8
       5
       4
       6
       7
       7
       9
       3
       8
       2
       3
       9
       4
       9
       5
       6
       3
       7
      10
       9
      10
       5
       6
       7
       8
       8
       2
       9
       8
       8
       5
      10
       5
       4
       6
       8
       7
       7
       4
       7
       5
       8
       5
       8
       6
       5
       6
       6
       2
       6
       5
       7
       6
       5
       7
       6
       4
       7
       5
       8
       7
       4
       8
       5
       8
       7
       9
       5
       2
       4
       6
       4
       6
       3
       6
       0
       5
       6
       7
       6
       5
       7
       4
       7
       9
       5
      10
       4
       4
       4
       9
      10
       3
      16
       3
       4
       4
       3
       8
       5
       7
       6
       6
       4
       3
       6
       4
       4
       7
       4
       9
       3
       4
       2
       9
       6
       3
       6
       8
       8
       2
      11
       5
       5
       5
       8
       6
       3
       9
      10
       5
       4
       3
       5
       6
       6
       3
       6
       6
       8
       4
       5
       9
       6
       3
       1
       8
      10
       6
       7
       4
       7
       6
       5
       7
       5
       4
       5
       7
       4
       3
       3
       4
       9
       4
       4
       4
       4
       1
       4
       6
       3
       4
       6
       6
       6
       1
       6
       5
       5
       4
       5
       3
       3
       3
       0
       3
       4
       5
       4
       4
       5
       9
       4
       2
       2
       2
       8
       2
       4
       4
       6
       4
       5
       7
       5
       6
       9
       9
       8
       8
       5
       9
       5
       9
       7
       7
       8
       4
       4
       7
       4
       6
       2
       2
       7
       4
       7
       6
       3
       6
       2
       4
       5
       5
       3
       4
       5
       7
       5
       4
       7
       4
       3
       5
       3
       6
       5
       2
       3
       2
       4
       2
       4
       4
       1
       6
       7
       6
       8
       6
       3
       3
       2
       3
       6
       4
       5
       7
       5
       7
       6
       5
       3
       3
       4
       6
       3
       2
       4
       4
       7
       4
       9
       4
       4
       6
       3
       1
       0
       6
       5
       2
       5
       2
       4
       7
       2
       6
       7
       7
       4
       4
       8
       3
       4
       1
       2
       4
       4
       3
       4
       8
       4
       7
       3
       6
       4
       4
       4
       8
       3
       4
       4
       4
       4
       5
       5
       5
       6
       5
       6
       7
      12
       7
       6
       7
       3
       3
       4
       9
       5
       2
       3
       4
       2
       4
       4
       3
       7
       1
       2
       3
       9
       7
       4
       5
       4
       1
       1
       4
       9
       2
       2
       4
       1
       5
       1
       7
       8
       6
       5
       9
       4
       2
       5
       5
       2
       4
       7
       4
       5
       3
       7
       6
       6
       5
       1
       4
       4
       4
       3
       3
       3
       6
       4
       0
       4
       7
       4
       4
       6
       7
       4
       1
       0
       2
       6
       4
       0
       5
       1
       3
       5
       5
       4
       3
       2
       3
       8
       5
       1
       5
       2
       5
       3
       6
       3
       3
       6
       4
       7
       5
       4
       5
       9
       4
       7
       2
       6
       6
       3
       6
       3
       4
       1
       6
       3
       4
       7
       5
       4
       3
      10
       3
       4
       6
       5
       5
       6
       7
       7
       2
       6
       5
       5
       2
       6
       3
       2
       4
       6
       4
       2
       4
       3
       2
       2
       3
       7
       3
       0
       4
       2
       3
       6
       7
       3
       4
       6
      10
       9
      13
      14
      16
      10
       9
      10
      10
       3
       7
       7
       6
       6
       6
       3
       2
       7
       4
       6
       7
       6
       1
       4
       3
       1
       6
       4
       5
       2
       2
       5
       1
       2
       5
       5
       2
       1
       2
       6
       5
       2
       5
       7
       5
       9
       5
       6
       4
       3
       4
       2
       5
       2
       3
       3
       2
       4
       4
       3
       4
       3
       2
       7
       3
       4
       1
       3
       3
       3
       4
       7
       1
       2
       0
       5
       3
       6
       2
       6
       2
       3
       6
       4
       4
       6
       5
       3
       6
       0
       1
       2
       4
       5
       6
       3
       5
       4
       4
       9
       8
      18
      21
      25
      21
      30
      12
      19
      27
      26
      10
      14
       8
       6
       4
       3
       5
       5
       1
       4
       3
       1
       4
       3
       3
       1
       1
       3
       4
       7
       4
       3
       5
       4
       4
       5
       5
       6
       5
       4
       1
       4
       6
       3
       8
       3
       4
       4
       3
       5
       1
       5
       4
       1
       0
       5
       4
       5
       3
       2
       3
       2
       3
       0
       3
       5
       8
       5
       2
       3
       3
       6
       1
       1
       4
       4
       5
       8
       0
       3
       5
       2
       1
       4
       2
       6
       3
       5
       3
       4
       4
       2
       3
       2
       1
       3
       4
       4
       4
       2
       1
       6
       3
       2
       5
       1
       3
       4
       4
       0
       4
       3
       3
       6
       3
       0
       2
      11
       3
       2
       4
       2
       3
       1
       4
       3
       6
       4
       2
       2
       2
       3
       3
       8
       1
       4
       3
       5
       4
       1
       1
       1
       3
       2
       6
       3
       6
       4
       3
       2
       5
       0
       2
       4
       1
       2
       4
       4
       4
       4
       4
       5
       5
       1
       3
       1
       3
       1
       0
       5
       1
       2
       6
       4
       4
       6
       1
       2
       1
       5
       4
       1
       2
       2
       4
       4
       2
       2
       2
       9
       6
       4
       4
       4
       7
       3
       2
       2
       1
       4
       5
       8
       3
       2
       7
       7
      16
      17
      20
      22
      23
      17
      33
      26
      23
      16
      11
       7
       6
       3
       6
       2
       4
       4
       4
       5
       2
       1
       0
       8
       4
       4
       3
       3
       5
       1
       8
       5
       3
       4
       2
       4
       5
       2
       2
       1
       1
       3
       7
       5
       3
       3
       2
       3
       3
       5
       2
       4
       1
       3
       1
       6
       3
       4
       4
       0
       3
       2
       2
       6
       1
       2
       4
       2
       3
       3
       1
       1
       1
       2
       3
       6
       2
       1
       2
       1
       4
       5
       1
       3
       6
       3
       3
       6
       3
       0
       2
       6
       5
       2
       2
       2
       6
       3
       2
       4
       0
       1
       2
       1
       1
       5
       0
       2
       2
       3
       1
       3
       4
       2
       1
       4
       2
       1
       3
       4
       2
       2
       0
       3
       1
       3
       1
       1
       4
       4
       2
       3
       0
       1
       1
       2
       3
       1
       8
       5
       4
       1
       0
       1
       2
       2
       5
       2
       4
       1
       1
       4
       2
       2
       3
       2
       2
       1
       5
       2
       2
       4
       7
       2
       4
       2
       4
       2
       5
       2
       2
       5
       2
       1
       2
       0
       2
       2
       1
       5
       0
       4
       2
       2
       0
       1
       0
       2
       2
       2
       2
       0
       3
       4
       2
       0
       4
       2
       2
       4
       2
       6
       2
       4
       1
       5
       2
       3
       4
       3
       4
       1
       1
       5
       3
       4
       3
       1
       1
       1
       1
       3
       4
       2
       3
       2
       3
       2
       3
       6
       2
       4
       3
       2
       2
       1
       8
       1
       1
       2
       4
       4
       2
       5
       4
       4
       2
       4
       2
       0
       0
       4
       0
       3
       4
       6
       4
       3
       3
       6
       4
       2
       0
       3
       9
       5
       2
       2
       1
       1
       2
       2
       1
       1
       1
       1
       0
       2
       2
       3
       6
       2
       1
       2
       4
       1
       1
       2
       4
       3
       2
       1
       2
       1
       3
       0
       2
       6
       5
       5
       0
       2
       1
       1
       1
       1
       3
       3
       3
       2
       1
       1
       2
       2
       2
       5
       2
       1
       5
       4
       0
       4
       1
       1
       2
       1
       1
       1
       2
       5
       3
       2
       3
       2
       0
       1
       3
       4
       1
       4
       3
       1
       2
       4
       1
       1
       1
       0
       4
       4
       4
       4
       1
       5
       1
       4
       3
       1
       2
       0
       2
       4
       6
       3
       3
       3
       4
       4
       1
       5
       1
       6
       1
       4
       1
       2
       4
       2
       2
       3
       5
       1
       3
       0
       2
       0
       3
       2
       1
       3
       1
       5
       2
       2
       2
       1
       2
       3
       2
       1
       2
       1
       3
       2
       1
       3
       2
       1
       7
       1
       1
       1
       1
       5
       5
       6
       1
       2
       3
       5
       4
       4
       5
       8
       4
       7
       2
       1
       4
       5
       7
       2
       4
       4
       3
       3
       1
       2
       4
       4
       5
       1
       4
       2
       2
       1
       3
       1
       2
       0
       1
       1
       2
       7
       4
       3
       3
       2
       4
       2
       5
       5
       2
       2
       2
       0
       1
       2
       0
       1
       1
       1
       2
       2
       4
       2
       3
       3
       2
       2
       1
       4
       4
       4
       0
       1
       2
       3
       4
       2
       2
       3
       4
       3
       3
       3
       1
       4
       3
       1
       3
       2
       3
       2
       1
       3
       2
       1
       3
       2
       2
       0
       2
       1
       4
       2
       0
       2
       3
       3
       3
       3
       4
       3
       3
       4
       4
       5
       6
       1
       2
       2
       0
       1
       1
       3
       2
       1
       1
       4
       2
       2
       1
       3
       2
       3
       2
       3
       3
       0
       1
       1
       1
       3
       1
       2
       0
       3
       1
       1
       3
       1
       1
       3
       4
       3
       2
       0
       1
       4
       2
       8
       5
       1
       1
       6
       4
       3
       4
       2
       2
       1
       2
       1
       3
       2
       1
       3
       1
       3
       3
       3
       0
       2
       1
       1
       2
       2
       3
       1
       2
       2
       1
       2
       1
       2
       3
       4
       4
       3
       2
       1
       2
       1
       2
       1
       1
       2
       0
       3
       0
       5
       1
       0
       1
       4
       3
       1
       2
       6
       1
       4
       2
       1
       4
       3
       6
       1
       5
       3
       1
       4
       3
       2
       3
       4
       3
       1
       2
       3
       1
       1
       0
       5
       3
       4
       1
       1
       0
       2
       4
       4
       1
       1
       3
       0
       3
       2
       0
       1
       1
       1
       4
       3
       1
       3
       2
       3
       2
       3
       0
       1
       1
       2
       0
       1
       3
       0
       3
       4
       3
       1
       2
       2
       1
       2
       0
       2
       4
       2
       2
       3
       2
       4
       1
       4
       0
       3
       4
       2
       5
       3
       2
       2
       4
       1
       3
       0
       2
       3
       1
       0
       1
       2
       1
       3
       3
       0
       3
       4
       2
       1
       2
       0
       2
       0
       2
       1
       2
       1
       1
       0
       1
       1
       0
       1
       3
       4
       1
       1
       3
       2
       4
       1
       2
       3
       3
       1
       2
       4
       1
       1
       1
       4
       3
       2
       1
       2
       5
       1
       5
       3
       3
       3
       3
       3
       4
       2
       2
       2
       1
       3
       3
       3
       1
       1
       2
       3
       3
       2
       2
       4
       3
       2
       3
       1
       1
       4
       4
       2
       2
       2
       1
       1
       2
       1
       1
       3
       1
       2
       4
       2
       2
       3
       2
       0
       1
       4
       1
       4
       4
       3
       1
       2
       3
       2
       1
       0
       1
       3
       1
       5
       3
       3
       4
       1
       2
       3
       3
       1
       1
       0
       3
       1
       1
       1
       2
       3
       2
       3
       0
       3
       3
       2
       1
       0
       0
       0
       1
       2
       0
       3
       5
       3
       0
       3
       3
       3
       1
       0
       2
       2
       2
       2
       3
       1
       2
       1
       2
       2
       3
       1
       2
       5
       1
       3
       4
       2
       0
       2
       1
       5
       1
       0
       5
       1
       1
       6
       4
       0
       3
       0
       3
       1
       1
       0
       2
       2
       0
       3
       2
       2
       0
       0
       2
       3
       0
       2
       3
       3
       4
       0
       0
       1
       3
       1
       4
       4
       2
       3
       2
       1
       1
       2
       1
       0
       2
       2
       3
       1
       2
       3
       0
       3
       0
       3
       3
       0
       3
       0
       2
       0
       0
       2
       3
       2
       1
       2
       2
       2
       3
       3
       2
       3
       1
       4
       0
       1
       0
       2
       1
       0
       0
       3
       3
       2
       3
       3
       6
       7
       8
       8
       9
      10
       6
       4
       7
       7
       7
       3
       2
       6
       3
       0
       3
       1
       1
       2
       1
       1
       2
       3
       4
       3
       1
       0
       2
       3
       2
       2
       1
       3
       2
       0
       3
       4
       2
       1
       3
       2
       2
       5
       0
       3
       3
       2
       5
       3
       2
       1
       3
       1
       1
       4
       3
       3
       2
       2
       3
       1
       2
       2
       4
       2
       1
       1
       2
       1
       2
       0
       5
       0
       1
       4
       1
       3
       2
       2
       3
       2
       1
       0
       1
       3
       2
       1
       1
       7
       2
       3
       4
       2
       4
       3
       5
       6
       2
       3
       5
       4
       7
       3
       2
       0
       4
       2
       2
       3
       3
       2
       1
       3
       1
       2
       2
       2
       1
       3
       0
       0
       3
       4
       2
       2
       1
       0
       2
       2
       1
       4
       2
       0
       2
       1
       3
       1
       4
       2
       5
       2
       3
       1
       1
       2
       2
       1
       1
       0
       3
       2
       2
       3
       1
       0
       0
       0
       0
       7
       3
       4
       4
       1
       4
       2
       5
       1
       2
       0
       1
       0
       2
       2
       1
       2
       2
       2
       0
       1
       1
       2
       2
       0
       0
       3
       2
       1
       1
       0
       1
       3
       1
       6
       2
       2
       4
       1
       1
       4
       4
       1
       2
       1
       5
       2
       0
       1
       1
       4
       4
       1
       2
       3
       2
       4
      10
       1
       2
       3
       1
       2
       1
       3
       2
       3
       4
       9
       3
       4
       7
       2
       4
       7
       2
       1
       4
       1
       1
       4
       1
       0
       1
       2
       2
       3
       0
       3
       1
       0
       5
       3
       2
       2
       0
       3
       1
       1
       3
       1
       2
       0
       0
       3
       4
       3
       1
       2
       3
       1
       4
       1
       3
       1
       1
       0
       1
       3
       3
       1
       2
       2
       2
       0
       2
       1
       2
       1
       1
       2
       2
       2
       1
       2
       2
       3
       2
       3
       0
       2
       2
       2
       3
       2
       3
       2
       0
       0
       1
       2
       0
       0
       1
       1
       2
       4
       0
       3
       0
       4
       0
       0
       0
       1
       3
       1
       1
       1
       0
       2
       4
       3
       2
       0
       2
       1
       1
       0
       0
       2
       2
       0
       2
       3
       2
       2
       2
       6
       0
       2
       0
       2
       2
       4
       2
       1
       4
       2
       2
       0
       2
       0
       3
       5
       3
       2
       5
       1
       1
       2
       1
       3
       3
       0
       2
       1
       0
       5
       2
       1
       1
       2
       2
       5
       2
       0
       0
       1
       2
       3
       0
       0
       2
       2
       1
       3
       4
       3
       3
       0
       2
       3
       0
       2
       1
       1
       2
       1
       0
       1
       4
       1
       3
       3
       0
       1
       6
       3
       1
       1
       2
       0
       0
       1
       0
       2
       0
       2
       1
       1
       0
       2
       2
       2
       0
       0
       0
       1
       0
       1
       2
       0
       2
       1
       0
       3
       5
       1
       2
       1
       2
       2
       3
       4
       3
       1
       2
       1
       4
       4
       1
       1
       1
       1
       2
       0
       3
       0
       1
       0
       0
       1
       2
       3
       1
       2
       1
       1
       3
       4
       2
       0
       4
       0
       1
       0
       2
       1
       3
       2
       3
       3
       2
       2
       3
       2
       3
       2
       2
       1
       2
       1
       0
       1
       2
       1
       2
       3
       2
       3
       3
       2
       3
       3
       2
       3
       1
       3
       3
       3
       6
       0
       0
       2
       2
       0
       2
       1
       1
       4
       2
       1
       2
       0
       1
       2
       1
       1
       1
       1
       1
       1
       0
       3
       0
       2
       3
       1
       0
       1
       3
       0
       1
       4
       2
       1
       5
       1
       2
       1
       3
       3
       2
       3
       2
       4
       2
       3
       2
       1
       1
       3
       1
       4
       1
       1
       3
       2
       2
       0
       3
       2
       0
       1
       3
       3
       0
       2
       1
       0
       3
       0
       3
       4
       3
       1
       1
       4
       2
       0
       1
       2
       1
       3
       1
       2
       1
       3
       2
       0
       0
       2
       2
       2
       2
       1
       3
       3
       2
       0
       1
       2
       3
       3
       1
       1
       1
       1
       4
       1
       3
       0
       2
       1
       2
       1
       3
       4
       1
       1
       4
       5
       1
       1
       0
       1
       2
       4
       1
       1
       3
       2
       2
       0
       0
       3
       1
       2
       6
       1
       4
       2
       3
       2
       3
       2
       0
       2
       2
       4
       1
       1
       1
       0
       1
       4
       2
       3
       0
       4
       0
       1
       0
       2
       0
       1
       2
       2
       3
       0
       1
       0
       0
       2
       2
       2
       2
       2
       3
       1
       0
       0
       2
       0
       2
       0
       1
       1
       2
       1
       1
       0
       3
       2
       1
       1
       1
       1
       1
       2
       1
       1
       2
       3
       1
       1
       1
       2
       1
       0
       2
       1
       2
       0
       2
       2
       1
       4
       0
       0
       3
       1
       3
       1
       2
       0
       2
       3
       2
       2
       1
       2
       4
       0
       1
       3
       3
       2
       2
       2
       2
       2
       0
       1
       2
       1
       2
       3
       1
       4
       5
       0
       1
       1
       2
       3
       2
       1
       0
       2
       3
       1
       4
       1
       4
       2
       1
       0
       2
       2
       4
       0
       1
       1
       3
       1
       4
       0
       1
       2
       2
       1
       2
       2
       3
       3
       1
       0
       2
       1
       3
       4
       3
       2
       1
       1
       5
       1
       8
       7
       6
       6
       6
       4
       6
       3
       9
       7
       9
       5
       4
       3
       3
       1
       2
       1
       1
       3
       2
       1
       2
       1
       0
       2
       0
       2
       1
       3
       2
       3
       1
       1
       3
       2
       1
       2
       0
       1
       2
       5
       1
       0
       1
       1
       1
       1
       1
       2
       1
       1
       2
       2
       1
       0
       3
       4
       2
       1
       0
       3
       1
       3
       2
       1
       3
       2
       2
       0
       2
       0
       2
       0
       1
       4
       3
       1
       1
       4
       5
       2
       4
       1
       0
       1
       3
       1
       0
       1
       1
       2
       4
       3
       0
       1
       0
       0
       3
       3
       0
       3
       1
       0
       1
       0
       4
       3
       0
       1
       2
       1
       4
       2
       4
       1
       2
       0
       1
       1
       2
       2
       2
       2
       1
       1
       1
       2
       0
       4
       2
       1
       6
       2
       1
       2
       2
       6
       4
       2
       4
       2
       3
       2
       1
       1
       2
       8
       3
       4
       2
       1
       2
       1
       2
       0
       3
       1
       2
       4
       2
       1
       0
       2
       2
       2
       1
       3
       1
       0
       2
       1
       0
       2
       0
       2
       1
       1
       0
       3
       2
       1
       2
       3
       0
       3
       5
       1
       3
       1
       3
       1
       1
       2
       2
       1
       2
       3
       0
       4
       0
       1
       4
       2
       1
       5
       2
       2
       1
       1
       6
       4
       1
       2
       5
       2
       2
       1
       2
       1
       1
       0
       1
       3
       0
       3
       2
       0
       2
       1
       3
       0
       1
       0
       4
       2
       1
       1
       2
       1
       1
       2
       2
       3
       5
       0
       0
       0
       0
       5
       0
       5
       0
       5
       3
       1
       1
       0
       1
       2
       1
       1
       3
       2
       5
       1
       4
       4
       1
       1
       2
       1
       2
       2
       2
       2
       1
       1
       1
       3
       1
       1
       1
       2
       3
       3
       4
       2
       2
       1
       1
       1
       3
       0
       2
       1
       2
       2
       0
       1
       2
       2
       2
       3
       0
       1
       4
       2
       0
       1
       2
       2
       1
       2
       3
       2
       2
       1
       3
       1
       5
       2
       4
       1
       3
       3
       0
       1
       2
       0
       2
       2
       2
       1
       3
       1
       1
       2
       0
       3
       2
       2
       1
       1
       0
       5
       2
       1
       4
       3
       0
       2
       1
       2
       4
       2
       2
       2
       1
       1
       5
       2
       1
       2
       0
       2
       2
       3
       2
       1
       2
       1
       2
       3
       2
       2
       0
       0
       3
       1
       1
       4
       3
       5
       0
       4
       1
       1
       3
       0
       1
       1
       1
       1
       2
       2
       1
       1
       3
       2
       4
       3
       2
       3
       0
       3
       0
       3
       2
       2
       2
       3
       1
       2
       1
       2
       3
       3
       0
       5
       0
       2
       1
       0
       0
       1
       1
       2
       2
       1
       3
       3
       3
       3
       2
       2
       1
       1
       1
       2
       0
       2
       2
       1
       0
       1
       2
       2
       4
       1
       1
       6
       6
       3
       1
       3
       5
       0
       0
       0
       4
       3
       3
       2
       4
       1
       5
       2
       4
       2
       3
       3
       3
       3
       5
       3
       1
       1
       3
       0
       1
       0
       0
       2
       1
       1
       1
       3
       1
       3
       2
       2
       4
       2
       1
       2
       1
       0
       1
       3
       3
       3
       1
       1
       0
       1
       2
       2
       3
       1
       1
       2
       1
       1
       2
       0
       0
       1
       2
       0
       5
       1
       2
       2
       1
       0
       0
       0
       2
       3
       1
       0
       2
       2
       1
       1
       2
       3
       3
       4
       1
       3
       0
       0
       1
       2
       0
       0
       1
       3
       1
       2
       0
       0
       2
       0
       2
       1
       4
       2
       1
       1
       2
       1
       4
       1
       1
       0
       3
       1
       2
       0
       1
       3
       1
       3
       1
       1
       3
       3
       2
       0
       3
       0
       0
       1
       4
       1
       2
       1
       2
       1
       2
       3
       2
       1
       2
       2
       0
       2
       2
       1
       4
       1
       2
       1
       5
       1
       0
       0
       1
       1
       1
       2
       3
       2
       4
       1
       2
       0
       3
       0
       2
       2
       3
       0
       0
       0
       2
       1
       1
       1
       2
       2
       3
       1
       0
       6
       0
       0
       3
       0
       1
       3
       0
       3
       3
       1
       2
       2
       0
       1
       3
       0
       2
       3
       1
       4
       0
       1
       2
       1
       0
       1
       1
       3
       1
       2
       2
       0
       1
       2
       3
       0
       0
       1
       3
       1
       0
       0
       1
       0
       1
       1
       1
       2
       1
       1
       2
       1
       1
       0
       0
       2
       1
       1
       0
       1
       1
       1
       2
       0
       0
       0
       1
       4
       2
       0
       1
       1
       1
       2
       0
       1
       3
       2
       0
       0
       0
       0
       1
       0
       1
       2
       0
       0
       2
       0
       2
       2
       2
       3
       3
       2
       0
       2
       0
       1
       1
       2
       0
       2
       1
       1
       0
       3
       1
       1
       1
       1
       0
       0
       0
       2
       0
       0
       2
       1
       0
       1
       0
       0
       0
       1
       3
       0
       3
       1
       0
       1
       0
       0
       0
       0
       0
       0
       3
       1
       1
       0
       0
       0
       0
       1
       0
       0
       0
       1
       0
       0
       0
       1
       1
       3
       1
       2
       0
       2
       2
       1
       0
       0
       3
       1
       1
       1
       0
       0
       2
       0
       1
       3
       1
       0
       1
       0
       0
       0
       0
       0
       1
       1
       1
       0
       0
       0
       1
       0
       2
       0
       0
       1
       0
       1
       0
       1
       2
       1
       0
       2
       1
       3
       0
       2
       0
       0
       0
       0
       1
       0
       1
       3
       1
       0
       1
       0
       2
       0
       2
       1
       0
       0
       3
       2
       3
       0
       1
       1
       1
       1
       1
       0
       0
       1
       1
       0
       0
       0
       2
       2
       1
       0
       3
       0
       1
       1
       0
       0
       1
       1
       2
       0
       0
       1
       0
       1
       3
       0
       0
       1
       0
       0
       0
       0
       0
       1
       0
       2
       1
       1
       0
       0
       0
       0
       0
       1
       0
       1
       1
       0
       1
       0
       1
       0
       0
       0
       0
       0
       0
       1
       0
       2
       1
       0
       1
       0
       0
       0
       1
       4
       1
       0
       0
       0
       0
       0
       0
       0
       1
       0
       0
       3
       0
       0
       3
       0
       0
       2
       0
       1
       1
       0
       0
       0
       0
       0
       0
       0
       0
       1
       0
       0
       0
       1
       0
       0
       0
       1
       0
       1
       0
       0
       1
       2
       3
       0
       2
       1
       3
       1
       1
       1
       0
       1
       1
       0
       0
       0
       1
       1
       0
       2
       0
       2
       1
       0
       0
       0
       0
       1
       1
       2
       3
       1
       3
       1
       2
       2
       3
       6
       0
       4
       1
       2
       0
       0
       1
       0
       1
       0
       1
       0
       0
       2
       0
       1
       2
       0
       0
       1
       0
       0
       0
       2
       0
       1
       1
       1
       0
       1
       0
       2
       0
       1
       0
       0
       1
       1
       0
       0
       0
       2
       0
       2
       1
       2
       2
       0
       4
       0
       0
       1
       0
       1
       0
       0
       0
       0
       0
       0
       0
       0
       1
       0
       0
       1
       0
       2
       0
       0
       0
       0
       0
       2
       1
       1
       0
       2
       1
       1
       2
       1
       0
       1
       0
       3
       1
       1
       0
       0
       1
       2
       0
       1
       2
       0
       1
       1
       0
       0
       0
       0
       1
       2
       0
       0
       1
       1
       2
       0
       0
       1
       1
       5
       0
       2
       2
       0
       2
       0
       1
       1
       0
       0
       0
       1
       0
       0
       0
       1
       1
       0
       1
       1
       0
       0
       0
       0
       0
       0
       1
       0
       2
       0
       0
       0
       0
       0
       0
       2
       0
       0
       0
       2
       1
       0
       2
       1
       1
       0
       0
       0
       0
       1
       1
       0
       0
       1
       1
       0
       1
       0
       0
       2
       0
       0
       1
       1
       0
       0
       0
       0
       2
       0
       0
       0
       0
       0
       0
       1
       0
       0
       1
       2
       0
       1
       1
       0
       0
       0
       2
       1
       2
       1
       1
       0
       0
       0
       0
       1
       2
       0
       0
       1
       0
       0
       0
       1
       0
       0
       0
       0
       0
       2
       0
       0
       3
       1
       1
       0
       0
       0
       2
       0
       0
       0
       0
       0
       0
       1
       1
       1
       1
       0
       0
       0
       0
       0
       0
       1
       1
       0
       2
       0
       2
       1
       1
       0
       0
       3
       1
       1
       0
       2
       1
       1
       1
       0
       1
       0
       0
       0
       1
       0
       0
       1
       0
       2
       2
       2
       0
       1
       3
       1
       0
       0
       1
       2
       0
       0
       0
       0
       0
       0
       2
       0
       0
       0
       0
       2
       2
       2
       2
       0
       1
       2
       1
       3
       1
       1
       5
       4
       8
      10
      12
      20
      40
      34
      44
      57
      46
      39
      44
      45
      39
      35
      23
      28
      17
      16
       9
       4
       1
       9
       1
       1
       1
       0
       2
       0
       1
       0
       0
       0
       0
       0
       0
       0
       0
       0
       0
       0
       0
       2
       0
       1
       0
       0
       1
       0
       0
       0
       0
       0
       0
       1
       0
       0
       0
       0
       0
       0
       0
       0
       2
       0
       0
       0
       0
       0
       0
       1
       0
       0
       0
       0
       0
       0
       1
       0
       0
       1
       0
       0
       0
       1
       0
       0
       0
       0
       0
       2
       0
       0
       1
       0
       0
       0
       0
       0
       1
       0
       1
       1
       1
       0
       0
       1
       1
       1
       1
       0
       0
       0
       0
       1
       0
       0
       0
       1
       0
       0
       0
       0
       1
       0
       0
       0
       0
       0
       1
       0
       0
       1
       0
       0
       1
       0
       1
       0
       0
       1
       1
       0
       1
       1
       0
       0
       0
       1
       0
       2
       0
       0
       1
       0
       0
       0
       0
       0
       0
       0
       0
       1
       1
       0
       1
       1
       0
       0
       0
       0
       0
       0
       1
       0
       0
       0
       0
       1
       0
       1
       1
       0
       0
       1
       0
       0
       1
       0
       1
       0
       1
       0
       2
       0
       0
       2
       1
       1
       0
       2
       1
       2
       0
       0
       0
       0
       0
       0
       2
       0
       0
       0
       1
       0
       0
       1
       0
       0
       1
       1
       2
       0
       0
       0
       2
       1
       0
       0
       0
       0
       0
       0
       0
       0
       0
       1
       0
       1
       1
       1
       0
       0
       1
       0
       0
       1
       0
       0
       1
       0
       0
       0
       0
       0
       0
       0
       0
       0
       0
       0
       2
       0
       1
       0
       0
       1
       0
       0
       0
       1
       0
       1
       1
       0
       0
       1
       1
       0
       1
       0
       0
       0
       0
       0
       0
       0
       0
       1
       0
       0
       0
       0
       0
       0
       0
       1
       0
       0
       0
       0
       0
       0
       1
       2
       0
       1
       0
       0
       0
       1
       1
       0
       1
       1
       0
       0
       1
       0
       1
       0
       0
       0
       0
       1
       0
       0
       1
       0
       1
       1
       0
       0
       0
       1
       1
       0
       0
       0
       0
       1
       0
       0
       0
       0
       0
       0
       0
       0
       0
       0
       1
       0
       0
       0
       2
       0
       0
       0
       0
       1
       2
       0
       0
       0
       0
       0
       0
       0
       0
       1
       0
       0
       0
       0
       0
       0
       0
       0
       0
       1
       0
       1
       0
       0
       0
       1
       1
       1
       3
       1
       0
       0
       0
       0
       0
       1
       0
       0
       0
       0
       3
       0
       0
       0
       0
       1
       0
       2
       0
       0
       0
       0
       0
       1
       0
       0
       1
       0
       0
       0
       0
       1
       0
       0
       1
       1
       1
       0
       2
       0
       0
       0
       0
       0
       0
       0
       0
       0
       0
       1
       1
       0
       1
       0
       0
       0
       0
       0
       0
       0
       0
       0
       1
       0
       0
       0
       0
       0
       0
       1
       0
       0
       0
       0
       0
       1
       0
       1
       0
       1
       1
       1
       0
       0
       1
       1
       0
       1
       0
       0
       1
       0
       0
       0
       0
       1
       0
       0
       0
       0
       1
       0
       1
       1
       0
       0
       0
       2
       0
       0
       0
       0
       1
       0
       1
       0
       1
       1
       2
       1
       3
       0
       1
       0
       0
       0
       0
       0
       1
       0
       1
       0
       0
       0
       2
       0
       0
       1
       0
       0
       0
       1
       0
       0
       0
       0
       1
       0
       0
       0
       0
       1
       2
       0
       0
       1
       0
       0
       1
       2
       1
       0
       0
       1
       0
       0
       0
       1
       0
       0
       0
       0
       1
       1
       0
       0
       0
       0
       0
       0
       0
       0
       0
       0
       0
       0
       0
       2
       0
       0
       0
       0
       1
       0
       1
       0
       0
       1
       0
       0
       0
       0
       0
       0
       2
       0
       0
       1
       1
       0
       0
       0
       0
       0
       0
       1
       0
       0
       1
       0
       0
       0
       0
       1
       0
       1
       0
       1
       0
       0
       0
       0
       0
       0
       0
       0
       0
       0
       1
       1
       0
       1
       0
       1
       0
       1
       1
       1
       0
       1
       0
       1
       0
       1
       0
       1
       0
       0
       0
       1
       1
       0
       0
       0
       0
       0
       1
       1
       0
       0
       0
       0
       0
       0
       0
       1
       1
       0
       1
       0
       0
       1
       0
       1
       0
       0
       1
       0
       1
       0
       0
       0
       0
       0
       0
       0
       0
       0
       0
       0
       0
       1
       0
       0
       0
       0
       0
       0
       0
       0
       0
       0
       0
       0
       0
       0
       0
       1
       3
       0
       1
       0
       2
       0
       0
       1
       0
       0
       1
       1
       0
       0
       1
       1
       1
       0
       0
       0
       0
       0
       0
       0
       1
       0
       0
       0
       0
       0
       0
       0
       0
       0
       0
       0
       1
       0
       0
       0
       0
       0
       0
       0
       0
       0
       0
       0
       0
       0
       0
       1
       0
       0
       0
       0
       0
       0
       1
       0
       0
       0
       0
       0
       0
       0
       0
       0
       1
       0
       0
       0
       0
       0
       1
       0
       0
       0
       0
       0
       0
       0
       0
       1
       0
       0
       2
       0
       0
       3
       0
       1
       0
       0
       0
       0
       0
       0
       0
       0
       0
       0
       0
       0
       0
       0
       0
       0
       0
       0
       0
       0
       0
       1
       1
       1
       1
       1
       1
       0
       0
       0
       0
       0
       0
       0
       1
       0
       1
       1
       0
       0
       1
       0
       0
       0
       0
       0
       0
       0
       1
       0
       0
       0
       0
       0
       1
       0
       0
       2
       0
       1
       0
       0
       1
       0
       0
       0
       0
       0
       0
       0
       0
       0
       0
       1
       1
       0
       0
       2
       0
       0
       0
       0
       0
       0
       0
       0
       0
       1
       0
       0
       0
       0
       0
       1
       0
       1
       1
       0
       0
       0
       0
       0
       0
       0
       0
       0
       0
       0
       0
       1
       0
       0
       0
       0
       0
       0
       0
       2
       0
       0
       0
       2
       0
       0
       0
       1
       0
       0
       1
       0
       0
       1
       0
       0
       1
       1
       0
       2
       1
       1
       0
       0
       0
       0
       0
       0
       0
       0
       0
       1
       0
       1
       0
       0
       1
       0
       1
       0
       0
       0
       0
       1
       0
       1
       0
       1
       0
       0
       0
       0
       1
       0
       0
       0
       0
       0
       0
       1
       0
       0
       0
       0
       0
       0
       0
       0
       0
       0
       0
       0
       0
       1
       0
       0
       0
       1
       0
       0
       1
       0
       0
       0
       0
       0
       0
       0
       0
       0
       1
       0
       1
       0
       0
       0
       0
       0
       0
       0
       0
       0
       0
       1
       0
       0
       0
       1
       0
       1
       0
       1
       0
       1
       0
       0
       0
       0
       0
       0
       1
       0
       0
       0
       0
       0
       0
       0
       0
       0
       0
       0
       0
       0
       0
       1
       0
       1
       1
       1
       0
       0
       1
       2
       1
       1
       0
       0
       2
       1
       1
       0
       0
       0
       0
       0
       0
       1
       0
       2
       0
       1
       0
       0
       0
       0
       0
       0
       0
       0
       0
       0
       0
       0
       0
       0
       0
       0
       0
       0
       1
       0
       0
       0
       0
       0
       0
       0
       0
       0
       2
       0
       0
       0
       0
       0
       0
       0
       0
       0
       0
       0
       1
       1
       0
       1
       1
       0
       0
       1
       0
       0
       1
       0
       1
       0
       0
       0
       1
       0
       0
       0
       0
       0
       0
       0
       0
       1
       1
       0
       0
       0
       0
       0
       0
       0
       0
       0
       0
       0
       0
       0
       0
       0
       1
       0
       0
       0
       1
       0
       0
       0
       0
       1
       0
       0
       0
       1
       0
       1
       1
       0
       0
       0
       0
       0
       0
       0
       0
       0
       1
       0
       1
       0
       3
       2
       1
       2
       7
       3
       8
       6
       6
       5
       5
       2
       4
       4
       3
       7
       2
       2
       1
       0
       0
       0
       1
       0
       0
       0
       0
       0
       0
       0
       0
       0
       0
       1
       0
       0
       0
       0
       0
       0
       0
       0
       0
       0
       0
       0
       0
       0
       0
       0
       0
       1
       0
       0
       0
       0
       2
       0
       0
       0
       0
       0
       0
       1
       1
       0
       0
       0
       0
       0
       1
       0
       0
       0
       0
       1
       0
       0
       0
       0
       0
       1
       0
       0
       0
       1
       0
       0
       0
       0
       0
       0
       0
       0
       0
       1
       0
       1
       0
       0
       0
       0
       1
       0
       1
       0
       1
       1
       1
       0
       0
       0
       1
       0
       0
       0
       0
       0
       0
       0
       0
       1
       0
       0
       0
       0
       0
       0
       0
       0
       0
       0
       0
       0
       0
       0
       0
       0
       0
       0
       0
       0
       1
       0
       0
       0
       0
       0
       0
       0
       1
       0
       0
       0
       0
       0
       0
       0
       1
       1
       0
       0
       0
       0
       0
       0
       0
       0
       0
       0
       0
       0
       1
       0
       0
       0
       1
       1
       0
       1
       0
       0
       1
       0
       0
       0
       0
       0
       0
       0
       0
       0
       0
       0
       1
       0
       0
       1
       0
       0
       0
       0
       0
       0
       0
       0
       1
       0
       0
       0
       0
       0
       0
       0
       0
       0
       0
       0
       0
       1
       0
       0
       0
       1
       0
       0
       0
       0
       0
       0
       0
       0
       0
       0
       0
       0
       0
       0
       0
       0
       0
       0
       1
       0
       0
       0
       0
       0
       0
       0
       0
       0
       0
       0
       0
       0
       0
       0
       0
       0
       0
       0
       0
       0
       0
       0
       0
       1
       0
       0
       1
       0
       0
       0
       0
       0
       0
       0
       0
       0
       0
       0
       0
       0
       1
       1
       0
       1
       0
       0
       1
       0
       1
       0
       0
       0
       1
       0
       0
       0
       1
       0
       0
       0
       0
       0
       0
       0
       0
       1
       0
       0
       0
       0
       0
       0
       0
       0
       1
       0
       0
       0
       0
       0
       0
       0
       0
       0
       0
       0
       0
       1
       0
       2
       0
       0
       1
       0
       0
       0
       0
       0
       1
       1
       1
       0
       0
       0
       0
       0
       1
       0
       0
       0
       0
       0
       0
       0
       0
       0
       0
       0
       0
       0
       0
       0
       0
       0
       0
       0
       0
       1
       0
       0
       0
       0
       0
       0
       1
       0
       0
       0
       0
       1
       0
       0
       0
       1
       0
       0
       1
       0
       0
       1
       0
       0
       0
       1
       0
       0
       0
       0
       1
       0
       1
       0
       0
       0
       0
       0
       0
       0
       0
       0
       0
       0
       0
       0
       0
       0
       0
       0
       0
       1
       0
       0
       0
       0
       0
       0
       0
       0
       0
       0
       0
       0
       0
       0
       0
       0
       0
       0
       0
       0
       0
       0
       0
       3
       0
       0
       0
       0
       0
       0
       0
       0
       0
       0
       1
       0
       0
       0
       0
       0
       0
       0
       1
       0
       0
       0
       0
       0
       0
       0
       0
       0
       0
       0
       1
       1
       0
       2
       0
       0
       0
       0
       0
       0
       0
       0
       1
       0
       1
       0
       0
       0
       0
       0
       0
       1
       0
       0
       0
       0
       0
       0
       0
       0
       0
       1
       0
       0
       0
       0
       0
       0
       0
       1
       0
       0
       0
       0
       0
       0
       0
       0
       0
       0
       1
       0
       1
       0
       0
       0
       0
       0
       1
       1
       0
       0
       0
       0
       0
       0
       0
       0
       0
       0
       0
       0
       0
       1
       0
       0
       0
       1
       0
       0
       0
       0
       1
       0
       0
       0
       0
       0
       0
       0
       0
       0
       0
       0
       0
       0
       0
       0
       0
       0
       0
       2
       0
       0
       0
       0
       1
       0
       0
       1
       0
       0
       1
       0
       0
       1
       0
       0
       0
       0
       0
       0
       1
       0
       0
       0
       1
       0
       0
       0
       1
       0
       0
       0
       0
       0
       0
       0
       0
       0
       0
       0
       0
       1
       0
       0
       0
       0
       0
       0
       0
       0
       0
       0
       0
       0
       0
       0
       0
       2
       0
       0
       0
       0
       0
       0
       0
       0
       0
       0
       0
       0
       0
       0
       1
       0
       0
       0
       1
       0
       1
       1
       0
       0
       0
       1
       0
       0
       0
       0
       0
       0
       0
       0
       0
       0
       0
       1
       0
       0
       0
       0
       0
       1
       0
       0
       1
       0
       0
       0
       1
       0
       0
       1
       0
       0
       0
       0
       0
       0
       0
       0
       0
       0
       0
       0
       0
       0
       0
       0
       0
       0
       0
       0
       0
       0
       0
       0
       1
       0
       0
       1
       0
       0
       0
       0
       0
       0
       0
       0
       0
       0
       0
       1
       0
       0
       0
       0
       0
       1
       1
       0
       0
       0
       0
       0
       0
       0
       0
       0
       0
       0
       0
       0
       0
       0
       0
       0
       0
       0
       0
       0
       0
       0
       0
       0
       0
       0
       1
       0
       0
       1
       0
       0
       0
       1
       0
       0
       0
       1
       0
       0
       0
       0
       1
       0
       0
       0
       1
       0
       0
       0
       0
       0
       0
       0
       0
       0
       0
       0
       0
       0
       0
       0
       0
       0
       0
       1
       0
       0
       1
       0
       0
       1
       0
       1
       0
       0
       0
       0
       0
       0
       0
       0
       0
       0
       1
       0
       1
       0
       0
       0
       0
       0
       0
       0
       0
       0
       1
       0
       0
       0
       0
       0
       0
       0
       0
       0
       0
       0
       0
       0
       0
       0
       0
       0
       0
       0
       0
       0
       1
       0
       0
       0
       0
       0
       0
       2
       0
       0
       0
       0
       0
       0
       0
       0
       1
       1
       0
       0
       0
       0
       0
       0
       1
       0
       1
       0
       0
       1
       0
       0
       0
       0
       0
       1
       0
       0
       0
       0
       0
       0
       0
       0
       0
       1
       0
       0
       0
       0
       0
       0
       0
       0
       0
       0
       0
       0
       0
       0
       0
       0
       0
       1
       0
       0
       0
       0
       0
       0
       0
       0
       0
       0
       0
       0
       0
       1
       0
       0
       1
       0
       0
       0
       0
       0
       0
       0
       0
       0
       0
       0
       2
       0
       0
       0
       0
       0
       0
       0
       0
       1
       0
       0
       2
       0
       0
       0
       0
       0
       0
       0
       0
       0
       0
       0
       0
       0
       0
       0
       0
       0
       0
       0
       0
       0
       0
       0
       0
       0
       0
       0
       0
       0
       0
       0
       0
       0
       0
       0
       0
       0
       2
       0
       0
       0
       0
       0
       0
       0
       0
       1
       0
       0
       0
       0
       0
       0
       1
       0
       0
       0
       0
       1
       0
       0
       0
       0
       0
       0
       0
       0
       0
       0
       0
       0
       0
       0
       0
       0
       0
       0
       0
       0
       0
       0
       1
       0
       0
       0
       1
       0
       0
       0
       0
       0
       0
       1
       0
       0
       0
       0
       0
       0
       0
       0
       0
       0
       0
       0
       0
       0
       0
       0
       0
       1
       0
       0
       0
       0
       0
       0
       0
       0
       0
       1
       0
       1
       0
       0
       0
       0
       0
       1
       0
       1
       0
       0
       0
       1
       0
       0
       0
       0
       0
       0
       0
       0
       0
       0
       0
       0
       0
       0
       1
       0
       0
       0
       0
       0
       0
       0
       0
       0
       0
       0
       0
       0
       0
       0
       1
       0
       0
       0
       0
       0
       0
       0
       0
       0
       0
       0
       0
       0
       0
       1
       0
       0
       0
       0
       0
       0
       0
       0
       0
       0
       0
       2
       0
       0
       0
       1
       0
       0
       0
       0
       1
       0
       0
       0
       0
       0
       0
       0
       1
       0
       0
       0
       0
       0
       0
       0
       0
       0
       0
       0
       0
       0
       0
       0
       0
       0
       0
       0
       0
       0
       0
       0
       1
       0
       0
       0
       0
       1
       0
       1
       0
       0
       1
       0
       0
       0
       0
       0
       1
       1
       0
       0
       0
       0
       0
       0
       0
       0
       0
       0
       0
       0
       0
       0
       0
       0
       0
       0
       0
       0
       0
       0
       0
       0
       0
       0
       0
       0
       1
       0
       0
       0
       0
       0
       0
       0
       0
       0
       0
       2
       0
       0
       0
       1
       1
       1
       1
       0
       0
       1
       0
       1
       0
       0
       0
       0
       0
       0
       0
       0
       0
       0
       0
       0
       0
       0
       1
       0
       0
       1
$ROI:
11
224 244
765 907
1350 1411
1828 1908
2525 2667
2716 2799
3716 3817
4331 4427
4564 4622
5085 5259
5690 5768
$PRESETS:
Live Time
600
0
$ENER_FIT:
0.053689 0.255148
$MCA_CAL:
3
5.368913E-002 2.551478E-001 -1.853380E-009 keV
$SHAPE_CAL:
3
6.992400E+000 7.812671E-004 -3.508660E-008
