$SPEC_ID:
No sample description was entered.
$SPEC_REM:
DET# 2
DETDESC# BGO detector for MSc Detector lab
AP# Maestro Version 7.01
$DATE_MEA:
11/12/2018 16:49:56
$MEAS_TIM:
300 303
$DATA:
0 1023
       0
       0
       0
       0
       0
    1905
   13461
   17096
   17240
   16137
   14459
   12290
   10071
    8226
    6734
    5671
    5086
    4757
    5251
    6035
    7323
    9054
   11223
   13882
   17157
   20702
   23977
   27682
   30851
   34185
   36446
   38378
   39557
   39214
   38310
   36592
   33875
   31050
   28006
   24464
   20597
   17639
   14281
   11690
    9133
    7203
    5582
    4300
    3014
    2364
    1768
    1435
    1004
     851
     641
     526
     504
     425
     388
     350
     343
     335
     326
     287
     276
     280
     274
     271
     280
     283
     239
     225
     255
     210
     229
     227
     223
     189
     196
     201
     196
     165
     198
     154
     168
     182
     166
     160
     160
     170
     188
     160
     174
     178
     161
     154
     145
     151
     153
     154
     149
     153
     156
     126
     146
     142
     146
     109
     127
     147
     112
     140
     125
     144
     125
     116
     129
     135
     120
     117
     104
     127
     118
     115
     103
     106
     107
     132
     102
     123
     111
     111
     114
      99
      95
      74
     124
      97
      87
      91
      95
     102
      99
      74
      89
      98
     110
     100
      88
      88
      95
     109
      82
      88
      70
      92
      77
      94
      66
      78
      83
      86
      96
      70
      72
      86
      75
      70
      76
      81
      79
      66
      74
      60
      73
      65
      62
      64
      66
      66
      61
      48
      62
      63
      67
      54
      47
      57
      63
      47
      74
      49
      64
      54
      44
      52
      55
      59
      53
      39
      58
      60
      58
      53
      52
      65
      51
      37
      62
      58
      64
      60
      52
      47
      52
      49
      45
      43
      47
      43
      35
      54
      42
      38
      47
      46
      47
      38
      44
      41
      35
      37
      34
      28
      37
      35
      39
      44
      32
      31
      40
      38
      30
      42
      35
      33
      37
      25
      38
      39
      29
      34
      32
      27
      39
      28
      34
      32
      22
      34
      31
      31
      25
      27
      41
      28
      37
      26
      39
      30
      23
      31
      24
      32
      25
      27
      22
      17
      13
      20
      25
      16
      21
      27
      27
      18
      26
      29
      22
      31
      16
      22
      14
      34
      21
      24
      20
      32
      14
      20
      24
      16
      17
      13
      26
      22
      26
      26
      18
      20
      15
      26
      23
      18
      32
      19
      26
      16
      21
      22
      25
      28
      16
      21
      22
      20
      20
      20
      18
      17
      27
      13
      25
      19
      13
      26
      24
      26
      22
      23
      18
      23
      20
      18
      24
      28
      18
      21
      28
      22
      25
      24
      21
      20
      20
      21
      18
      23
      17
      22
      19
      24
      18
      30
      21
      25
      17
      26
      23
      27
      15
      24
      23
      24
      19
      24
      19
      25
      25
      22
      19
      28
      21
      29
      23
      20
      30
      22
      22
      22
      14
      21
      21
      15
      21
      26
      19
      25
      21
      21
      18
      15
      16
      17
      23
      19
      24
      14
      15
      18
      23
      11
      14
      10
      14
      17
      21
      13
      13
      14
       8
      21
      18
       7
      24
      12
       8
      21
      15
      15
      12
      11
      18
      11
      11
      17
      11
       6
      11
      17
      10
      17
      12
      16
       9
      13
       9
      20
      12
      16
      11
      12
      14
      14
      11
      16
      12
       9
      11
      16
      13
      15
      12
      18
      10
      13
      11
      17
       5
       9
       9
      10
       6
      14
       9
      11
      10
       7
      12
      11
      10
      11
       9
      13
      11
       9
       7
       2
      18
       4
       9
      12
      19
      10
      12
       7
       9
       6
       9
       7
       8
      11
       7
      12
      10
       6
      11
       9
       6
      12
       9
       8
       4
      10
      16
      12
       5
       7
       8
      13
       7
       6
      10
       9
      13
       4
       6
      16
      10
       9
      12
       9
       5
       7
       8
      12
       7
       9
      16
      18
       6
       9
      10
       6
       9
       5
       7
      11
       5
      10
       9
      11
      13
       6
       9
       8
       7
       8
       6
      12
      10
       8
      11
       4
       9
       9
       8
       5
      11
       9
      10
       9
      14
      13
      10
       8
       7
      11
       2
       8
       5
       8
       9
       6
      11
       9
      14
       8
      12
       6
       5
       8
      12
      10
      11
       7
       5
       8
       6
       6
      11
      10
       3
       6
       6
       8
       9
       2
       5
       5
       8
      10
      11
       6
       8
       6
       3
       6
       6
      10
       5
       9
       9
       4
       6
       9
      10
      10
       6
      18
       1
       5
       7
       8
       9
       4
       9
       4
       8
       6
      11
       8
       7
       6
       3
       9
       6
       6
       5
       7
       6
       8
       8
       5
       4
       6
       3
       4
       2
       8
       7
       5
       7
       6
       9
       6
      12
       7
       5
       5
       8
       7
       6
       9
       2
       9
       8
       5
       5
       8
       6
       6
       8
       5
       8
       7
       6
       4
      11
       7
       3
       5
       4
       9
       3
       7
       5
       4
       9
      12
       9
       9
      10
       8
       4
       4
       4
       4
       3
       6
       7
      10
       9
       6
       5
       8
       7
       8
       8
      14
       7
       8
       8
       8
       8
       4
       8
       8
       7
       4
       8
       4
       6
       5
       4
       7
       6
       7
      10
       3
       8
       3
       5
       4
       9
       9
       4
       7
       8
       5
       4
       3
       6
       5
       1
       4
       8
       4
       5
       3
       7
      11
       2
       7
       5
       2
       6
       8
       9
       6
       3
       3
       5
       7
       3
       5
       3
       1
       7
       7
       5
       7
       7
       6
       3
       4
       2
       1
       4
       7
       4
       2
       4
       3
       2
       6
       4
       7
       4
       3
       7
       6
       4
       5
       4
      10
       2
       1
       5
       3
       2
       6
       3
      11
      10
       6
       5
       0
       2
       3
       2
       3
       5
       7
       3
       6
       5
       3
       3
       2
       5
       9
       1
       5
       4
       6
       5
       2
       3
       2
       4
       3
       8
       5
       5
       2
       2
       5
       3
       4
       4
      10
       3
       5
       5
       4
       4
       3
       4
       4
       3
       7
       4
       4
       7
       3
       7
       8
      10
      10
       7
       7
       4
      13
       5
       7
       2
       7
       6
       8
       5
       8
      10
       6
       7
      12
      11
      16
      11
       6
       9
      10
      10
       6
       9
      15
      14
       9
       9
      12
       9
       7
      10
      20
      10
      15
      10
      21
      22
      12
      12
      13
      15
      16
      12
       9
      21
       9
      11
       8
      17
      10
      20
      19
       8
      26
      13
      13
      12
      17
      11
      14
      16
      14
      15
       8
      14
      13
      17
      16
      14
      13
       9
      14
      12
      11
      14
       5
      11
      13
       8
       6
      13
       4
      11
       6
       9
      10
       7
       9
       7
      14
      10
      10
       5
       3
      13
       4
      10
       8
       6
       3
       5
       3
       7
       7
       7
       2
       4
       4
       4
       4
       5
       4
       3
       3
       4
       5
       5
       6
       3
       2
       2
       2
       3
       2
       4
       4
       3
       3
       1
       3
       1
       1
       0
       0
       3
       1
       2
       1
       2
       1
       1
       2
       0
       1
       1
       3
       2
       1
       0
       3
       1
       3
$ROI:
1
356 503
$PRESETS:
Live Time
300
0
$ENER_FIT:
3.366946 1.602176
$MCA_CAL:
3
3.366946E+000 1.602176E+000 -1.165550E-005 keV
$SHAPE_CAL:
3
4.916061E+001 0.000000E+000 0.000000E+000
