$SPEC_ID:
No sample description was entered.
$SPEC_REM:
DET# 2
DETDESC# BGO detector for MSc Detector lab
AP# Maestro Version 7.01
$DATE_MEA:
11/12/2018 19:08:09
$MEAS_TIM:
300 302
$DATA:
0 1023
       0
       0
       0
       0
       0
    1096
    8009
   10121
   10507
    9783
    8652
    7421
    6408
    5165
    4338
    3775
    3387
    3553
    3687
    4410
    5193
    6213
    8047
    9747
   11977
   13981
   16218
   18781
   20507
   22424
   23907
   24992
   25762
   25382
   24515
   23449
   21611
   19733
   17584
   15154
   13134
   10845
    9102
    7214
    5671
    4483
    3487
    2623
    2100
    1532
    1170
     988
     722
     563
     470
     398
     382
     338
     295
     299
     267
     282
     284
     268
     279
     234
     234
     248
     245
     215
     235
     226
     209
     230
     215
     201
     231
     211
     195
     205
     181
     198
     186
     191
     190
     160
     163
     198
     193
     179
     170
     164
     166
     154
     167
     167
     172
     143
     134
     173
     156
     126
     133
     147
     142
     153
     141
     158
     121
     151
     128
     143
     120
     133
     128
     116
     118
     112
     118
     114
     124
     132
     104
     100
     108
     121
     106
      88
     109
     105
     100
     117
     112
     105
     107
      94
      96
      86
     110
      99
      94
      99
      98
     106
      99
     107
      85
     103
      99
     100
      83
      96
      89
      87
      90
      96
      64
      69
      75
      92
      98
      66
      74
      86
      64
      68
      71
      78
      66
      72
      83
      78
      69
      76
      59
      70
      68
      67
      76
      72
      61
      58
      61
      50
      71
      69
      59
      52
      64
      63
      48
      70
      61
      75
      57
      61
      50
      60
      61
      46
      47
      49
      52
      54
      51
      40
      44
      55
      42
      47
      56
      46
      53
      56
      54
      42
      41
      44
      34
      50
      51
      51
      46
      39
      31
      46
      32
      52
      38
      38
      48
      37
      42
      48
      49
      35
      27
      45
      36
      41
      34
      42
      39
      33
      34
      35
      30
      33
      33
      33
      29
      30
      29
      20
      29
      34
      35
      17
      21
      25
      33
      35
      29
      24
      31
      26
      31
      28
      25
      24
      27
      24
      24
      32
      38
      19
      16
      33
      36
      24
      24
      25
      30
      29
      34
      24
      22
      30
      19
      35
      25
      19
      23
      29
      26
      26
      23
      26
      18
      31
      31
      26
      22
      23
      25
      17
      22
      22
      24
      14
      28
      18
      17
      30
      24
      19
      24
      22
      22
      18
      19
      26
      20
      28
      25
      25
      23
      29
      21
      24
      24
      13
      25
      20
      23
      15
      21
      19
      20
      13
      29
      24
      16
      20
      27
      21
      19
      26
      19
      14
      22
      23
      20
      19
      25
      23
      19
      20
      17
      27
      26
      19
      25
      21
      21
      20
      22
      22
      19
      29
      16
      16
      29
      23
      20
      19
      24
      25
      25
      13
      25
      24
      19
      21
      22
      11
      23
      15
      20
      20
      22
      13
      29
      26
      18
      18
      19
      22
      11
      17
       9
      12
      12
      16
      15
      18
      12
      18
      23
      13
      13
      18
      12
      23
       9
      12
      14
      15
      19
      14
      10
      17
      20
      15
      12
      11
      16
      13
      16
       9
       9
       5
       6
      19
      10
      12
       7
      13
      15
       6
      14
      12
      12
      11
      10
      10
      11
       7
      12
       9
      21
      10
      11
      12
      13
      17
      11
      10
       5
       6
      13
      17
       9
       5
       6
       8
      15
      14
       5
      12
      13
       7
      12
       8
      14
      16
      11
       8
      14
       9
      14
      15
       9
      11
       9
      18
      11
       3
      20
       8
      14
       4
      11
      13
       8
      14
       4
       7
      12
      13
       9
       9
      10
       9
      11
      17
       7
       9
      17
      10
      13
       7
       9
      13
       9
       7
      10
       7
       8
      10
       5
      14
      11
      12
      12
      11
       7
       9
      10
      11
      10
       7
       8
       5
       7
       6
      12
      12
      13
      14
       5
       9
      12
      11
      12
       5
       5
       6
      12
      12
       8
       5
       8
      12
       7
      10
       7
      10
      12
       8
       7
       6
      15
      10
       9
       8
       8
       7
       3
       4
       6
      14
      10
       8
       5
      10
      12
       5
       6
      16
       5
      11
       6
       9
      12
       5
       7
      13
      10
       8
      11
       6
      11
       7
       6
       8
       8
       8
      11
       8
       8
      10
       9
      10
       7
       9
      11
       9
       5
       5
       8
       4
       5
       7
       8
       5
       4
      10
      10
       3
       6
       2
      12
       8
       9
       7
       7
       6
       8
       6
       8
       7
       8
       2
       9
       7
       6
       6
       4
      11
       5
       8
       9
       4
       7
       4
       7
       3
       3
       7
       5
       7
       4
       4
       7
       4
       7
       6
       7
       4
       7
       4
       7
       6
       4
       9
       2
      10
      10
       6
      10
       5
       6
       7
       6
       8
       3
       3
       3
       5
      12
       7
       8
       6
       4
       5
       4
       5
       5
       4
       4
       7
      11
       8
       6
      11
       7
      11
       8
       7
       8
      10
       4
       6
      13
       8
       8
       5
       7
       7
      12
       9
      11
      11
       5
       6
       2
       7
      13
       9
       6
       5
       6
       4
       9
       2
       9
      10
       9
       5
       6
       4
       9
       7
      11
       3
       2
      10
       5
       7
       6
      12
       5
       6
       0
       6
       4
       3
       4
       7
       4
       5
       6
       3
       1
       4
       5
       6
       5
       8
       4
       4
       2
       8
       2
       6
       7
       5
       5
       5
       3
       5
       5
       3
       4
       3
      10
       9
       3
       3
       5
       5
       3
       7
       7
       4
       4
       4
       3
       2
       5
       7
      10
       2
       4
       6
       5
       1
       1
       3
       5
       5
       7
       5
       0
       5
       2
       1
       1
       4
       5
       7
       6
       2
       9
       4
       4
       5
       5
       4
       3
       1
       2
       3
       3
       2
       2
       4
       3
       3
       7
       3
       6
       3
       3
       4
       5
       4
       8
      13
       2
       8
       5
       4
       5
       3
      11
      10
       7
       2
       4
       8
       9
       3
       3
       3
       6
       8
       3
      10
       5
       7
      11
       8
       6
       3
       3
       5
       8
       3
       8
       6
      13
      13
       7
       7
      13
       8
       5
       8
       5
      11
      12
      10
      13
       9
       9
      15
       6
      14
      10
      15
      14
      12
      13
      16
      10
      17
       9
       4
      14
      12
       9
       7
      22
      11
      10
      15
      16
      11
      16
      11
       7
      14
      14
      15
      21
      10
      10
      13
      26
      17
      16
      14
      16
      15
      19
      21
      18
      12
      12
      26
      11
       9
      15
      13
      22
      11
      10
      12
      10
      16
      14
      15
      14
      10
      13
      11
      10
       8
       8
      15
      12
      12
       7
      11
       4
       6
       5
      16
       8
       7
       8
       3
       5
       5
       5
       8
      10
       3
       5
       8
       7
      12
       5
       2
      12
       6
       5
       5
       4
       3
       3
       1
       6
       8
       5
       3
       4
       2
       3
       2
       3
       2
       5
       3
       3
       1
       5
       2
       3
       3
       2
       6
       0
       2
       3
       2
       1
       2
       0
       2
       3
       1
       0
       2
       4
       0
       2
       2
       2
       1
       0
       1
$ROI:
1
356 503
$PRESETS:
Live Time
300
0
$ENER_FIT:
3.366946 1.602176
$MCA_CAL:
3
3.366946E+000 1.602176E+000 -1.165550E-005 keV
$SHAPE_CAL:
3
4.916061E+001 0.000000E+000 0.000000E+000
