$SPEC_ID:
No sample description was entered.
$SPEC_REM:
DET# 2
DETDESC# BGO detector for MSc Detector lab
AP# Maestro Version 7.01
$DATE_MEA:
11/12/2018 16:58:54
$MEAS_TIM:
300 302
$DATA:
0 1023
       0
       0
       0
       0
       0
    1754
   12241
   15877
   16241
   14953
   13345
   11561
    9587
    7750
    6392
    5328
    4928
    4672
    5106
    5619
    6934
    8521
   10739
   13162
   15987
   19112
   22463
   25558
   28823
   31436
   33902
   35006
   35665
   35542
   34980
   33156
   31459
   28417
   25303
   22244
   19001
   15685
   13003
   10563
    8484
    6602
    5100
    3833
    2866
    2233
    1721
    1268
     917
     730
     662
     482
     452
     380
     350
     360
     331
     312
     297
     272
     262
     240
     268
     225
     258
     221
     235
     243
     227
     213
     186
     234
     221
     219
     191
     181
     206
     188
     205
     178
     188
     210
     184
     154
     175
     182
     170
     183
     181
     139
     139
     156
     171
     144
     162
     148
     137
     126
     128
     138
     130
     139
     137
     143
     120
     141
     134
     120
     116
     140
     107
     127
     118
     120
     113
     110
     122
     127
     114
     129
     103
     109
      91
     117
     103
     112
     115
     109
     127
      97
     104
     101
     109
     111
     101
      92
     120
      97
     103
      98
     113
      92
      83
      89
     100
      94
     100
      83
      87
      94
      79
      87
      80
      82
      94
      74
      97
      91
      57
      75
      70
      75
      79
      69
      76
      88
      67
      68
      76
      66
      69
      60
      59
      58
      72
      57
      56
      66
      60
      63
      61
      69
      68
      72
      49
      60
      59
      53
      60
      52
      63
      50
      47
      62
      60
      52
      52
      71
      52
      46
      47
      45
      63
      55
      56
      60
      49
      56
      52
      49
      54
      51
      42
      43
      42
      49
      45
      48
      48
      39
      37
      48
      55
      48
      37
      46
      37
      49
      36
      37
      35
      29
      46
      34
      29
      40
      34
      35
      38
      33
      35
      32
      31
      41
      17
      36
      25
      37
      36
      31
      30
      28
      31
      27
      31
      30
      34
      28
      35
      23
      26
      25
      37
      22
      31
      24
      31
      21
      30
      22
      27
      23
      18
      26
      28
      20
      29
      31
      29
      21
      16
      22
      24
      22
      35
      26
      26
      28
      17
      24
      31
      26
      28
      20
      21
      21
      20
      33
      21
      22
      17
      26
      29
      25
      24
      19
      26
      21
      20
      15
      24
      30
      23
      16
      17
      15
      23
      28
      33
      17
      20
      26
      17
      19
      24
      23
      16
      23
      17
      18
      22
      22
      17
      22
      21
      21
      19
      32
      30
      25
      23
      14
      24
      23
      16
      27
      17
      25
      31
      27
      15
      21
      21
      18
      19
      22
      32
      16
      23
      28
      27
      24
      27
      18
      23
      32
      23
      24
      17
      19
      19
      37
      19
      14
      24
      20
      23
      29
      26
      15
      19
      27
      22
      24
      17
      18
      21
      21
      18
      21
      21
      23
      21
      17
      14
      13
      21
      19
      16
      18
      16
      20
      17
      15
      19
      21
      17
      18
      14
       7
      14
      16
       9
      13
      15
      15
      17
      16
      18
      17
       9
       7
      15
      11
      10
      12
      10
      16
      13
      10
       9
       8
      14
       9
      15
       9
      11
       4
      11
      10
      11
      12
       9
      15
      12
       9
      22
      10
       9
      14
      12
      14
       5
      11
      12
      14
       3
      10
       9
       7
      14
      15
      12
      12
      12
       8
      11
       8
      12
      14
      11
       9
      10
      11
      10
       5
      13
      14
      10
      10
       7
      19
       8
       8
       4
       9
      15
       7
      17
      10
      12
      10
       4
      10
       7
       6
       8
       9
       5
       7
      11
      13
      17
       9
      14
      10
       9
       8
      11
      12
       2
       8
       5
       9
       7
       9
      10
       4
      13
       9
       9
       5
      12
       6
      11
       5
       4
       7
      12
      10
      10
      10
      10
      12
      13
      11
       5
       9
      10
      10
       6
      10
       7
       4
       5
       8
       4
      10
       8
       4
       5
      10
       7
       8
      13
       7
      11
      10
      11
      12
       5
       9
       7
       7
      10
       9
       5
      12
      12
       4
      18
      10
      12
       5
       7
       8
      10
      12
       8
      14
       9
       6
       7
      12
       9
       8
      12
       9
       9
       9
      14
       7
       5
      12
       6
      12
       5
       6
       5
      13
       8
       4
      14
      12
       4
       8
       7
       7
      12
      10
      10
       7
       8
       6
       7
      12
       5
       2
       4
       9
      11
       7
       4
       8
       5
       8
      12
       9
       4
       5
       3
       7
       2
       9
       5
       5
       9
       8
       4
       8
       8
       4
       5
      10
       6
      14
       7
       8
       5
       5
      10
       7
       5
       6
       6
       3
      11
       3
       8
       6
       8
       7
       3
       4
       9
       3
       3
       6
       5
       5
       5
       4
       5
       4
       9
       3
       6
       3
      10
       3
       6
       7
       4
       3
       7
       4
       2
       5
       5
       6
       6
       3
       7
       5
       7
      11
      11
       7
      10
       9
       8
       9
       6
       5
       2
       5
       7
       2
       6
       5
       4
       5
       4
       3
       6
       9
       8
       7
       5
       9
       8
       5
       8
       6
       2
       8
       2
       7
       5
      10
       3
       4
       8
       9
       0
       0
       3
       6
       7
       1
       5
       4
      11
       7
       6
       4
       6
       5
       3
       7
       1
       6
       3
      10
       6
       3
       4
       7
       5
       5
       7
       7
       5
       4
       2
       6
      13
       5
       7
       2
       3
       3
       6
       4
       6
       4
      11
       6
       3
       5
       6
       8
       8
       1
       3
       6
       2
       4
       4
       4
       4
       3
       2
       4
       1
       5
       4
       5
       7
       2
       6
       2
       5
       3
       3
       4
       1
       4
       5
       4
       5
       4
       4
       3
       4
       3
       1
       4
       3
       4
       7
       4
       5
       3
       4
       5
       5
       6
       6
       5
       4
       2
       5
       1
       5
       1
       1
       3
       4
       4
       4
       1
       7
       4
       2
       7
       7
       3
       5
       5
       6
       5
      10
       3
       8
       3
       4
      10
       6
       5
       5
       9
       7
       7
       7
      11
      11
       8
       8
       3
      10
       4
       8
       8
       8
       7
      12
       9
       5
       9
       8
      14
       5
       6
      10
       3
      10
      10
      16
       9
      12
      14
      13
       8
      13
       9
       8
      10
      13
       9
      13
      13
      15
      16
      21
      16
      12
      20
       6
      17
      14
      13
      15
      15
      18
      22
      16
      10
      20
      17
      13
      18
      14
      19
      11
      16
      13
      10
      18
      17
      12
      16
      18
      13
      14
      13
      16
      15
      12
       5
       7
       9
      10
      19
       9
      14
       8
       9
      12
       7
      14
       8
      11
       9
       8
      10
       8
       7
      15
       3
       9
       8
       7
       6
       3
      10
       7
       7
       6
       8
       5
       3
       7
       2
       6
       5
       7
       7
       4
       8
       3
       7
       3
       4
       0
       5
       3
       4
       3
       1
       2
       1
       0
       0
       3
       2
       3
       3
       0
       1
       1
       3
       0
       2
       3
       1
       4
       4
       2
       2
       2
       1
       1
       2
       1
       1
       1
       0
       2
       2
$ROI:
1
356 503
$PRESETS:
Live Time
300
0
$ENER_FIT:
3.366946 1.602176
$MCA_CAL:
3
3.366946E+000 1.602176E+000 -1.165550E-005 keV
$SHAPE_CAL:
3
4.916061E+001 0.000000E+000 0.000000E+000
