$SPEC_ID:
No sample description was entered.
$SPEC_REM:
DET# 2
DETDESC# BGO detector for MSc Detector lab
AP# Maestro Version 7.01
$DATE_MEA:
11/12/2018 19:14:37
$MEAS_TIM:
300 302
$DATA:
0 1023
       0
       0
       0
       0
       0
    1157
    8692
   10796
   11241
   10412
    9257
    7828
    6587
    5335
    4541
    3990
    3612
    3634
    3904
    4469
    5469
    6681
    8560
   10190
   12376
   14793
   17259
   19558
   21668
   23831
   25566
   26317
   27157
   26811
   26394
   24812
   23037
   21066
   18689
   16195
   13773
   11623
    9470
    7752
    6038
    4717
    3637
    2815
    2117
    1625
    1200
     956
     814
     640
     480
     514
     423
     360
     346
     330
     272
     305
     282
     276
     264
     245
     259
     255
     213
     227
     233
     224
     211
     197
     192
     208
     205
     184
     202
     201
     195
     193
     190
     191
     177
     166
     189
     152
     181
     190
     185
     150
     153
     173
     171
     161
     145
     129
     162
     130
     143
     136
     127
     143
     159
     151
     124
     139
     155
     134
     135
     137
     142
     137
     147
     130
     132
     122
     139
     121
     128
     110
     130
     125
     109
     122
      93
     109
     115
      87
     119
     120
     100
     115
     117
      95
     127
     118
      92
      98
      98
      97
      89
     120
      91
      90
     102
      85
     110
      74
      98
      86
      98
      88
      83
      85
      84
      87
      84
      67
      82
      79
      79
      66
      83
      76
      88
      65
      67
      77
      70
      75
      57
      63
      61
      56
      66
      54
      57
      56
      64
      59
      75
      53
      62
      85
      57
      65
      53
      68
      57
      46
      42
      54
      54
      65
      62
      65
      54
      48
      52
      56
      56
      55
      55
      50
      43
      49
      47
      42
      52
      54
      40
      42
      53
      46
      40
      39
      41
      40
      42
      38
      43
      47
      54
      37
      46
      61
      43
      45
      39
      37
      55
      34
      28
      49
      46
      29
      40
      42
      41
      37
      31
      28
      39
      39
      42
      34
      38
      38
      23
      32
      32
      34
      31
      32
      30
      29
      28
      30
      28
      25
      25
      26
      21
      22
      38
      21
      22
      32
      32
      16
      30
      25
      21
      19
      19
      27
      24
      17
      28
      19
      27
      21
      37
      27
      31
      28
      23
      18
      26
      25
      24
      17
      33
      27
      35
      21
      17
      26
      25
      21
      15
      27
      29
      27
      25
      17
      19
      15
      20
      25
      24
      26
      25
      25
      23
      25
      31
      26
      18
      27
      14
      25
      21
      19
      17
      19
      20
      22
      29
      18
      17
      21
      19
      16
      17
      29
      25
      24
      25
      17
      23
      24
      28
      23
      27
      21
      21
      22
      29
      23
      21
      17
      30
      26
      27
      25
      31
      22
      22
      29
      25
      20
      32
      25
      26
      31
      30
      26
      20
      24
      18
      23
      25
      21
      30
      19
      17
      25
      36
      22
      35
      15
      16
      20
      29
      24
      23
      23
      16
      22
      20
      20
       9
      17
      24
      23
      23
      17
      18
      17
      17
      22
      12
      20
      19
      12
      15
      16
      18
      14
      19
      10
       9
      10
      14
      13
      13
      16
      14
       9
      18
      12
       9
       8
      15
      12
      12
       8
      13
      10
      12
      12
      12
      12
      11
      16
       7
      15
      10
      10
      12
       6
       9
       9
       9
      15
       8
      15
      13
      10
      12
       8
      17
       7
      12
      19
       9
       8
       9
      15
       4
      10
      14
       9
       8
      11
       7
       9
      10
      10
      12
      10
      13
      15
      12
      10
       9
       7
      17
      14
      11
      11
      12
      12
      11
       7
      10
      12
      13
       9
      12
      18
      11
      10
      12
       6
      13
       7
      12
      13
       4
      12
       8
      12
       6
      10
       9
      14
       3
      14
      12
      10
      17
      11
      11
       8
      11
       8
       6
      10
      14
       9
       8
      14
       6
      14
       5
       8
      10
      10
       6
      14
      11
       7
       6
       9
      11
      11
       6
       8
      11
      10
      13
       3
      12
      12
       4
      13
      10
      10
       8
       8
       6
       7
      13
       9
       8
      11
      11
      11
      20
       8
       5
      11
       7
       8
      10
       6
       5
      10
      11
       9
      14
       8
      10
      13
       8
       9
      14
      15
      11
       4
       8
      11
      14
      14
      10
      13
       7
      10
      11
       7
      15
      10
       9
       4
      10
       3
       9
      10
      11
      12
       7
      13
       8
      14
       7
       7
       3
       8
      12
       7
      12
      16
       9
      15
      11
      10
       8
       9
      14
       6
      14
      10
       5
       4
       7
       4
       6
       4
       5
       5
       8
       4
       8
       7
       7
       7
       7
       4
      13
       8
       7
       5
       4
       7
       5
       6
       8
       5
       2
       7
       7
       7
       8
       7
       5
       5
      12
       5
       8
       6
       6
       7
       6
       4
       9
       9
       5
       7
       8
       8
       5
       7
       8
       4
       4
       8
       6
       5
       1
      11
       2
       6
      11
       6
       5
       8
       8
       9
      14
       6
       6
       7
       9
       3
       4
       5
       8
       9
       7
       8
       9
       6
       8
       5
      10
       2
       2
       5
       6
       7
      11
       9
       8
       5
      10
      11
      12
       7
       6
       4
      12
       8
       4
       7
       4
       6
       7
      12
       9
       5
       5
       7
       6
       5
       9
       6
       8
       4
       5
       7
       3
       5
       4
       5
       9
       5
       3
       5
      10
       3
      10
       5
      10
       2
       7
       8
      10
       7
       3
       4
       2
       9
       4
       3
       5
       9
       2
       2
       3
       8
       7
       5
       2
       5
       6
       2
       7
       2
       2
       2
       2
       4
       4
       7
       5
       4
      10
       3
       3
       5
       8
       1
       5
       6
       6
       6
       5
       2
       2
       4
       1
       2
       6
       5
       3
       6
       6
       6
       6
       5
       2
       7
       7
       2
       4
       8
       5
       4
       3
       3
       8
       4
       2
       3
       4
       2
       6
       4
       6
       1
       4
       2
       0
       4
       3
       4
       7
       5
       5
       6
       5
       3
       4
       5
       9
       4
       3
       6
       4
       5
       7
       3
       4
       6
       1
       1
      10
       9
      10
       3
       7
       5
       4
       5
       9
       8
       8
       8
      11
       5
       8
      10
       9
       6
      10
      17
       8
      13
       9
      13
      10
      11
      12
      14
       8
      11
      11
      14
       9
      10
      15
      16
      11
      11
      18
       8
      14
      13
      13
      14
      12
      13
      15
      16
      16
      13
      22
      17
      15
      13
      14
      13
      13
      17
      22
      23
       9
       9
      13
      15
      19
      15
      16
      13
      16
      19
      13
      17
      12
      14
      16
      10
      15
      20
      18
       7
      12
      11
      17
      14
      12
      15
      18
       8
       7
       7
      11
      12
      10
       7
       8
      11
       8
       3
      10
       7
      10
      11
       5
       7
      10
       4
       3
       2
       4
       4
       5
       4
       4
       6
       6
       5
       4
       5
       5
       4
       4
       4
       2
       4
       2
       2
       3
       0
       6
       4
       0
       5
       4
       4
       0
       2
       4
       1
       4
       0
       0
       5
       2
       4
       4
       1
       1
       0
       3
       2
       5
       3
       1
       2
       3
       1
       2
       2
       1
       3
       1
       1
       0
       1
$ROI:
1
356 503
$PRESETS:
Live Time
300
0
$ENER_FIT:
3.366946 1.602176
$MCA_CAL:
3
3.366946E+000 1.602176E+000 -1.165550E-005 keV
$SHAPE_CAL:
3
4.916061E+001 0.000000E+000 0.000000E+000
