$SPEC_ID:
No sample description was entered.
$SPEC_REM:
DET# 2
DETDESC# BGO detector for MSc Detector lab
AP# Maestro Version 7.01
$DATE_MEA:
11/12/2018 17:51:03
$MEAS_TIM:
300 302
$DATA:
0 1023
       0
       0
       0
       0
       0
    1380
    9591
   12372
   12788
   12005
   10674
    9083
    7472
    6076
    4869
    4157
    3717
    3575
    3565
    4019
    4732
    5676
    6971
    8485
   10304
   12137
   14185
   16168
   18166
   20009
   21736
   22620
   23609
   23864
   23368
   22402
   21297
   19450
   17680
   15621
   13286
   11368
    9495
    7822
    6368
    4968
    3915
    3101
    2285
    1804
    1300
    1140
     817
     663
     538
     470
     413
     319
     316
     294
     272
     288
     270
     256
     244
     244
     260
     231
     251
     233
     219
     207
     232
     206
     197
     201
     189
     178
     187
     167
     189
     188
     181
     191
     167
     203
     161
     157
     154
     151
     149
     176
     169
     148
     145
     168
     169
     142
     153
     145
     134
     137
     156
     152
     120
     152
     142
     149
     139
     116
     106
     129
     127
     127
     129
     117
     152
     114
     114
     113
     121
     148
     130
     128
     101
     116
     114
     112
      95
     120
     110
      83
     113
      97
     131
      93
     111
     115
      98
     102
      89
      95
     107
     106
     104
      96
      74
      87
      78
      89
      87
      89
      93
      94
      81
      70
      88
      79
      78
      84
      58
      85
      75
      73
      76
      75
      64
      67
      70
      73
      76
      74
      68
      67
      67
      65
      73
      52
      64
      70
      59
      61
      66
      63
      74
      64
      64
      64
      54
      51
      50
      49
      46
      59
      56
      67
      59
      59
      51
      41
      46
      34
      47
      47
      48
      69
      49
      56
      61
      50
      58
      54
      44
      53
      47
      72
      40
      39
      44
      32
      42
      53
      45
      48
      51
      40
      37
      48
      46
      42
      28
      47
      43
      45
      39
      35
      42
      38
      28
      25
      38
      30
      24
      32
      42
      31
      19
      34
      34
      26
      28
      23
      22
      42
      30
      26
      15
      27
      33
      28
      24
      28
      30
      26
      31
      19
      12
      21
      27
      28
      25
      25
      21
      21
      20
      26
      29
      27
      23
      22
      27
      29
      32
      33
      31
      22
      21
      22
      32
      28
      21
      21
      20
      24
      29
      32
      22
      23
      28
      37
      23
      24
      24
      20
      25
      30
      22
      21
      28
      14
      25
      21
      26
      23
      20
      30
      30
      21
      21
      26
      18
      22
      26
      24
      21
      19
      22
      29
      16
      31
      16
      25
      27
      24
      22
      20
      18
      26
      21
      20
      18
      20
      20
      19
      24
      29
      18
      20
      21
      13
      25
      15
      19
      31
      23
      20
      23
      22
      18
      18
      26
      12
      16
      30
      16
      26
      30
      18
      25
      22
      24
      21
      28
      21
      16
      32
      27
      16
      21
      26
      24
      21
      19
      17
      15
      14
      18
      23
      14
      21
      29
      31
      16
      18
      17
      20
      22
      19
      23
      13
      19
      16
      15
      15
      16
      17
      11
      13
       7
      13
      13
      19
      15
      19
      10
      17
      10
       9
      17
      14
      12
      14
      14
      15
      17
      13
      16
      16
      15
      13
       7
      10
      11
      10
      14
      20
      10
       8
      15
      15
       8
      12
      10
      10
      14
      10
      11
       7
      11
      11
      14
      13
      10
      15
      19
      12
       6
      12
      14
      10
      11
      15
      13
      15
      11
      12
       5
       8
      11
      10
       9
      10
      13
       5
      10
      17
       4
      17
       8
      12
       8
      10
      15
       7
       9
      10
      11
      12
      11
       9
      19
      12
       9
       9
      10
       9
       7
      10
       9
       7
      17
       8
       8
       8
       5
      12
      10
      21
       9
      11
      17
       7
       5
      14
       4
       5
      10
      13
       6
       7
      10
       8
      12
       8
      11
      13
      10
       9
       8
       9
       7
       7
       6
      10
       6
      10
       7
      14
      12
       9
      13
       6
      10
      10
      11
      11
       9
      11
       8
       9
       9
      21
       5
       9
      10
       5
      14
      12
       8
      10
      13
       7
      10
       7
       4
       5
      10
       7
      10
      13
      11
       9
       9
       9
       9
      10
      10
      10
       7
       5
      10
      10
       9
       4
       7
      11
       7
      10
       6
       8
      13
      12
      12
       7
       6
      11
      10
      10
      10
       8
       7
      13
       9
      12
       2
      15
       8
      11
       1
       7
       6
       8
       5
       5
      11
       8
       7
      10
      15
       9
       9
       9
       7
       7
       5
       8
      10
       5
       5
       4
       7
      10
       6
       4
       6
      12
       8
       5
      12
       3
      10
       5
       9
      11
      12
       6
       6
       8
       9
       8
       3
       3
       7
       6
       4
      10
       9
       6
       4
       6
       9
       5
      12
       8
       8
       4
       6
      10
       3
       5
       6
       6
      10
       7
       6
       7
       6
       5
       3
       8
       5
      13
       8
      10
       6
       6
       5
       7
      12
       5
       4
       5
       3
       5
       9
       9
       2
       4
       4
       5
       8
       7
       9
      12
       7
       6
      10
       8
       5
       7
       6
       5
       6
       5
       8
       3
       6
       5
       6
       5
       6
       8
       5
       4
       6
      11
       5
       5
       4
       3
       6
       5
       5
       3
       2
      14
       6
       4
       6
       8
       7
       5
       6
       5
       7
       9
       5
       0
       6
       2
       5
       6
       6
       6
       7
       6
       9
       8
       3
       5
       6
       3
       7
       4
       5
       5
       1
       2
       8
       6
       9
       6
       7
       4
       4
       5
       6
       4
       4
       3
       6
       8
       1
       5
       4
       5
       4
       5
       1
       3
       5
       1
       4
       4
       4
       5
       7
       2
       4
      10
       5
       4
       2
       2
       5
       8
       3
       5
       3
       2
       0
       5
       0
       6
       4
       5
       3
       3
       4
       5
       5
       1
       6
       3
       2
       2
       6
       4
       3
       1
       8
       4
       5
       2
       2
       7
       1
       5
       1
       4
       5
       4
       3
       2
       4
       3
       3
       5
       6
       4
       2
       8
       9
       7
       4
       2
       3
       5
       8
      10
      11
       4
       4
       9
       6
       7
       5
       8
       2
       7
       8
       9
       7
      19
       4
       5
       9
       8
       8
      11
       5
       2
      11
       3
       5
      11
       7
       6
      18
      11
       5
      14
      16
      10
      10
      18
      10
       8
      12
      12
      14
      11
       9
      16
       9
      20
       9
      13
       9
      19
      16
      15
      17
      11
      23
      17
      15
      13
      13
      12
      15
      17
      22
      11
      20
       7
       7
      11
      16
      10
      10
      16
      16
      14
      12
      10
       9
       7
      14
       9
      18
      19
      11
      11
      13
      13
      12
      13
      13
       7
       7
      12
      15
       6
       6
      14
       6
       8
      14
       4
       7
       3
       7
       7
       5
       4
       8
       4
       9
       6
       3
       3
       6
       4
       7
       4
       4
       4
       9
       2
       4
       3
       4
       9
       5
       4
       3
       4
       3
       5
       6
       8
       3
       0
       7
       1
       1
       4
       2
       2
       4
       2
       1
       5
       0
       3
       2
       1
       1
       1
       0
       1
       2
       2
       3
       1
       1
       3
       3
       1
       0
       2
       1
       0
$ROI:
1
356 503
$PRESETS:
Live Time
300
0
$ENER_FIT:
3.366946 1.602176
$MCA_CAL:
3
3.366946E+000 1.602176E+000 -1.165550E-005 keV
$SHAPE_CAL:
3
4.916061E+001 0.000000E+000 0.000000E+000
