$SPEC_ID:
No sample description was entered.
$SPEC_REM:
DET# 2
DETDESC# BGO detector for MSc Detector lab
AP# Maestro Version 7.01
$DATE_MEA:
11/12/2018 17:28:54
$MEAS_TIM:
300 302
$DATA:
0 1023
       0
       0
       0
       0
       0
    1118
    7976
   10538
   10955
   10479
    9477
    8309
    7096
    6136
    5054
    4447
    4137
    3956
    4302
    4839
    5844
    7191
    8848
   10966
   13232
   15989
   18799
   21581
   24188
   26401
   28331
   29609
   30967
   30731
   30712
   29088
   27568
   25335
   22639
   19830
   17307
   14656
   12009
    9800
    7794
    6159
    4757
    3718
    2810
    2074
    1600
    1169
     929
     761
     631
     525
     429
     367
     369
     342
     280
     296
     292
     293
     271
     254
     258
     268
     235
     210
     258
     240
     200
     224
     183
     222
     209
     223
     211
     218
     200
     181
     157
     163
     180
     171
     171
     138
     197
     160
     150
     186
     167
     163
     149
     171
     171
     172
     150
     140
     166
     117
     158
     137
     134
     136
     134
     123
     110
     137
     140
     121
     114
     132
     133
     125
     131
     131
     110
     103
     100
     119
     113
     129
     116
     137
     117
     109
     114
     123
     118
     112
      97
     104
     106
     112
      99
      90
     114
      91
     104
      99
     110
      98
     110
     105
      92
      90
      82
      94
      83
      94
      82
      99
      73
      91
      88
      92
      86
      70
      90
      75
      76
      85
      77
      77
      61
      67
      80
      70
      76
      70
      63
      77
      80
      60
      49
      79
      62
      66
      58
      57
      59
      59
      59
      56
      57
      61
      69
      65
      53
      54
      45
      63
      66
      52
      64
      58
      53
      56
      42
      45
      44
      58
      40
      58
      52
      56
      75
      44
      51
      30
      42
      46
      52
      44
      51
      48
      53
      44
      38
      48
      54
      48
      50
      42
      57
      34
      43
      55
      38
      27
      27
      35
      32
      33
      38
      35
      34
      51
      29
      48
      29
      28
      46
      34
      32
      44
      19
      36
      52
      34
      37
      25
      23
      17
      26
      29
      23
      32
      26
      21
      25
      24
      27
      25
      31
      21
      23
      25
      33
      24
      26
      27
      27
      21
      23
      26
      24
      28
      20
      24
      31
      19
      22
      35
      22
      30
      23
      18
      24
      25
      34
      24
      24
      23
      24
      24
      25
      22
      18
      23
      22
      24
      28
      26
      27
      27
      24
      24
      29
      22
      29
      22
      25
      17
      27
      23
      27
      23
      22
      23
      13
      28
      22
      22
      10
      34
      30
      25
      23
      14
      15
      17
      22
      26
      36
      19
      21
      28
      24
      24
      20
      19
      21
      18
      16
      19
      22
      13
      30
      20
      23
      22
      22
      23
      20
      27
      26
      25
      22
      17
      13
      17
      22
      19
      31
      24
      24
      18
      21
      18
      27
      20
      32
      17
      18
      24
      23
      27
      23
      23
      23
      23
      21
      21
      17
      26
      26
      20
      19
      23
      15
      17
      20
      17
      16
      18
      12
      18
      20
      16
      18
      18
      17
      14
      21
      13
      21
      17
      11
      16
      16
      13
      15
      17
      17
      13
      12
      13
      11
      11
      12
      14
      16
      17
      17
      12
      14
      13
      18
      14
      13
      14
       9
      11
      14
      14
      14
      25
       9
      14
      14
      12
       9
       9
      10
      11
      13
       9
       9
       8
      16
      10
      17
      12
      11
      19
      11
       6
      15
      15
      10
      10
       9
      12
      13
       5
      12
      12
      16
      15
       8
       7
       7
      15
      13
      13
      12
       7
       9
       4
       9
      10
      13
      12
      15
      11
      10
      12
       7
      10
      14
       8
      12
       8
      12
       7
      12
      12
       8
      15
       6
      12
       9
      12
       9
       7
      14
       9
      14
       6
      10
      12
       9
       7
      15
       8
      10
       7
       6
       8
       9
       8
      11
       6
       8
       7
       8
      13
       5
       8
      12
       8
       6
       7
       7
       8
      10
      14
       8
      11
      14
      11
       5
      10
      11
       6
       8
      10
       9
       6
      11
       8
      13
       8
      11
       5
      11
      10
       5
      12
       6
       9
       8
       9
      11
       7
       6
      11
       8
      14
       7
       8
       7
      12
       9
      15
       8
       8
       6
       5
       9
      13
       6
       8
      11
      10
       8
       7
       7
       9
       5
      11
       9
       6
      11
      10
      17
       5
       8
      11
      23
       5
       9
       8
      12
       8
       8
       4
       4
       8
       9
       6
      10
       5
       7
       5
       8
      10
       7
      11
       9
      11
       5
       6
       7
       6
      16
       9
       6
       7
       5
       9
       7
       7
       4
       6
       7
       9
       5
       6
       6
       5
       7
       5
       5
       3
       2
       6
       6
       4
       9
       4
       5
       7
      13
       5
       5
       6
      10
       7
       1
       4
      13
       3
       7
       6
       3
       9
       3
       9
       7
       3
      10
       7
       6
       5
       5
       9
       6
       4
       7
       3
      10
       4
       4
       8
       7
       7
       8
       4
       3
       3
       8
       6
       5
       5
       5
       4
       4
       6
      11
       8
      12
       6
       7
       7
       5
       6
       5
       4
       6
       6
       5
       7
       4
       4
       4
       9
       6
       5
       6
       6
       6
      13
       4
       7
       5
       8
       6
       3
       8
       6
       3
       7
       4
       7
       7
       5
       8
      10
       4
       4
       5
       9
       5
       9
       6
       3
       6
       3
       7
       5
       8
       5
       2
       6
      11
       2
       4
      11
       3
       5
       5
       5
       3
      10
       5
       8
       1
       3
       6
       3
       7
       4
       4
       4
       7
       3
       3
       6
       1
       5
       4
       5
       5
       0
       4
       2
       8
       7
       7
       5
       9
       4
       4
       3
       2
       5
       2
       3
       1
       6
       4
       3
       3
       7
       2
       4
       4
       7
       4
       6
       6
       6
       7
       1
       6
       7
       3
       5
       3
       2
       5
       4
       3
       5
       7
       2
       4
       3
       3
       6
       3
       4
       4
       4
       3
       2
       2
       1
       4
       6
       7
       7
       6
       4
       5
       7
       5
       1
       3
       5
       3
       5
       3
       7
       5
       5
       4
       6
       6
       6
       7
       8
       5
       7
      13
       2
       5
       7
       8
       7
       8
       9
       7
       3
      10
      10
       9
      12
       7
       8
       6
      10
      14
      12
      17
      10
      15
      10
      12
       9
       6
      13
       8
      10
      11
      10
      11
      14
      13
      14
      11
       8
      26
      18
       6
      15
      13
      17
      16
      13
      13
      21
      15
      15
      13
      14
      14
      15
      20
      18
      11
       9
      12
      15
      18
      14
      19
      12
      11
      19
      14
      13
      11
      15
       9
      11
      14
       7
      13
      14
      10
      12
      12
      15
      11
      13
      13
      14
      13
      13
      13
      19
       6
      10
      10
       8
       9
       4
       7
       6
       5
       6
       7
       7
      12
       5
       6
      12
       7
      10
       8
       3
       4
       9
       8
       4
       1
       6
       3
       4
       5
       3
       5
       3
       3
       1
       1
       4
       3
       5
       1
       2
       2
       2
       3
       2
       1
       2
       1
       1
       1
       1
       0
       0
       1
       3
       5
       1
       2
       1
       1
       1
       1
       3
       2
       1
       2
       2
       1
       1
$ROI:
1
356 503
$PRESETS:
Live Time
300
0
$ENER_FIT:
3.366946 1.602176
$MCA_CAL:
3
3.366946E+000 1.602176E+000 -1.165550E-005 keV
$SHAPE_CAL:
3
4.916061E+001 0.000000E+000 0.000000E+000
