$SPEC_ID:
No sample description was entered.
$SPEC_REM:
DET# 2
DETDESC# BGO detector for MSc Detector lab
AP# Maestro Version 7.01
$DATE_MEA:
11/12/2018 17:36:17
$MEAS_TIM:
300 302
$DATA:
0 1023
       0
       0
       0
       0
       0
    1258
    9244
   11981
   12076
   11496
   10360
    9065
    7329
    6079
    5065
    4254
    3818
    3754
    3817
    4357
    5216
    6255
    7756
    9609
   11190
   13519
   16009
   18311
   20429
   22270
   24014
   25315
   26020
   26531
   26037
   24875
   23442
   21704
   19245
   17103
   14964
   12313
   10401
    8441
    6798
    5525
    4217
    3329
    2464
    1967
    1470
    1170
     841
     709
     541
     475
     422
     376
     341
     299
     286
     313
     293
     256
     255
     240
     255
     242
     215
     244
     220
     231
     223
     210
     208
     208
     200
     188
     193
     164
     178
     176
     179
     183
     157
     196
     142
     171
     162
     164
     168
     157
     166
     170
     154
     160
     165
     136
     150
     134
     146
     127
     160
     171
     140
     128
     118
     152
     136
     125
     134
     133
     152
     106
     129
     137
     118
     104
     108
     120
     112
     121
     113
     108
     100
     104
     104
      99
     103
     109
     112
     105
     110
     107
      98
     106
     107
      92
     101
     100
      86
     122
      94
     102
      92
     103
     105
      88
      95
      83
      76
      91
      84
      91
      83
      76
      84
      85
      82
      76
      69
      74
      64
      56
      71
      72
      71
      77
      75
      61
      71
      78
      72
      73
      71
      58
      62
      65
      61
      73
      62
      60
      63
      52
      59
      84
      64
      72
      53
      56
      66
      59
      65
      48
      48
      45
      57
      44
      47
      60
      67
      60
      44
      57
      54
      59
      51
      46
      36
      58
      48
      48
      56
      41
      59
      38
      37
      44
      35
      52
      42
      55
      41
      40
      58
      42
      37
      49
      50
      39
      45
      38
      43
      40
      37
      38
      30
      40
      44
      34
      26
      44
      40
      40
      32
      39
      30
      31
      31
      27
      36
      27
      32
      33
      33
      26
      31
      28
      34
      33
      23
      37
      29
      27
      26
      35
      35
      31
      31
      26
      26
      31
      24
      31
      24
      24
      29
      21
      26
      28
      18
      19
      33
      31
      31
      23
      31
      16
      28
      23
      22
      18
      25
      18
      24
      19
      23
      28
      24
      25
      29
      20
      25
      19
      20
      28
      27
      24
      27
      17
      22
      24
      29
      22
      16
      27
      28
      22
      22
      21
      23
      16
      19
      25
      35
      21
      21
      18
      25
      18
      26
      22
      19
      21
      31
      24
      28
      24
      24
      26
      22
      17
      15
      27
      18
      19
      19
      23
      23
      21
      24
      18
      26
      30
      14
      19
      31
      28
      21
      21
      22
      29
      25
      34
      24
      30
      14
      20
      22
      30
      23
      16
      19
      22
      23
      22
      19
      27
      19
      26
      18
      29
      20
      26
      18
      19
      18
      15
      14
      16
      19
      17
      18
      18
      13
      21
      17
      27
      19
      17
      17
      18
      17
       9
      14
      12
      17
      15
      10
      12
      18
      16
      12
      15
      18
      12
      11
      16
      11
      22
      15
      15
      12
      13
      14
      16
      12
      19
      12
      10
      13
      10
       9
       8
      11
      11
      12
      10
      14
       7
      14
      10
      15
      12
      13
      14
      11
      12
      12
      11
      10
      17
      10
       7
       9
      17
      12
      10
       9
      13
      14
      10
       7
       9
      10
      10
       8
       7
       1
       9
       7
      10
      10
      10
      12
      13
       6
      15
       7
      15
       9
      14
       9
       8
      12
      15
       5
      10
      11
      16
      12
       6
      12
       8
      12
      11
      21
       7
      14
      11
      14
       9
      12
       7
       9
       6
       7
      14
      11
       5
      13
       6
       4
       9
      15
      10
      10
       8
       7
       4
      14
       8
      15
      14
       6
      11
      11
      12
       9
      11
       9
      13
      13
       8
      10
       6
      11
      15
       6
       6
      11
       5
      11
       3
       6
       5
       7
       6
      12
       5
      11
       9
      10
       2
       9
      10
      10
      14
      17
       9
       8
      10
      15
      13
      10
       6
      12
      12
      11
       5
       6
      10
      14
       7
      13
      11
       8
       5
       8
       7
      15
       5
       6
      13
      10
      11
       9
      11
       9
      13
      12
       8
      10
       6
       9
       7
      10
       7
      12
       3
       7
       2
       5
       6
       9
       9
       4
       5
       6
       5
      11
      12
       6
       9
       6
      11
       8
      11
       6
       6
      10
       7
       7
      10
       5
       8
      10
       9
       5
       4
       4
       8
       4
       6
       9
       9
       9
       7
       9
       7
       3
       6
       6
       6
       5
       5
       9
       8
       8
       4
       8
       5
       4
       5
       8
       7
       6
       8
       6
       4
       5
       5
       6
       8
       6
       8
       5
       4
       9
       9
       7
       8
       5
       5
       6
       4
       9
      10
       7
       1
       4
       6
       2
       8
       4
       5
       6
       2
       5
       7
      11
       3
       9
       6
       6
       5
       7
       8
       4
       9
       8
      10
       7
      10
      10
      12
       5
       7
       6
      10
       7
       7
       6
      12
       5
       8
       6
       4
       8
       7
       7
      10
      11
      10
       4
       9
       1
      13
       4
       5
       7
      10
       8
       4
       8
       9
       4
      11
       5
       4
       5
       6
       5
       7
       4
       8
       5
       7
       6
       2
       7
       7
       5
       5
       3
       2
       7
       9
       3
       2
       5
       8
       8
       6
       3
       4
       2
       8
       7
       4
       1
       1
       5
       5
       4
       1
       9
       2
       3
       3
       2
       4
       2
       1
       4
       7
       4
       8
       3
       1
       2
       5
       6
       5
       5
       6
       2
       5
       4
       7
       4
       3
       4
       3
       2
       2
       8
       7
       6
       4
       3
       4
       8
       4
       3
       7
       3
       4
       5
       0
       4
       2
       3
       4
       1
       3
       5
       1
       9
       4
       3
       3
       4
       3
       5
       6
       7
       2
       2
       8
       7
       4
       3
       4
       3
       3
       2
       3
       3
       8
       3
       5
       6
       5
       5
       4
       5
       7
       7
       6
       4
      10
      11
       3
       4
       6
       5
       6
       7
      13
       4
       7
       5
      11
       7
       4
       6
       7
       5
       7
       9
       2
       4
       8
       5
      11
       8
      11
      14
       8
       7
      10
      17
      15
      18
      13
      16
      14
       7
      10
      17
       7
      12
      11
      16
      16
      12
      11
      15
      18
      20
      19
      13
      17
      12
      18
      21
      21
      10
      15
      11
      14
      11
      18
      13
      13
      16
       9
      13
      17
      19
      11
      17
      12
      15
      15
      15
      18
      12
      14
      13
       8
      19
      11
      10
      19
      13
      11
      13
      14
      14
       4
      12
      12
      10
       5
       6
       4
       6
       7
       6
      12
       9
       5
      10
       6
       6
      10
       6
       5
       5
       5
       6
       4
       7
       4
       3
       4
       8
       6
       6
       8
       3
       6
       4
       4
       6
       1
       5
       3
       3
       1
       5
       3
       2
       1
       1
       0
       2
       3
       1
       3
       4
       4
       2
       4
       3
       3
       1
       1
       2
       1
       3
       0
       2
       1
       0
       0
       0
       2
       1
       0
       2
       0
$ROI:
1
356 503
$PRESETS:
Live Time
300
0
$ENER_FIT:
3.366946 1.602176
$MCA_CAL:
3
3.366946E+000 1.602176E+000 -1.165550E-005 keV
$SHAPE_CAL:
3
4.916061E+001 0.000000E+000 0.000000E+000
