$SPEC_ID:
No sample description was entered.
$SPEC_REM:
DET# 2
DETDESC# BGO detector for MSc Detector lab
AP# Maestro Version 7.01
$DATE_MEA:
11/12/2018 18:55:33
$MEAS_TIM:
300 302
$DATA:
0 1023
       0
       0
       0
       0
       0
     835
    5839
    7880
    8038
    7872
    7068
    6238
    5454
    4611
    3965
    3492
    3280
    3336
    3642
    4108
    4800
    6066
    7635
    9251
   11224
   13348
   15626
   18125
   20005
   21943
   23534
   24566
   25380
   25385
   24670
   24017
   22143
   20213
   18029
   16060
   13587
   11647
    9549
    7807
    6187
    4858
    3800
    2931
    2311
    1797
    1283
    1065
     778
     680
     508
     431
     410
     359
     361
     333
     305
     261
     236
     281
     267
     234
     262
     262
     242
     267
     206
     219
     224
     196
     196
     214
     197
     209
     190
     172
     212
     218
     198
     193
     202
     199
     160
     194
     180
     165
     178
     175
     175
     168
     162
     161
     156
     155
     151
     143
     155
     160
     144
     143
     135
     135
     145
     145
     140
     131
     128
     125
     126
     119
     149
     122
     156
     109
     112
     110
     110
     118
     107
     119
     132
     108
     121
     110
     108
     113
     109
     126
      98
     111
     106
     108
     106
     113
      84
     115
     113
     112
     107
     109
      90
     129
      97
      89
      96
      80
      83
      74
      68
      84
      77
      81
      90
      66
      90
      84
      77
      73
      72
      63
      69
      83
      67
      69
      66
      72
      62
      84
      55
      69
      82
      51
      67
      68
      62
      53
      69
      87
      81
      55
      78
      72
      63
      54
      54
      55
      58
      67
      54
      70
      43
      40
      62
      53
      65
      55
      61
      53
      49
      43
      56
      43
      55
      60
      66
      42
      41
      32
      42
      46
      41
      42
      40
      45
      35
      43
      41
      46
      50
      48
      44
      44
      35
      50
      37
      36
      43
      43
      34
      29
      39
      38
      37
      33
      33
      36
      28
      31
      42
      31
      30
      44
      27
      36
      25
      35
      28
      29
      25
      22
      38
      27
      31
      38
      32
      24
      26
      20
      37
      34
      29
      22
      32
      30
      29
      35
      21
      18
      31
      26
      25
      22
      28
      29
      17
      31
      37
      22
      26
      36
      27
      35
      27
      31
      15
      25
      24
      27
      23
      31
      22
      26
      28
      30
      26
      18
      28
      26
      26
      26
      26
      21
      23
      24
      14
      21
      22
      28
      20
      20
      30
      19
      23
      26
      24
      19
      19
      27
      22
      23
      28
      20
      21
      25
      23
      20
      20
      24
      18
      20
      25
      25
      23
      29
      19
      28
      17
      25
      25
      19
      20
      25
      21
      22
      31
      18
      29
      29
      20
      27
      18
      16
      11
      22
      24
      21
      24
      20
      27
      31
      12
      24
      23
      22
      26
      12
      20
      17
      26
      21
      25
      21
      20
      21
      18
      15
      31
      19
      26
      21
      29
      32
      21
      20
      14
      23
      14
      14
      12
      25
      22
      21
      18
      16
      23
      20
      10
      21
      19
      20
      10
      18
      14
      20
      16
      13
      15
       8
      11
      11
       9
      19
      21
       9
       7
      11
      16
      12
      12
      14
      10
      13
      12
      19
      16
      14
      12
      11
       7
      15
      13
      17
       8
       9
       8
      13
      13
      10
      11
      10
       8
      16
      10
      11
      12
      13
      11
      14
       5
      11
       3
       9
      11
      15
      11
      17
       8
      10
       7
      10
       9
      13
      11
       9
      14
       9
       9
      11
      10
       8
      10
       8
      17
      13
       9
       8
      12
       9
      13
      13
      12
      12
      10
      13
      13
      13
      11
      17
       9
       6
       9
      11
      10
      20
      13
       5
      10
       6
      13
      15
       3
      11
      12
      15
       9
      16
       9
       8
       7
      11
       7
      10
      11
      11
      11
      11
       9
       6
       8
       9
       5
       9
      10
       5
       4
       7
       6
       9
      12
      10
      13
       8
       9
      11
      16
      10
       9
       8
      10
       7
       6
       9
      12
       6
       8
       5
      12
      10
      12
      13
      19
      11
      10
       9
      14
      13
      12
      11
      12
      14
       6
       4
       8
       4
       9
       7
      10
      12
      12
       4
      12
       6
       6
      15
       7
      15
       8
      14
       6
       7
      12
       8
       7
       9
      12
      10
      13
       7
      11
       8
       6
      12
      13
       7
       6
       9
      16
      11
       7
      10
       5
       6
       8
       9
       5
      10
       9
      13
       7
       8
      10
       5
       9
      11
       7
       9
       5
      11
       7
       7
       7
      11
       5
       4
       7
       8
       6
       7
       2
       9
       9
       5
       7
       2
       5
       4
      10
       9
       8
       7
       7
       8
      10
       4
       2
       8
       5
       5
       8
       3
       4
       4
       3
       9
       5
       8
       6
       5
       7
       8
       7
      10
       5
       7
       9
       4
       7
       9
       6
       6
       3
       6
       6
       6
       4
       5
       5
       6
       6
      14
       5
       8
       9
      10
       7
       2
      10
       2
       6
       2
      10
       4
       4
       6
       5
       9
       3
       6
      10
       8
       5
       6
       8
       4
       7
      12
       8
       8
       6
       6
      11
       6
       5
       6
       7
       5
       8
       3
       8
       5
       6
       6
       3
       6
       3
       8
       3
       5
       4
       3
       3
       4
       4
       3
       5
       2
       3
       4
       9
       7
       5
      10
       3
       6
       3
       7
       5
       5
       4
       4
      11
       5
       9
       3
       6
       8
       4
      10
       8
       8
       8
       5
       5
       5
       5
       3
       6
       6
       4
       2
       5
       4
       4
       6
       7
       4
       0
       7
       8
       4
       3
       5
       5
       4
       5
       6
       5
       6
       8
       2
       6
       2
       5
       3
       1
       2
       2
       5
       2
       4
       5
       6
       5
       5
       3
       7
       3
       2
       5
       4
       4
       1
       4
       3
       4
       4
       3
       3
       3
       5
       3
       5
       3
       7
       3
       4
       2
       6
       4
       5
       2
       3
       7
       6
       4
       4
       8
       3
       3
       4
       2
       2
       8
       3
       3
       4
       5
       3
      12
       8
       5
       3
       6
       1
       6
       4
       6
       7
       9
       8
       4
       2
       2
       7
      11
       6
       3
       7
       9
       3
       5
       3
       9
       4
      10
      11
       7
      10
       7
      13
      11
      10
      11
      13
       8
      11
       8
      12
      10
      11
      10
      13
      13
       7
      10
      10
       7
      17
      10
      18
      10
      15
      21
      11
       9
      18
      13
       9
      17
      14
      12
      24
      21
      17
      14
      15
      12
       9
      13
      19
      14
      16
      12
      23
      17
      19
      14
       9
      28
      18
      16
      17
      11
      19
      14
      14
      18
      18
      12
      14
      20
       7
      10
      11
       8
      17
       4
       9
      11
      11
      13
       9
      12
       6
      19
       8
       8
       7
       7
       9
       9
      10
       7
       1
       6
       7
       7
       9
       6
       4
       6
       5
       6
       6
       4
       7
       3
       2
       2
       2
       2
       2
       2
       2
       2
       4
       3
       3
       5
       5
       1
       3
       0
       4
       2
       3
       1
       3
       4
       2
       3
       0
       3
       1
       1
       2
       1
       1
       1
       1
       0
       1
       3
       0
       0
       3
       1
       2
       3
       1
$ROI:
1
356 503
$PRESETS:
Live Time
300
0
$ENER_FIT:
3.366946 1.602176
$MCA_CAL:
3
3.366946E+000 1.602176E+000 -1.165550E-005 keV
$SHAPE_CAL:
3
4.916061E+001 0.000000E+000 0.000000E+000
