$SPEC_ID:
No sample description was entered.
$SPEC_REM:
DET# 2
DETDESC# BGO detector for MSc Detector lab
AP# Maestro Version 7.01
$DATE_MEA:
11/12/2018 18:13:42
$MEAS_TIM:
300 302
$DATA:
0 1023
       0
       0
       0
       0
       0
    1260
    9072
   11900
   11913
   11339
   10078
    8583
    7012
    5789
    4737
    3941
    3525
    3342
    3582
    3757
    4639
    5488
    6724
    8143
    9953
   11624
   13651
   15803
   17276
   19270
   20790
   21774
   22720
   22546
   22217
   21572
   20233
   18728
   16844
   15079
   12961
   11211
    9070
    7445
    6007
    4765
    3795
    2828
    2238
    1769
    1277
    1035
     802
     652
     492
     434
     374
     374
     353
     318
     292
     285
     268
     228
     237
     225
     230
     240
     261
     214
     228
     238
     224
     236
     210
     193
     205
     189
     183
     189
     172
     195
     229
     194
     190
     162
     180
     176
     173
     148
     169
     172
     151
     149
     147
     160
     195
     164
     169
     152
     156
     141
     153
     147
     135
     142
     127
     126
     129
     131
     115
     151
     137
     148
     101
     127
     117
     117
      99
     118
     126
     127
     122
     112
     112
     121
     104
     115
     124
     105
     113
     108
     117
     111
      95
     108
     111
     105
      91
     111
      93
     102
      97
      94
      98
      91
      91
      87
      95
      85
      93
      83
      92
      75
      95
      82
      69
      89
      59
      84
      71
      73
      82
      73
      61
      77
      76
      67
      64
      89
      84
      62
      76
      63
      68
      62
      78
      58
      74
      54
      57
      58
      49
      60
      63
      66
      71
      50
      52
      60
      56
      54
      59
      51
      56
      48
      53
      52
      51
      54
      48
      61
      51
      51
      48
      55
      57
      56
      31
      54
      33
      58
      46
      34
      57
      52
      50
      54
      48
      28
      46
      38
      47
      45
      46
      46
      55
      50
      36
      42
      42
      42
      31
      42
      33
      34
      34
      28
      33
      38
      26
      31
      41
      40
      28
      29
      34
      36
      26
      25
      39
      27
      32
      27
      34
      25
      38
      31
      26
      26
      29
      26
      28
      29
      27
      40
      35
      26
      33
      25
      32
      22
      36
      34
      21
      29
      24
      28
      23
      21
      23
      19
      28
      39
      30
      25
      30
      29
      17
      22
      22
      35
      26
      26
      21
      30
      27
      24
      17
      18
      27
      24
      29
      27
      24
      17
      27
      30
      21
      25
      22
      29
      23
      19
      21
      25
      26
      19
      28
      33
      21
      20
      26
      16
      21
      23
      29
      19
      17
      23
      18
      19
      26
      17
      20
      15
      24
      19
      25
      20
      26
      18
      23
      12
      20
      16
      22
      24
      20
      15
      17
      28
      22
      14
      17
      26
      18
      21
      31
      21
      26
      21
      24
      26
      15
      17
      30
      30
      20
      19
      20
      23
      15
      24
      20
      23
      19
      26
      18
      25
      18
      21
      17
      20
      15
      22
      17
      29
      15
      21
      21
      22
      22
      19
      16
      18
      21
      17
      18
      21
      18
      22
      16
      20
      14
      22
      14
      14
      16
      18
       8
      19
      11
       9
      13
      16
      10
      12
       7
      10
      14
       9
      15
      17
      13
      13
       9
      16
      11
      20
       9
      16
      13
       9
      18
      11
       9
      20
      11
      15
       9
      20
      10
      11
       9
       8
      10
       8
      14
       9
      13
      11
      12
      14
       5
      13
       5
      12
      12
       9
       6
       7
      11
       9
       8
      15
       9
      15
      11
       9
       8
      15
      10
      14
       8
      21
      15
      11
      12
       5
      16
      10
       9
      10
       5
       4
       9
      11
      14
       7
      11
       9
      13
       6
      11
      11
      13
       6
       4
      15
       4
      11
      15
      17
       4
      10
       9
      13
      12
      12
       6
       9
       8
       9
       8
       5
      11
       9
       8
       8
      14
       9
      12
       7
       7
       8
       6
      10
      10
       9
       9
       8
       4
      12
       7
       9
       8
       9
       7
       9
       5
       5
       5
      10
       6
       8
      11
      10
       9
      10
       7
      12
       7
       6
       7
      12
       6
      14
      15
      16
       8
       5
       9
       7
      12
      10
      10
      12
       5
       7
       9
       6
       7
      10
      14
      13
      10
       8
       8
       7
       7
       9
      10
       8
      10
       7
       4
      10
       9
       8
       8
      13
       7
       7
      13
       6
       9
      12
       9
      10
      13
       7
       6
       9
       8
       5
       8
       8
       9
      12
       5
       5
       9
       5
       9
      13
      11
       8
       9
       8
       9
       6
       4
       9
       6
       7
       7
       6
       8
      10
       4
      13
       7
      10
       6
       1
       5
       6
       7
       6
       6
      15
       7
       8
       9
       9
       9
       1
       1
       4
       2
       5
       5
       4
       2
       6
       5
       3
       4
       8
       9
       5
       3
       3
       7
       6
       6
       4
       6
       5
       6
       8
       6
       6
       5
       3
       5
       7
       6
       4
       3
       3
       6
       8
       6
       9
       6
       7
       7
       1
       9
      12
       7
       8
       6
       9
       9
       8
       8
       5
       6
       4
       8
       5
       2
       9
       5
       9
       8
       4
       5
       7
       7
       7
       8
       7
       6
       2
       6
       7
       6
       5
      11
       5
      12
       9
       7
       9
       6
       5
       4
       7
       5
      13
       8
       4
       4
       6
       9
       7
       2
       8
       7
       3
       4
       2
       4
       6
       8
       5
       7
       2
       2
       8
       1
       5
       6
       4
       6
       6
       4
       4
       7
       7
       3
       2
       5
       5
       9
       4
       3
       6
       3
       6
       4
       1
       8
       8
       7
       5
       7
       2
       6
       3
       3
       4
       4
       4
       4
       6
       4
       4
       5
       3
       7
       4
       4
       4
       7
       4
       4
       5
       6
       5
       3
       4
       7
       7
       6
       7
       5
       7
       4
       5
       5
       5
       2
       4
       5
       4
       5
       3
       3
       1
       6
       4
       4
       8
       7
       7
       8
       3
       4
       4
       3
       3
       1
       2
       2
       5
       5
       1
       5
       6
       5
       1
       6
       7
       5
       5
      10
       5
       4
       3
       7
       4
       6
       3
       8
       7
       4
       6
       9
       6
      11
       6
       9
       5
       9
       7
       4
       3
       9
      12
       5
       3
      12
      11
       6
       8
       7
      11
      13
      12
      10
       7
       9
       9
       7
       4
       9
       7
       9
      17
      15
      16
       7
      13
      17
      10
      10
      16
      15
      18
      13
      15
      12
      17
       8
      18
      20
      14
      13
      13
      14
      11
      10
      14
      10
      16
      15
       8
      14
      13
      18
      12
      16
      18
      21
      17
      13
       9
      16
      15
      13
      19
      13
      14
      20
       8
      15
      12
      11
      16
      12
      16
      12
       8
      12
       8
      10
      10
       7
       9
       7
       7
       9
      12
       4
       6
       5
       5
       8
       6
       7
       9
       5
       6
      11
       7
       5
       3
       9
       9
       3
       8
       7
      11
       2
       3
       2
       8
       4
       6
       2
      11
       3
       3
       1
       1
       1
       3
       0
       0
       0
       1
       3
       3
       4
       7
       1
       5
       0
       3
       0
       2
       2
       1
       3
       1
       1
       1
       2
       1
       1
       3
       1
       1
       3
       0
       1
       0
       2
       2
$ROI:
1
356 503
$PRESETS:
Live Time
300
0
$ENER_FIT:
3.366946 1.602176
$MCA_CAL:
3
3.366946E+000 1.602176E+000 -1.165550E-005 keV
$SHAPE_CAL:
3
4.916061E+001 0.000000E+000 0.000000E+000
