$SPEC_ID:
No sample description was entered.
$SPEC_REM:
DET# 2
DETDESC# BGO detector for MSc Detector lab
AP# Maestro Version 7.01
$DATE_MEA:
11/12/2018 17:09:49
$MEAS_TIM:
300 302
$DATA:
0 1023
       0
       0
       0
       0
       0
    1195
    8741
   11211
   11548
   10929
    9846
    8831
    7513
    6380
    5323
    4640
    4310
    4160
    4725
    5312
    6470
    7962
    9906
   12251
   15119
   17897
   21052
   24071
   27007
   29458
   31404
   33223
   34319
   34044
   33624
   32171
   29983
   27933
   24788
   21466
   18742
   15957
   12891
   10651
    8333
    6674
    5150
    3883
    2964
    2160
    1651
    1242
    1013
     804
     601
     503
     460
     356
     368
     323
     312
     319
     294
     283
     279
     284
     256
     251
     234
     228
     224
     228
     217
     204
     236
     196
     203
     200
     190
     217
     184
     174
     183
     189
     173
     173
     172
     174
     152
     161
     165
     174
     148
     153
     155
     160
     174
     150
     151
     144
     154
     126
     139
     132
     155
     138
     155
     137
     118
     117
     132
     140
     130
     153
     117
     119
     111
     107
     117
     121
     132
     117
     120
     103
     114
     109
     103
     113
     125
     111
     111
     107
     102
     113
     110
     111
      97
     110
      80
     113
      88
     103
      95
     109
      76
      91
      86
     105
      89
     102
      92
      85
      61
      98
      95
      89
      70
      75
      82
      83
      61
      82
      78
      70
      73
      59
      81
      63
      74
      54
      75
      54
      57
      71
      78
      62
      54
      68
      69
      62
      56
      63
      55
      85
      63
      62
      75
      55
      66
      49
      61
      57
      49
      60
      49
      55
      52
      52
      53
      69
      51
      59
      60
      50
      40
      50
      57
      72
      60
      44
      50
      54
      50
      50
      59
      48
      32
      57
      55
      43
      39
      40
      40
      42
      42
      38
      39
      33
      52
      37
      45
      35
      32
      20
      38
      37
      42
      31
      45
      33
      26
      42
      34
      34
      36
      28
      30
      27
      40
      37
      38
      27
      31
      25
      23
      23
      25
      37
      27
      20
      34
      21
      32
      24
      33
      35
      14
      26
      22
      19
      18
      25
      29
      20
      27
      24
      32
      32
      29
      35
      30
      22
      29
      29
      21
      26
      25
      35
      22
      29
      26
      16
      31
      26
      22
      27
      17
      19
      22
      25
      26
      21
      23
      24
      26
      29
      24
      31
      20
      18
      18
      28
      27
      20
      20
      20
      24
      25
      14
      24
      29
      26
      26
      21
      24
      21
      22
      18
      28
      24
      26
      15
      20
      21
      26
      24
      17
      20
      21
      24
      23
      18
      24
      23
      21
      21
      19
      22
      17
      24
      20
      29
      25
      25
      23
      22
      22
      26
      24
      21
      29
      33
      23
      22
      17
      21
      31
      21
      24
      21
      19
      29
      23
      36
      23
      22
      23
      17
      12
      26
      25
      20
      16
      18
      19
      19
      20
      17
      18
      14
      15
      18
      20
      25
      20
      20
      13
      12
      15
      12
       9
      15
      19
      11
      17
      21
      15
      16
      18
      18
      16
      15
       9
      20
      12
      12
      13
      17
      10
      12
      11
      12
      11
       5
      14
      17
      19
       9
       4
      16
      11
       7
      18
      11
       9
      13
      10
      10
      11
      17
       6
      14
       9
      16
      14
      13
       9
      11
       8
      13
      12
       7
       5
      13
      17
      12
       9
      11
      15
      14
      15
       9
       5
       5
      12
      11
       7
       7
      10
      14
       9
       9
      11
      10
      17
      11
      12
       7
      15
      10
      10
      11
      10
      14
       5
       9
       4
      10
      14
      16
      11
      11
      13
      10
      16
      11
      11
      10
       9
      12
      11
      10
       8
       7
       6
      10
      13
      12
      13
       6
       9
       5
       9
      14
       7
      17
       6
      11
       8
      11
       7
      13
       9
      11
       7
       7
       9
       6
      12
       8
       6
      11
      12
       5
      12
      10
       4
       4
      12
       9
       8
       7
      13
       8
       5
      11
       9
       9
      15
       7
       7
       6
      10
      11
      11
       8
       3
       7
       6
       8
       8
      16
      11
      11
       6
       7
       4
      15
       9
      11
       8
       8
       5
      12
       6
       5
      11
       9
       9
      15
       7
       9
       7
       3
       8
      16
      10
       6
       9
      11
       8
       7
       4
       5
      10
      11
       9
       7
      10
      15
       3
      11
      10
       9
      13
       8
       8
       7
       6
      10
      11
      13
       8
      15
       7
      10
       8
       9
       7
      10
       2
      12
       9
      10
       7
       7
       6
       6
      12
       7
       9
       8
       5
       5
       8
       7
       6
       7
       9
       6
      10
       6
      12
       6
       8
       6
       4
       9
       5
      10
      10
       6
       7
       8
       6
       3
       7
       9
       2
       5
      10
       1
       3
       7
       9
       9
       6
       7
       5
       5
       5
       4
       7
       6
       5
       5
       6
       9
       8
       5
       4
       5
       4
       8
      10
      10
       6
       6
       6
       3
       9
       7
      10
       6
       7
       5
       8
      10
       6
       4
      10
       4
       7
       9
       4
       6
       5
       4
       5
       5
       9
       2
       3
       6
       8
       3
       6
       5
       9
       2
       4
       4
       6
       6
       9
       8
       7
       3
       5
       6
       9
       7
       7
       6
       1
       5
       4
       8
       4
       8
      11
       7
       6
       3
       7
       5
       9
       6
       2
       7
      12
       3
       3
       8
       8
       3
       6
       9
       3
       4
       5
       5
       0
       2
       4
       4
      11
       3
       5
       5
       3
       3
       4
       2
       3
       8
       3
       3
       3
       6
       3
       5
       4
       3
       5
       9
       2
       3
       6
       8
       6
       4
       4
       4
       4
       4
       3
       8
       2
       3
       4
       6
       5
       4
       1
       5
       5
       6
       3
       2
       4
       3
       3
       9
       6
       4
       3
       0
       7
       3
       2
       5
       7
       2
       3
       0
       7
       3
       2
       2
       5
       5
       5
       3
       2
       3
       5
       2
       0
       5
       4
       1
       2
      11
       3
       5
       6
       2
       4
       5
       9
       3
       1
       6
       7
       4
       6
       9
       7
       6
       5
       5
       9
       6
       5
       7
       6
       6
       7
       9
       5
       9
       9
       5
       4
       6
       7
       8
       8
       7
      11
       9
      13
      11
       9
       9
      10
      11
       8
      16
       7
       7
      15
      10
       3
       9
      11
       8
       6
      13
      10
       9
      21
      12
      11
      18
      12
       9
       8
      13
      18
      13
      18
      11
      16
      20
      11
      21
      14
      18
      19
      11
      14
      12
      10
      19
      21
      10
       8
      13
      16
      20
      11
      17
      15
      15
      13
      21
      12
      13
      15
      13
      13
      12
      14
       9
      10
      10
       6
      15
       9
       4
      12
       7
      10
      12
      10
       9
       9
       8
       5
       6
       7
      10
       7
       5
       5
      10
       6
       7
       5
       9
       5
       5
       8
       1
       4
       4
       4
       3
       4
       3
       7
       4
       5
       5
       7
       4
       2
       6
       4
       2
       3
       2
       5
       6
       1
       3
       1
       1
       2
       3
       2
       3
       4
       3
       0
       2
       2
       0
       1
       1
       5
       0
       4
       4
       1
       2
       5
       1
       1
       2
       1
       1
$ROI:
1
356 503
$PRESETS:
Live Time
300
0
$ENER_FIT:
3.366946 1.602176
$MCA_CAL:
3
3.366946E+000 1.602176E+000 -1.165550E-005 keV
$SHAPE_CAL:
3
4.916061E+001 0.000000E+000 0.000000E+000
