$SPEC_ID:
No sample description was entered.
$SPEC_REM:
DET# 2
DETDESC# BGO detector for MSc Detector lab
AP# Maestro Version 7.01
$DATE_MEA:
11/12/2018 19:02:12
$MEAS_TIM:
300 302
$DATA:
0 1023
       0
       0
       0
       0
       0
     884
    6295
    8020
    8327
    7918
    7182
    6443
    5664
    4748
    4008
    3549
    3309
    3305
    3589
    4281
    5140
    6127
    7778
    9705
   11679
   13688
   16279
   18563
   20255
   22582
   23984
   25495
   25381
   25721
   25150
   23618
   22228
   20133
   17926
   15799
   13473
   11345
    9236
    7661
    6197
    4866
    3705
    2803
    2145
    1661
    1319
     958
     794
     612
     485
     425
     398
     379
     338
     295
     293
     276
     290
     275
     230
     256
     221
     257
     238
     222
     217
     198
     202
     221
     211
     187
     199
     200
     218
     181
     186
     191
     191
     177
     198
     158
     186
     180
     168
     165
     174
     166
     150
     158
     153
     136
     159
     151
     173
     138
     139
     153
     145
     133
     139
     140
     152
     145
     121
     122
     138
     138
     118
     123
     136
     129
     118
     113
     101
     119
     102
     124
     110
     116
     110
     117
     108
     119
     119
     112
     119
     116
      96
     119
      98
      95
      98
     115
      98
      96
     108
      84
     101
      89
     103
      78
      82
      94
      84
      96
      94
     106
      95
      86
      93
      86
      75
      94
      72
      68
      76
      77
      81
      65
      75
      78
      79
      67
      79
      73
      62
      60
      77
      61
      82
      63
      62
      62
      66
      69
      74
      70
      61
      49
      65
      57
      50
      61
      64
      63
      48
      60
      51
      54
      57
      46
      57
      46
      43
      49
      57
      55
      49
      57
      49
      56
      50
      59
      39
      48
      47
      58
      48
      44
      45
      47
      44
      52
      50
      42
      42
      41
      47
      52
      43
      53
      41
      44
      42
      30
      34
      42
      34
      47
      43
      37
      27
      39
      35
      33
      43
      27
      29
      39
      29
      26
      34
      38
      29
      30
      28
      40
      33
      28
      34
      28
      29
      35
      31
      36
      18
      30
      26
      33
      33
      24
      37
      29
      30
      28
      32
      23
      31
      25
      28
      35
      27
      18
      29
      23
      29
      22
      22
      23
      29
      30
      27
      29
      19
      24
      27
      14
      22
      33
      23
      18
      27
      22
      21
      28
      20
      28
      33
      14
      29
      27
      19
      24
      24
      23
      26
      20
      30
      26
      17
      23
      22
      16
      19
      15
      29
      19
      22
      20
      30
      23
      20
      32
      13
      12
      20
      28
      19
      16
      25
      25
      27
      22
      23
      24
      22
      23
      20
      23
      19
      20
      15
      14
      25
      14
      21
      22
      21
      22
      26
      25
      22
      30
      28
      28
      25
      30
      21
      28
      31
      28
      34
      28
      21
      23
      23
      21
      14
      23
      28
      23
      25
      20
      28
      14
      21
      18
      17
      15
      20
      21
      18
      17
      25
      18
      24
      21
      26
      17
      13
      19
      17
      17
      21
      15
      30
      17
      13
      19
      21
       7
      16
      14
      21
      19
      18
      14
      12
      12
      12
      16
      15
      15
      16
      15
      11
      15
      13
       9
      13
      19
      13
       6
       9
      14
      12
      15
      12
      14
      12
      12
      11
      15
      11
      10
       8
       8
      11
      16
      14
       8
       9
       4
       7
      17
      15
       7
      15
      10
      11
      16
       8
       6
       8
       9
      10
      12
      11
       5
      10
      14
       9
       7
      11
       8
      18
       7
      14
      13
       9
       9
       8
      14
      17
      14
       9
       9
      10
       5
      11
       5
      14
       6
      14
       9
      19
      10
       9
      13
       8
       8
      10
      11
      13
       8
       7
      12
       2
       8
       8
       9
       9
      10
      13
       9
      16
      10
      11
       6
      11
      13
       7
       9
      15
      12
      10
      10
      11
       8
      11
      11
      12
      10
       7
       8
      12
      12
       8
       8
       7
      13
       8
       7
      10
      12
       8
       7
       4
       4
      12
      10
       7
      12
       9
       7
       9
       9
       9
      14
       6
       6
      10
      13
      11
       7
       7
      11
       9
      12
       8
      10
       9
       8
       6
      13
       8
       8
       8
       8
       8
      10
      10
       6
      14
       8
       9
       4
      10
       9
       9
       9
       9
       3
       8
       8
      11
       6
       9
      10
       7
       7
      10
       9
      12
      14
      13
      12
       6
       5
       8
       8
       4
       5
       8
       7
       6
      11
       8
       6
      11
      10
       9
       8
       5
       7
      15
       2
       3
       5
      10
       6
       7
      12
       8
       5
       3
       7
       5
       4
       8
      12
       6
       8
       4
       2
       4
       7
       9
       9
       4
       5
      10
       8
       7
       5
       1
       7
       4
       5
      10
      11
       4
      10
       7
       7
       5
       6
       1
       2
       7
       8
       0
       8
       6
       6
       5
       7
       7
       5
      10
       3
       5
       4
       4
       5
       7
       6
       4
       7
       6
       7
       9
       2
       8
       9
       5
      10
       8
       5
       7
       7
       4
       7
       6
       9
       4
      12
      10
       4
       8
      13
       6
       9
       1
       7
       5
       5
       6
       7
       7
       6
       6
       6
       4
       9
       7
       5
       4
      10
       9
       6
       5
       4
       7
       7
       7
      10
       4
      10
       7
       6
      10
       9
       5
       7
       5
       9
       8
       6
       5
       3
       1
       5
       8
       6
       5
       2
       7
       3
       5
       9
       7
       9
       5
       7
       7
       6
       4
       6
       3
       6
       7
       6
       7
       2
       6
       5
       3
       1
       3
       2
       2
       4
      11
       5
       3
       6
       3
       3
       9
       2
       7
       7
       7
       2
       4
       3
       5
       8
       8
       6
       1
       1
       3
       2
       4
       3
       3
       3
       5
       4
       5
       3
       8
       4
       2
       1
       2
       4
       5
       4
       3
       4
       2
       8
       4
       1
      10
       3
       7
       2
       2
       5
       2
       5
       2
       5
       1
       5
       7
       6
       5
       2
       5
       2
       2
       1
       5
       8
       4
       3
       4
       5
       4
       3
       4
       5
       7
       5
       5
       8
       8
       4
       3
       2
       4
       6
       8
       4
       2
       8
       4
       6
      10
       9
       5
       5
       8
       8
       8
       3
      10
       8
      10
      11
      11
       9
       6
      12
      14
       4
      12
      13
      14
      10
      12
      10
      11
      13
      14
      16
      10
       9
      11
      15
      16
       7
       9
      13
      14
      16
      16
      15
      12
      16
      16
      15
      15
      14
      14
      20
      19
      17
      21
      11
      14
      19
      21
      15
      18
      17
      16
      17
      13
      16
       9
      18
       6
      24
      11
      12
      16
      12
      14
       7
      14
      11
      12
      13
      11
      13
      12
      10
      18
      12
      17
      12
      17
       9
      10
      11
      12
       5
      11
       4
       7
       8
       6
       8
      10
      10
       7
       3
       5
       4
       6
       5
       8
       4
       5
       3
       7
       7
      10
       1
       2
       1
       3
       2
       3
       6
       2
       2
       3
       7
       3
       3
       3
       2
       5
       3
       1
       0
       6
       1
       2
       1
       3
       5
       2
       2
       1
       0
       2
       3
       3
       0
       1
       2
       1
       1
       0
       1
       3
       0
       1
       0
       2
       1
$ROI:
1
356 503
$PRESETS:
Live Time
300
0
$ENER_FIT:
3.366946 1.602176
$MCA_CAL:
3
3.366946E+000 1.602176E+000 -1.165550E-005 keV
$SHAPE_CAL:
3
4.916061E+001 0.000000E+000 0.000000E+000
