$SPEC_ID:
No sample description was entered.
$SPEC_REM:
DET# 2
DETDESC# BGO detector for MSc Detector lab
AP# Maestro Version 7.01
$DATE_MEA:
11/12/2018 16:40:43
$MEAS_TIM:
300 302
$DATA:
0 1023
       0
       0
       0
       0
       0
     997
    6959
    8849
    9130
    8733
    7900
    6858
    6092
    4976
    4331
    3854
    3607
    3756
    3983
    4847
    6060
    7363
    9382
   11805
   14498
   17172
   20080
   23011
   25831
   28716
   30336
   31844
   32345
   32666
   31812
   30003
   28105
   25641
   22907
   20198
   17102
   14548
   11713
    9433
    7444
    5962
    4507
    3482
    2797
    2010
    1538
    1174
     887
     719
     577
     502
     419
     398
     396
     330
     314
     280
     340
     258
     290
     267
     246
     249
     218
     226
     253
     230
     219
     224
     188
     211
     192
     208
     189
     185
     185
     190
     178
     203
     200
     196
     188
     205
     171
     196
     166
     183
     147
     123
     168
     144
     180
     152
     168
     149
     144
     148
     152
     159
     176
     158
     164
     118
     149
     141
     126
     123
     131
     128
     141
     128
     105
      95
     126
     125
     110
     115
     118
     134
     106
     101
     116
     122
      98
     110
     106
      83
     107
     112
     112
      96
     109
      97
      97
     108
      84
      94
      98
     100
      96
      96
     112
     105
     102
      88
      83
     110
      84
      82
     103
      74
      86
      76
      92
      89
      78
      72
      74
      76
      85
      70
      80
      70
      75
      73
      56
      68
      81
      68
      76
      81
      73
      64
      56
      55
      64
      66
      60
      58
      79
      52
      32
      65
      67
      65
      48
      64
      59
      55
      68
      47
      74
      55
      65
      51
      62
      67
      55
      66
      49
      51
      50
      59
      59
      60
      49
      40
      53
      54
      34
      44
      46
      41
      44
      47
      46
      51
      46
      59
      46
      41
      40
      50
      41
      44
      39
      44
      49
      31
      37
      33
      33
      42
      40
      27
      43
      34
      30
      19
      40
      26
      30
      40
      30
      33
      26
      24
      33
      48
      32
      35
      24
      36
      33
      34
      36
      33
      29
      25
      25
      32
      34
      31
      15
      25
      24
      24
      29
      25
      31
      28
      25
      27
      36
      27
      26
      27
      23
      24
      34
      24
      33
      30
      26
      32
      28
      21
      24
      27
      25
      30
      18
      23
      17
      25
      28
      29
      33
      29
      16
      24
      28
      30
      21
      31
      29
      23
      26
      26
      13
      31
      21
      22
      21
      21
      21
      26
      23
      20
      21
      20
      23
      23
      20
      23
      22
      18
      24
      28
      19
      24
      19
      25
      23
      25
      32
      20
      22
      24
      18
      13
      30
      20
      22
      20
      15
      15
      19
      25
      20
      22
      27
      24
      26
      19
      25
      26
      26
      26
      21
      31
      27
      13
      17
      17
      23
      18
      30
      22
      17
      33
      23
      21
      24
      17
      24
      19
      13
      25
      27
      15
      16
      22
      24
      24
      24
      18
      15
      18
      25
      17
      17
      24
      17
      14
      18
      13
      18
      10
      15
      12
      18
      12
       9
      14
      21
      20
      10
       8
      13
      12
      17
      10
      15
      11
      12
      16
      13
      17
      12
      23
      13
      11
      16
      11
      11
      12
      10
      12
      14
      10
      10
      14
      10
       8
      11
      10
      10
       6
      14
       7
       5
      10
      16
      13
      14
      11
      14
      12
      12
      10
       5
      10
       4
      15
      11
      12
      14
      13
      11
      12
       9
      11
       8
       7
       7
       8
      13
       9
       7
       7
       8
      12
       8
      14
      13
      13
       7
      12
      10
      16
      11
      10
      13
      13
       7
       8
      15
      12
       9
       7
      14
       8
      13
       8
       7
       5
       9
      10
      12
       7
       6
      15
      12
      10
       6
      15
       7
       9
       7
       9
       9
       9
      11
      14
       7
      10
       9
      10
      11
       6
      10
       2
       8
      10
       8
       4
       9
       9
       5
       9
      11
       7
       7
       7
       8
      15
      11
      13
      11
       8
      10
       7
       5
       3
       7
      11
       9
       6
       5
      12
       8
       6
      10
       7
       7
       3
       9
       9
      11
       6
      12
       9
       7
      13
      15
      11
       7
       9
      10
      11
       4
      11
      12
       7
       7
       9
      10
       9
       6
       7
      10
       8
       6
       8
       2
       8
       6
      11
       9
      12
       5
       7
       5
       9
      13
      10
       7
      10
       3
       3
       4
       9
       8
      13
      12
      10
      11
       8
       6
       9
       4
       5
      15
      10
       6
       5
       6
      12
       9
       9
       7
       3
       5
       6
      10
       9
       1
       8
       6
       6
       4
       4
       5
       8
       2
       9
      13
      11
       6
      10
       6
       5
       9
       6
       3
       4
       8
       7
       5
       6
       7
       6
       4
       6
       5
       4
       5
       6
       9
       7
       7
       5
       6
       3
       5
      11
       4
       9
       4
       4
       7
       5
       3
       3
       6
       5
      12
       7
       4
       7
       7
       7
      10
      10
       7
       6
       8
       6
       5
       4
       6
       6
      15
       6
       2
       3
       4
       5
       9
       8
       7
       7
       4
       2
       7
       4
       6
       9
       5
       5
       6
       5
       4
       5
      11
       9
       6
       6
       4
       1
       5
       4
       6
       1
       1
       3
       5
       6
      15
       6
       6
       8
       9
       4
       8
       4
       5
       4
       8
       8
       3
       6
       5
       8
       8
       5
       4
       3
       9
       7
       7
       7
       3
       0
       9
       6
       6
       2
       2
       2
       4
       8
       4
       3
       3
       8
       4
       4
       8
       6
       5
       3
       7
       3
       4
       3
       2
       6
       5
       2
       6
       5
       6
       2
       3
       2
       3
       5
       2
       4
       3
       7
       4
       5
       2
       3
       4
       5
       4
       4
       4
       6
       6
       8
       3
       3
       7
       0
       1
       5
       4
       1
       2
       5
       2
       6
       3
       7
       5
       4
       2
       3
       1
       2
       6
       1
       5
       3
       3
       7
       2
       3
       4
       3
       6
       2
       3
       1
       6
       4
       4
       4
       7
       5
       5
       7
       1
       3
       2
       7
       5
       9
       3
       5
       3
       3
       8
       3
       2
       7
       5
       8
       5
       5
       4
       5
       6
       9
       9
       4
       7
       7
       7
       7
      12
       5
       9
      14
       7
       6
       8
       9
      13
      12
      13
       7
      12
      13
       9
      12
      14
       6
      14
      16
      16
      16
      16
      13
       9
       8
      14
       4
       8
       7
      11
      17
      10
      12
      19
      14
      13
      18
      15
      11
      12
      18
      15
       9
      12
      13
      12
      13
      15
      23
      17
      11
      16
      11
      13
      14
      15
      11
      12
      12
      10
       8
      15
      19
      15
      16
      18
      14
      16
      12
       7
       3
      10
      14
       5
       8
      15
       7
       6
      10
       5
       9
       9
       8
       3
       5
      10
       6
       6
       9
       1
       6
       9
       1
       8
       9
      11
       5
       5
       5
       5
       2
       1
       9
       9
       6
       5
       3
       1
       4
       6
       3
       5
       3
       3
       5
       0
       2
       1
       3
       2
       3
       0
       2
       3
       1
       2
       3
       0
       2
       0
       0
       3
       1
       3
       0
       0
       1
       0
       0
       0
       1
       0
       2
$ROI:
1
356 503
$PRESETS:
Live Time
300
0
$ENER_FIT:
3.366946 1.602176
$MCA_CAL:
3
3.366946E+000 1.602176E+000 -1.165550E-005 keV
$SHAPE_CAL:
3
4.916061E+001 0.000000E+000 0.000000E+000
